677.4580,121.7910,0.2710,694106154251300,-0.1740,0.5250
677.3660,121.5320,0.4060,694106154268600,-0.1740,0.5420
677.2440,121.2470,0.4740,694106170473100,-0.1740,0.5420
677.2140,121.0910,0.5070,694106170557100,-0.1740,0.5420
677.0920,120.9350,0.5230,694106170559000,-0.1920,0.5420
677.0310,121.8430,0.5760,694106202996100,-0.2090,0.5430
677.2140,122.5440,0.5880,694106219561300,-0.2090,0.5430
677.3050,123.4000,0.6000,694106219660400,-0.2090,0.5430
677.5800,124.6710,0.6130,694106236095800,-0.2090,0.5430
677.9460,126.1500,0.6260,694106236137900,-0.2090,0.5430
678.2810,127.7070,0.6390,694106236139200,-0.2090,0.5430
678.5860,129.4190,0.6530,694106236139900,-0.2090,0.5430
678.9520,131.2100,0.6670,694106252479200,-0.2090,0.5430
679.2870,133.1820,0.6810,694106252555700,-0.2090,0.5430
679.8670,136.9700,0.6960,694106252557200,-0.2090,0.5430
680.3540,140.6540,0.7110,694106269168100,-0.2090,0.5430
680.6590,143.3270,0.7250,694106269200600,-0.2090,0.5430
680.7810,145.6100,0.7400,694106269202100,-0.2090,0.5430
680.9340,147.6340,0.7530,694106269203000,-0.2090,0.5430
680.9340,149.8650,0.7670,694106285630700,-0.2090,0.5430
680.8420,153.9640,0.7790,694106285697000,-0.2090,0.5430
680.3540,157.7520,0.7910,694106302493000,-0.2090,0.5430
679.5920,161.2810,0.8010,694106302566800,-0.2090,0.5430
678.5250,164.5760,0.8110,694106302568300,-0.2090,0.5430
677.3660,167.7160,0.8200,694106302568900,-0.2090,0.5430
675.8110,170.6480,0.8290,694106302569500,-0.2090,0.5430
673.2500,174.3320,0.8360,694106318631300,-0.2090,0.5430
671.2990,176.6150,0.8430,694106318764900,-0.2090,0.5430
668.9510,178.7950,0.8500,694106318766700,-0.2090,0.5430
665.2610,181.5190,0.8560,694106318767400,-0.2090,0.5430
662.4870,183.2830,0.8620,694106334901200,-0.2090,0.5430
658.4310,185.4630,0.8670,694106334983100,-0.2090,0.5430
655.2910,186.8380,0.8720,694106350847100,-0.2090,0.5430
651.9980,188.1870,0.8770,694106350943400,-0.2090,0.5430
647.2410,189.7700,0.8820,694106350945300,-0.2090,0.5430
643.9480,190.7300,0.8850,694106350945900,-0.2090,0.5430
640.6550,191.6380,0.8850,694106350946500,-0.2090,0.5430
638.1550,192.2350,0.8770,694106367691800,-0.2090,0.5430
636.0510,192.7530,0.8610,694106367748900,-0.2090,0.5430
634.1910,193.1950,0.8340,694106383751300,-0.2090,0.5430
632.2700,193.5580,0.8140,694106383830400,-0.2100,0.5250
630.5320,193.7140,0.7760,694106383832000,-0.2090,0.5060
628.7630,193.8690,0.6470,694106383833000,-0.2090,0.5060
627.0560,193.9730,0.5390,694106400441600,-0.2090,0.4890
625.5010,193.7650,0.4490,694106400471300,-0.2090,0.4890
645.2900,138.3190,0.1970,694106697792100,-0.0870,0.5060
645.5950,138.0340,0.2980,694106714358900,-0.0870,0.5060
645.8690,137.7740,0.3510,694106714445600,-0.0870,0.5060
646.1430,137.5660,0.3780,694106730548100,-0.0870,0.5060
646.4180,137.3070,0.3930,694106730645400,-0.1050,0.5070
646.6620,137.0220,0.4020,694106730647000,-0.1050,0.5070
646.8750,136.8140,0.4100,694106730647600,-0.1050,0.5070
647.0890,136.5550,0.4180,694106747620400,-0.1050,0.5070
647.2410,136.2170,0.4280,694106747656400,-0.1050,0.5070
647.3630,135.9580,0.4390,694106747658000,-0.1050,0.5070
647.4550,135.6460,0.4500,694106747665200,-0.1210,0.5070
647.5160,135.4390,0.4630,694106747666400,-0.1210,0.5070
647.5160,135.1540,0.4750,694106763736800,-0.1210,0.5070
647.5160,134.8940,0.4870,694106763833400,-0.1210,0.5070
647.3630,134.6860,0.4990,694106780464600,-0.1210,0.5070
647.0890,134.4270,0.5120,694106780564000,-0.1210,0.5070
646.7230,134.2450,0.5240,694106780565600,-0.1210,0.5070
646.2350,134.1420,0.5380,694106780566900,-0.1400,0.5070
645.5030,134.1420,0.5520,694106797378700,-0.1570,0.5070
644.0700,134.3750,0.5670,694106797590300,-0.1740,0.5060
642.6670,134.7380,0.5810,694106814410800,-0.1920,0.5070
641.1730,135.2570,0.5960,694106814505900,-0.1920,0.5070
639.6790,135.9580,0.6110,694106814507500,-0.1920,0.5070
636.9050,137.5150,0.6250,694106814508200,-0.1920,0.5070
635.1670,138.7860,0.6380,694106831369700,-0.1920,0.5070
633.8860,139.9020,0.6510,694106831465800,-0.1920,0.5070
632.9710,140.9140,0.6620,694106831467600,-0.1920,0.5070
632.0570,141.8740,0.6730,694106831469300,-0.1920,0.5070
631.4160,142.9890,0.6840,694106831469900,-0.1920,0.5070
631.1110,143.9490,0.6940,694106847550700,-0.1920,0.5070
630.9590,144.8570,0.7030,694106847649200,-0.1920,0.5070
630.9590,145.7140,0.7120,694106863678400,-0.1920,0.5070
631.1110,146.5180,0.7210,694106863774400,-0.1920,0.5070
631.5990,147.6340,0.7290,694106863775800,-0.1920,0.5070
632.4830,148.6970,0.7360,694106863776400,-0.1920,0.5070
633.4590,149.6050,0.7430,694106880443600,-0.1920,0.5070
634.5870,150.4100,0.7500,694106880537900,-0.1920,0.5070
635.9590,151.0840,0.7550,694106880539400,-0.1920,0.5070
637.3310,151.6290,0.7610,694106896431200,-0.1920,0.5070
638.6730,152.0440,0.7660,694106896524300,-0.1920,0.5070
640.0150,152.3820,0.7700,694106896525900,-0.1920,0.5070
641.1730,152.4850,0.7740,694106896526600,-0.1920,0.5070
642.0880,152.4340,0.7780,694106912994000,-0.1920,0.5070
642.8810,152.3300,0.7810,694106913029400,-0.1920,0.5070
643.5820,151.9920,0.7840,694106929294500,-0.1920,0.5070
644.1610,151.6290,0.7860,694106929394400,-0.1920,0.5070
644.5270,151.0320,0.7890,694106929396200,-0.1920,0.5070
645.1370,149.9690,0.7910,694106929396800,-0.1920,0.5070
645.2900,148.9570,0.7930,694106929397300,-0.1920,0.5070
645.3510,147.9450,0.7940,694106946449100,-0.1920,0.5070
645.1370,146.5700,0.7960,694106946529100,-0.1920,0.5070
644.8020,145.1170,0.7970,694106946530600,-0.1920,0.5070
644.1610,143.7420,0.7980,694106946531200,-0.1920,0.5070
643.5210,142.3150,0.7990,694106963232000,-0.1920,0.5070
642.8810,140.9650,0.8000,694106963293600,-0.1920,0.5070
642.1490,139.6940,0.8010,694106963295300,-0.1920,0.5070
641.3870,138.5260,0.8020,694106979451100,-0.1920,0.5070
640.6550,137.4110,0.8030,694106979550100,-0.1920,0.5070
639.9540,136.4510,0.8040,694106979552300,-0.1920,0.5070
639.5270,135.6980,0.8040,694106979552900,-0.1920,0.5070
639.0080,135.1020,0.8000,694106996336400,-0.1920,0.5070
638.6120,134.7380,0.7890,694106996418600,-0.2090,0.5060
638.1850,134.4790,0.7690,694106996420500,-0.2090,0.5060
637.8800,134.3230,0.7410,694106996421900,-0.2090,0.5060
637.5450,134.3230,0.7220,694107012361200,-0.2090,0.5060
637.1180,134.3750,0.6810,694107012444200,-0.2090,0.5060
636.6910,134.5310,0.5670,694107029092000,-0.2090,0.5060
636.2640,134.7380,0.4730,694107029145000,-0.2090,0.5060
635.6850,134.9460,0.3940,694107029146800,-0.2090,0.5060
612.7250,128.8230,0.0110,694107160004100,-0.1390,0.5420
612.4510,128.4080,0.0460,694107160018800,-0.1570,0.5420
612.2370,128.0180,0.0900,694107175994600,-0.1740,0.5420
612.0240,127.7590,0.1350,694107176090400,-0.1740,0.5420
611.8710,127.4990,0.1790,694107176092000,-0.1920,0.5420
611.7190,127.2660,0.2210,694107176092700,-0.1920,0.5420
611.5660,127.1100,0.2610,694107192344100,-0.1920,0.5420
611.4450,127.0070,0.2980,694107192426200,-0.1920,0.5420
611.0790,127.2660,0.4240,694107208434100,-0.2090,0.5430
611.0180,127.6030,0.4490,694107208504700,-0.2090,0.5430
611.0180,128.0180,0.4720,694107224567100,-0.2090,0.5430
611.0180,128.5630,0.4930,694107224675500,-0.2090,0.5430
611.0790,129.2900,0.5120,694107241419000,-0.2090,0.5430
611.1700,130.0940,0.5300,694107241519300,-0.2090,0.5430
611.2920,130.9500,0.5460,694107241527500,-0.2090,0.5430
611.5970,132.2740,0.5610,694107241528200,-0.2090,0.5430
611.9320,133.6230,0.5740,694107258528300,-0.2090,0.5430
612.2370,134.8420,0.5860,694107258625900,-0.2090,0.5430
612.5730,136.1140,0.5970,694107258627500,-0.2090,0.5430
612.7860,137.1250,0.6080,694107258628100,-0.2090,0.5430
612.9390,138.0340,0.6170,694107258628600,-0.2090,0.5430
613.0300,138.7860,0.6250,694107275068100,-0.2090,0.5430
613.0300,139.4350,0.6320,694107275109200,-0.2090,0.5430
613.0300,140.0050,0.6390,694107291311500,-0.2090,0.5430
612.8170,140.6540,0.6450,694107291408500,-0.2090,0.5430
612.4510,141.1730,0.6500,694107291410100,-0.2090,0.5430
611.9930,141.7180,0.6550,694107291411000,-0.2090,0.5430
610.9570,142.4700,0.6600,694107307711500,-0.2090,0.5430
609.7980,142.9890,0.6650,694107307815400,-0.2090,0.5430
608.5170,143.4300,0.6690,694107307816900,-0.2090,0.5430
607.1760,143.7420,0.6730,694107324466600,-0.2090,0.5430
605.6510,144.0010,0.6780,694107324568100,-0.2090,0.5430
603.9440,144.2090,0.6820,694107324569800,-0.2090,0.5430
602.2360,144.2860,0.6860,694107324570500,-0.2090,0.5430
600.5900,144.4420,0.6900,694107341358800,-0.2090,0.5430
598.8210,144.5460,0.6950,694107341410700,-0.2090,0.5430
597.2050,144.6500,0.6990,694107341412500,-0.2090,0.5430
595.5590,144.7530,0.7030,694107341413100,-0.2090,0.5430
594.4000,144.8570,0.7080,694107341413700,-0.2090,0.5430
593.4850,145.0650,0.7120,694107357930700,-0.2090,0.5430
592.7530,145.1690,0.7160,694107357963700,-0.2090,0.5430
592.0520,145.4020,0.7200,694107374850200,-0.2090,0.5430
591.4730,145.6620,0.7240,694107374899900,-0.2090,0.5430
591.0760,145.9730,0.7280,694107374901400,-0.2090,0.5430
590.7720,146.3100,0.7320,694107374902000,-0.2090,0.5430
590.6500,146.6730,0.7360,694107391705500,-0.2090,0.5430
590.6500,147.0890,0.7410,694107391749100,-0.2090,0.5430
590.7720,147.5820,0.7460,694107391750700,-0.2090,0.5430
591.0760,148.2820,0.7500,694107408590400,-0.2090,0.5430
591.7780,149.2940,0.7550,694107408625200,-0.2090,0.5430
592.5710,150.2280,0.7590,694107408626700,-0.2090,0.5430
593.3330,151.3180,0.7630,694107408627600,-0.2090,0.5430
594.1870,152.3300,0.7670,694107425474600,-0.2090,0.5430
594.9790,153.4450,0.7700,694107425509200,-0.2090,0.5430
595.8330,154.5090,0.7740,694107442385500,-0.2090,0.5430
596.5340,155.5730,0.7770,694107442427500,-0.2090,0.5430
597.1750,156.6370,0.7800,694107442429200,-0.2090,0.5430
597.6930,157.7010,0.7820,694107442429700,-0.2090,0.5430
598.0590,158.6090,0.7850,694107442430300,-0.2090,0.5430
598.2720,159.3610,0.7870,694107459367900,-0.2090,0.5430
598.4550,160.0360,0.7890,694107459401700,-0.2090,0.5430
598.4860,160.6840,0.7910,694107459403300,-0.2090,0.5430
598.5470,161.2030,0.7930,694107459403900,-0.2090,0.5430
598.4860,161.7480,0.7960,694107459404500,-0.2090,0.5430
598.2420,162.4490,0.7980,694107475427900,-0.2090,0.5430
597.8460,163.0710,0.8010,694107475462100,-0.2090,0.5430
597.3880,163.6680,0.8030,694107492042800,-0.2090,0.5430
596.5340,164.4720,0.8060,694107492080500,-0.2090,0.5430
595.4980,165.1470,0.8080,694107492082200,-0.2090,0.5430
594.4920,165.7440,0.8110,694107492082800,-0.2090,0.5430
593.3330,166.2370,0.8140,694107508449300,-0.2090,0.5430
592.2660,166.4960,0.8160,694107508550100,-0.2090,0.5430
590.8630,166.7560,0.8190,694107524603500,-0.2090,0.5430
589.4300,166.9110,0.8210,694107524675000,-0.2090,0.5430
588.1490,166.8590,0.8230,694107524676900,-0.2090,0.5430
586.7160,166.8080,0.8260,694107524677900,-0.2090,0.5430
585.3440,166.6000,0.8280,694107541419900,-0.2090,0.5430
583.9420,166.2890,0.8310,694107541520100,-0.2090,0.5430
582.6300,165.8480,0.8330,694107541521900,-0.2090,0.5430
581.3500,165.3810,0.8360,694107557584100,-0.2090,0.5430
580.1610,164.7320,0.8390,694107557683800,-0.2090,0.5430
579.0020,163.9280,0.8430,694107557685300,-0.2090,0.5430
577.9960,163.0190,0.8470,694107557685900,-0.2090,0.5430
577.0200,162.1110,0.8510,694107574551900,-0.2090,0.5430
576.1660,161.1510,0.8550,694107574654100,-0.2090,0.5430
575.3740,160.1390,0.8600,694107574655900,-0.2090,0.5430
574.7330,158.9720,0.8640,694107574656500,-0.2090,0.5430
574.0930,157.7010,0.8680,694107574657000,-0.2090,0.5430
573.5440,156.3770,0.8720,694107590528400,-0.2090,0.5430
573.1780,154.8210,0.8760,694107590603600,-0.2090,0.5430
572.8730,153.2900,0.8800,694107607388600,-0.2090,0.5430
572.5990,151.5770,0.8830,694107607492400,-0.2090,0.5430
572.3850,149.8130,0.8860,694107607494400,-0.2090,0.5430
572.2330,147.9970,0.8890,694107607495000,-0.2090,0.5430
572.1110,146.1810,0.8910,694107624418900,-0.2090,0.5430
572.0200,144.3380,0.8940,694107624490700,-0.2090,0.5600
572.0200,142.5740,0.8960,694107640396300,-0.2090,0.5600
572.0810,140.8620,0.8980,694107640499300,-0.2090,0.5600
572.1110,139.2530,0.8990,694107640500800,-0.2090,0.5600
572.2330,137.7740,0.9010,694107640501400,-0.2090,0.5600
572.3250,136.6070,0.9030,694107640502000,-0.2090,0.5600
572.4770,135.6980,0.9040,694107656492700,-0.2090,0.5600
572.6600,134.8940,0.9060,694107656566800,-0.2090,0.5600
572.8120,134.1420,0.9080,694107656568400,-0.2090,0.5600
573.0260,133.5190,0.9110,694107656569100,-0.2090,0.5600
573.1780,132.9740,0.9130,694107672889000,-0.2090,0.5600
573.3920,132.5070,0.9150,694107672985200,-0.2090,0.5600
573.6050,132.1700,0.9160,694107688995800,-0.2090,0.5600
573.8800,131.8580,0.9180,694107689095500,-0.2090,0.5600
574.1840,131.6510,0.9190,694107689097100,-0.2090,0.5600
574.5810,131.4950,0.9210,694107689097800,-0.2090,0.5600
574.9470,131.4430,0.9220,694107689098400,-0.2090,0.5600
575.3740,131.4950,0.9230,694107705990200,-0.2090,0.5600
576.0750,131.7030,0.9240,694107706094300,-0.2090,0.5600
576.6540,132.0140,0.9250,694107722052800,-0.2090,0.5600
577.2340,132.4550,0.9250,694107722167700,-0.2090,0.5600
577.7820,132.9740,0.9260,694107722169400,-0.2090,0.5600
578.5140,133.8300,0.9260,694107722170000,-0.2090,0.5600
579.0940,134.7900,0.9270,694107722170500,-0.2090,0.5600
579.4590,135.6980,0.9270,694107738194100,-0.2090,0.5600
579.6730,136.5550,0.9270,694107738274100,-0.2090,0.5600
579.8560,137.4110,0.9280,694107754407300,-0.2090,0.5600
579.7950,138.3710,0.9280,694107754488300,-0.2090,0.5600
579.5810,139.7460,0.9280,694107754489900,-0.2090,0.5600
579.0330,141.1210,0.9280,694107754490900,-0.2090,0.5600
578.4530,142.4700,0.9290,694107770462100,-0.2090,0.5600
577.5990,143.7420,0.9290,694107770533400,-0.2090,0.5600
576.6540,144.9090,0.9290,694107770534900,-0.2090,0.5600
575.5260,146.0250,0.9290,694107770535500,-0.2090,0.5600
574.3060,147.0370,0.9300,694107787361200,-0.2090,0.5600
571.8670,148.6450,0.9300,694107787457900,-0.2090,0.5600
570.0380,149.6570,0.9300,694107787459400,-0.2090,0.5600
568.4520,150.3580,0.9300,694107804350200,-0.2090,0.5600
566.9580,150.7730,0.9310,694107804446300,-0.2090,0.5600
565.4640,151.1360,0.9310,694107804448100,-0.2090,0.5600
563.9090,151.5250,0.9310,694107804448800,-0.2090,0.5600
562.3540,151.6810,0.9310,694107820437500,-0.2090,0.5600
560.8290,151.7330,0.9320,694107820510900,-0.2090,0.5600
559.2740,151.7330,0.9320,694107836433800,-0.2090,0.5600
558.1160,151.5770,0.9320,694107836506700,-0.2090,0.5600
557.0490,151.4740,0.9320,694107836508300,-0.2090,0.5600
555.7980,151.0320,0.9320,694107836508900,-0.2090,0.5600
554.7010,150.5650,0.9330,694107836509800,-0.2090,0.5600
553.7250,149.9170,0.9330,694107853474700,-0.2090,0.5600
552.8710,149.2160,0.9340,694107853569000,-0.2090,0.5600
552.0780,148.3860,0.9350,694107870471800,-0.2090,0.5600
551.4990,147.4260,0.9350,694107870573300,-0.2090,0.5600
550.9500,146.3620,0.9360,694107870574900,-0.2090,0.5600
550.5230,145.1690,0.9370,694107870575500,-0.2090,0.5600
550.1580,143.8970,0.9380,694107870576200,-0.2090,0.5600
549.8830,142.5220,0.9380,694107887337500,-0.2090,0.5600
549.6390,141.0690,0.9390,694107887401500,-0.2090,0.5600
549.4560,139.5380,0.9400,694107887403000,-0.2090,0.5600
549.2730,137.8780,0.9400,694107887403600,-0.2090,0.5600
549.0900,136.1650,0.9410,694107904109300,-0.2100,0.5770
548.8770,134.3750,0.9410,694107904189800,-0.2100,0.5770
548.7850,132.5590,0.9410,694107920252600,-0.2100,0.5770
548.6330,130.5870,0.9410,694107920322200,-0.2100,0.5770
548.4500,128.5110,0.9420,694107920323800,-0.2100,0.5770
548.1450,124.6710,0.9420,694107920324400,-0.2100,0.5770
547.9930,121.8950,0.9420,694107920325000,-0.2090,0.5940
547.8100,119.6120,0.9420,694107936408100,-0.2090,0.5940
547.7790,117.6400,0.9420,694107936504300,-0.2090,0.5940
547.5960,115.6160,0.9420,694107952481800,-0.2090,0.5940
547.5660,113.4890,0.9420,694107952555400,-0.2080,0.6110
547.4440,111.2830,0.9420,694107952557100,-0.2080,0.6110
547.4440,109.1560,0.9420,694107952557700,-0.2080,0.6110
547.3520,107.0800,0.9420,694107968852200,-0.2080,0.6110
547.3520,105.1080,0.9420,694107968913900,-0.2080,0.6110
547.3830,103.2400,0.9420,694107968915800,-0.2080,0.6110
547.4440,101.6050,0.9420,694107968917200,-0.2080,0.6110
547.5050,100.1010,0.9420,694107985746600,-0.2080,0.6110
547.5960,98.9330,0.9420,694107985824600,-0.2080,0.6110
547.6570,97.9730,0.9430,694107985826800,-0.2080,0.6110
547.7790,97.2210,0.9440,694108002151900,-0.2080,0.6110
547.8100,96.5980,0.9450,694108002252200,-0.2080,0.6110
547.8710,96.1050,0.9450,694108002253700,-0.2080,0.6110
547.9930,95.6900,0.9460,694108002254300,-0.2080,0.6110
548.0840,95.3520,0.9450,694108018338400,-0.2080,0.6110
548.2060,95.0930,0.9410,694108018427100,-0.2080,0.6110
548.3590,94.9890,0.9330,694108035180100,-0.2080,0.6110
548.5720,94.9370,0.9210,694108035279100,-0.2080,0.6110
548.9380,95.0410,0.9030,694108035280600,-0.2080,0.6110
549.4560,95.3520,0.8760,694108035281700,-0.2080,0.6110
550.3710,96.0010,0.8570,694108035282300,-0.2080,0.6110
551.3770,96.8570,0.8220,694108052003900,-0.2080,0.6110
552.5050,97.8690,0.6850,694108052096600,-0.2080,0.6110
554.6400,99.8410,0.5710,694108052098400,-0.2080,0.6110
556.3470,101.1640,0.4750,694108068086500,-0.2080,0.6110
602.6630,160.0360,0.0160,694108364607000,-0.1400,0.5070
602.4800,160.1390,0.1520,694108380579400,-0.1570,0.5070
603.3340,160.1390,0.4450,694108412896000,-0.1740,0.5060
603.8220,160.1390,0.4830,694108412997200,-0.1920,0.5070
604.6750,160.1390,0.5180,694108412999100,-0.1920,0.5070
605.5290,160.1910,0.5490,694108412999700,-0.1920,0.5070
606.4440,160.2690,0.5770,694108429583600,-0.1920,0.5070
607.9690,160.3730,0.6030,694108429620300,-0.1920,0.5070
609.1580,160.4250,0.6260,694108429621700,-0.1920,0.5070
610.2250,160.5290,0.6470,694108429622300,-0.2090,0.5060
611.1400,160.5810,0.6640,694108429622900,-0.2090,0.5060
611.9930,160.7360,0.6780,694108446272000,-0.2090,0.5060
612.7250,160.8400,0.6850,694108446391200,-0.2090,0.5060
613.3650,161.0480,0.6860,694108462452700,-0.2090,0.5060
613.7920,161.2810,0.6710,694108462554200,-0.2090,0.5060
613.9450,161.4890,0.6440,694108462555700,-0.2090,0.5060
613.8840,161.6440,0.6200,694108462556300,-0.2090,0.5060
613.3650,162.0080,0.4300,694108478610000,-0.2090,0.5060
612.8780,162.1630,0.3590,694108478709400,-0.2090,0.5060
515.6720,145.6100,0.2550,694108743747000,-0.0700,0.4200
515.5200,144.8570,0.3850,694108743811000,-0.0870,0.4370
515.3670,144.2860,0.4520,694108743812600,-0.1050,0.4550
515.2450,143.7420,0.4890,694108743813300,-0.1220,0.4720
515.1540,143.3270,0.5100,694108743814000,-0.1230,0.4900
515.0320,142.9890,0.5230,694108759763900,-0.1210,0.5070
515.0010,142.6780,0.5330,694108759856200,-0.1400,0.5070
514.9400,142.4180,0.5440,694108776446100,-0.1400,0.5070
514.8790,142.1850,0.5550,694108776547900,-0.1400,0.5070
514.9400,141.8740,0.5780,694108776550400,-0.1400,0.5070
515.1540,141.7700,0.6020,694108792643500,-0.1400,0.5070
515.7940,141.9250,0.6270,694108808825500,-0.1400,0.5070
516.3730,142.2370,0.6390,694108808889200,-0.1400,0.5070
516.9530,142.6260,0.6500,694108808890600,-0.1400,0.5070
517.8670,143.4300,0.6600,694108808891300,-0.1400,0.5070
518.6600,144.2090,0.6700,694108825441500,-0.1400,0.5070
519.3620,145.1170,0.6790,694108825538800,-0.1400,0.5070
520.0020,146.1290,0.6880,694108825540400,-0.1400,0.5070
520.3680,146.9330,0.6960,694108825541100,-0.1390,0.5250
520.6420,147.7370,0.7040,694108842446600,-0.1390,0.5420
520.7950,148.4380,0.7110,694108842548800,-0.1390,0.5420
520.8560,149.0090,0.7190,694108858429900,-0.1390,0.5420
520.7950,149.6050,0.7260,694108858475000,-0.1390,0.5420
520.5810,150.3060,0.7330,694108858476900,-0.1390,0.5420
520.2760,150.9810,0.7390,694108858477500,-0.1390,0.5420
519.8490,151.5770,0.7450,694108858478300,-0.1390,0.5420
519.0870,152.4340,0.7510,694108875419200,-0.1390,0.5420
518.2330,153.0560,0.7570,694108875458900,-0.1390,0.5420
517.2270,153.6010,0.7620,694108891645600,-0.1390,0.5420
516.3120,153.9640,0.7670,694108891748500,-0.1390,0.5420
515.4280,154.1720,0.7720,694108891750000,-0.1390,0.5420
514.5740,154.3540,0.7760,694108891750600,-0.1390,0.5420
513.6600,154.4050,0.7800,694108907663700,-0.1390,0.5420
512.7450,154.3540,0.7830,694108907697700,-0.1390,0.5420
511.7390,154.2240,0.7860,694108907699400,-0.1390,0.5420
510.3670,154.0160,0.7900,694108907700100,-0.1390,0.5420
508.9640,153.6530,0.7920,694108907700700,-0.1390,0.5420
507.6530,153.1600,0.7950,694108923912300,-0.1390,0.5420
506.3110,152.5370,0.7970,694108924009700,-0.1390,0.5420
504.9700,151.8890,0.7990,694108940615300,-0.1390,0.5420
503.6280,151.1360,0.8010,694108940685800,-0.1390,0.5420
502.3170,150.2280,0.8030,694108940687500,-0.1390,0.5420
501.0360,149.3980,0.8050,694108940688100,-0.1390,0.5420
499.8170,148.4900,0.8070,694108957121700,-0.1390,0.5420
498.6280,147.4780,0.8090,694108957223400,-0.1390,0.5420
497.5300,146.3620,0.8110,694108957225000,-0.1390,0.5420
496.4930,145.2980,0.8120,694108973072700,-0.1390,0.5420
495.5480,144.1570,0.8130,694108973136000,-0.1390,0.5420
494.6940,143.0410,0.8140,694108973137600,-0.1390,0.5420
493.9320,141.9770,0.8150,694108973138200,-0.1390,0.5420
493.2920,140.8620,0.8160,694108989266000,-0.1390,0.5420
492.7120,139.8500,0.8180,694108989373800,-0.1390,0.5420
492.0720,138.8900,0.8180,694109005440000,-0.1390,0.5420
491.6150,138.0850,0.8190,694109005541100,-0.1390,0.5420
491.1880,137.4110,0.8200,694109005542900,-0.1390,0.5420
490.7910,136.8140,0.8200,694109005543700,-0.1390,0.5420
490.3340,136.2690,0.8210,694109005544300,-0.1390,0.5420
489.7850,135.7500,0.8210,694109022420700,-0.1390,0.5600
489.2060,135.2570,0.8210,694109022521000,-0.1390,0.5600
488.2910,134.6860,0.8210,694109038556100,-0.1390,0.5600
487.2240,134.1420,0.8210,694109038629500,-0.1390,0.5600
486.2790,133.7260,0.8210,694109038631100,-0.1390,0.5600
485.4250,133.4670,0.8210,694109038631700,-0.1390,0.5600
484.5710,133.2340,0.8210,694109055450400,-0.1390,0.5600
483.7170,133.0780,0.8210,694109055534900,-0.1390,0.5600
482.8030,132.9740,0.8210,694109055536700,-0.1390,0.5600
481.8880,132.8700,0.8210,694109071653500,-0.1390,0.5600
481.0040,132.8180,0.8210,694109071733700,-0.1390,0.5600
480.0890,132.7660,0.8210,694109071735100,-0.1390,0.5600
479.2350,132.7660,0.8210,694109071735800,-0.1390,0.5600
478.4430,132.7660,0.8220,694109071736400,-0.1390,0.5600
477.5890,132.7660,0.8220,694109087809200,-0.1390,0.5600
476.9480,132.7660,0.8220,694109087904200,-0.1390,0.5600
476.3690,132.8180,0.8220,694109087906200,-0.1390,0.5600
475.8810,132.8180,0.8230,694109087907000,-0.1390,0.5600
475.4540,132.8180,0.8250,694109104362600,-0.1390,0.5600
475.0890,132.8180,0.8280,694109104455300,-0.1390,0.5600
474.8140,132.7660,0.8330,694109120480200,-0.1390,0.5600
474.5400,132.7150,0.8380,694109120590500,-0.1390,0.5600
474.2960,132.5590,0.8480,694109120592300,-0.1390,0.5600
474.2960,132.3510,0.8540,694109136570500,-0.1390,0.5600
474.7530,131.6510,0.8640,694109152949400,-0.1390,0.5600
475.5460,130.8980,0.8690,694109153013500,-0.1390,0.5600
476.5220,129.9900,0.8750,694109153015200,-0.1390,0.5600
477.6800,129.0820,0.8800,694109153015800,-0.1390,0.5600
480.2110,127.3960,0.8840,694109153016700,-0.1390,0.5600
482.1010,126.0980,0.8890,694109170016800,-0.1390,0.5600
484.6630,124.5160,0.8940,694109170194900,-0.1390,0.5600
487.2850,122.9070,0.8980,694109170196800,-0.1390,0.5600
489.8460,121.4280,0.9020,694109170197400,-0.1390,0.5600
492.4380,119.9230,0.9060,694109186082700,-0.1390,0.5600
494.3280,118.8590,0.9100,694109186182500,-0.1390,0.5600
495.8220,118.0030,0.9140,694109202803300,-0.1390,0.5600
497.1030,117.3030,0.9170,694109202867200,-0.1390,0.5600
498.3530,116.6800,0.9200,694109202868800,-0.1390,0.5600
499.6030,115.9790,0.9230,694109202869400,-0.1390,0.5600
500.7010,115.4090,0.9260,694109202870200,-0.1390,0.5600
501.8290,114.8120,0.9280,694109219628800,-0.1390,0.5600
502.6830,114.3970,0.9300,694109219661500,-0.1390,0.5600
503.3230,114.0080,0.9320,694109235888200,-0.1390,0.5600
503.8420,113.7480,0.9350,694109235986400,-0.1390,0.5600
504.2680,113.4890,0.9370,694109235987800,-0.1390,0.5600
504.6650,113.3070,0.9380,694109235988500,-0.1390,0.5600
504.9700,113.2030,0.9380,694109251966100,-0.1390,0.5600
505.2440,113.1510,0.9340,694109252041100,-0.1390,0.5600
505.4580,113.1510,0.9270,694109252042900,-0.1390,0.5600
505.7630,113.3850,0.9000,694109268089800,-0.1390,0.5600
505.9450,113.6960,0.8750,694109268188800,-0.1390,0.5600
506.0980,114.0590,0.8580,694109268190700,-0.1390,0.5600
506.2500,114.7600,0.8270,694109285014700,-0.1390,0.5600
506.4030,115.4610,0.7810,694109285067500,-0.1390,0.5600
506.6160,116.2390,0.6510,694109285069000,-0.1390,0.5600
506.9520,116.9910,0.5420,694109285069700,-0.1390,0.5600
507.4400,118.1070,0.4520,694109301768600,-0.1390,0.5600
515.0010,125.8390,0.2950,694109350555100,-0.1390,0.5420
515.3670,125.9430,0.4490,694109350625300,-0.1390,0.5420
515.6720,126.0460,0.5300,694109350626900,-0.1390,0.5420
515.9460,126.1500,0.5730,694109367179600,-0.1390,0.5420
516.1600,126.2020,0.5960,694109367255600,-0.1390,0.5420
516.3120,126.3320,0.6100,694109384088500,-0.1390,0.5420
516.5260,126.3840,0.6200,694109384167500,-0.1570,0.5420
516.7090,126.4880,0.6320,694109384169200,-0.1740,0.5420
516.8000,126.5910,0.6440,694109384170200,-0.1740,0.5420
516.9530,126.6950,0.6570,694109400560400,-0.1740,0.5420
517.1660,126.9550,0.6850,694109400642300,-0.1740,0.5420
517.3800,127.2140,0.6980,694109400643800,-0.1740,0.5420
517.5020,127.4990,0.7110,694109400644400,-0.1740,0.5420
517.6540,127.8630,0.7230,694109417390700,-0.1740,0.5420
517.7150,128.1740,0.7340,694109417475000,-0.1740,0.5420
517.7760,128.5630,0.7440,694109433759400,-0.1740,0.5420
517.7760,128.8750,0.7540,694109433872800,-0.1740,0.5420
517.7150,129.2900,0.7620,694109433875000,-0.1740,0.5420
517.5930,129.7310,0.7700,694109433875600,-0.1740,0.5420
517.3800,130.1460,0.7750,694109449781400,-0.1740,0.5420
517.1360,130.6910,0.7770,694109449851600,-0.1740,0.5420
516.7090,131.2620,0.7690,694109449853200,-0.1740,0.5420
515.9460,132.1180,0.7480,694109465953900,-0.1740,0.5420
515.0930,132.9220,0.7320,694109465997900,-0.1740,0.5420
514.0260,133.6750,0.6970,694109465999600,-0.1740,0.5420
512.9280,134.4270,0.5810,694109466000200,-0.1740,0.5420
511.6470,134.9460,0.4840,694109482944900,-0.1740,0.5420
510.1840,135.3350,0.4030,694109482987600,-0.1740,0.5420
488.7180,112.6320,0.2720,694109583509400,-0.0870,0.5590
488.8700,111.2310,0.4110,694109583548400,-0.0870,0.5770
489.0530,110.0640,0.4850,694109583549900,-0.0860,0.5950
489.1450,109.1560,0.5280,694109599844500,-0.1040,0.5950
489.2670,108.3770,0.5540,694109599983800,-0.1040,0.5950
489.2970,107.6770,0.5710,694109599985500,-0.1040,0.5950
489.2970,107.0800,0.5850,694109599986200,-0.1040,0.5950
489.2970,106.5610,0.5990,694109616028300,-0.1220,0.5950
489.3580,106.0680,0.6140,694109616104400,-0.1220,0.5950
489.3580,105.6010,0.6290,694109632262100,-0.1220,0.5950
489.3580,105.1600,0.6450,694109632326300,-0.1220,0.5950
489.3580,104.7970,0.6600,694109632328000,-0.1220,0.5950
489.2970,104.4850,0.6750,694109632328800,-0.1220,0.5950
489.2670,104.1480,0.7020,694109649251900,-0.1220,0.5950
488.9920,104.0960,0.7230,694109649291000,-0.1220,0.5950
488.4130,104.3040,0.7410,694109665288300,-0.1220,0.5950
487.8030,104.6410,0.7490,694109665359200,-0.1220,0.5950
487.1630,104.9520,0.7570,694109682114000,-0.1220,0.5950
486.0650,105.5490,0.7630,694109682147700,-0.1220,0.5950
484.8760,106.1200,0.7700,694109682149300,-0.1220,0.5950
483.5960,106.7170,0.7750,694109682150000,-0.1220,0.5950
482.3150,107.3390,0.7810,694109682150600,-0.1220,0.5950
481.0040,107.9880,0.7860,694109698188000,-0.1220,0.5950
479.6620,108.6890,0.7910,694109698265100,-0.1220,0.5950
478.3820,109.3110,0.7950,694109714426500,-0.1220,0.5950
477.1010,109.9600,0.7990,694109714535400,-0.1220,0.5950
475.9420,110.7120,0.7990,694109714537600,-0.1220,0.5950
474.8140,111.5170,0.7920,694109714538500,-0.1220,0.5950
473.7470,112.2950,0.7750,694109714539100,-0.1220,0.5950
472.8020,113.3070,0.7490,694109730458600,-0.1220,0.5950
471.8260,114.4490,0.7300,694109730534800,-0.1220,0.5950
470.8810,115.7200,0.6900,694109747353500,-0.1220,0.5950
469.9660,117.0430,0.5750,694109747396800,-0.1220,0.5950
469.1730,118.4440,0.4790,694109747398400,-0.1220,0.5950
468.4720,119.8190,0.3990,694109747398900,-0.1220,0.5950
488.0780,146.4660,0.3040,694109863648700,-0.1400,0.4200
488.4440,146.6730,0.4580,694109863713500,-0.1400,0.4200
488.7790,146.8810,0.5350,694109863715600,-0.1400,0.4200
488.9310,147.0370,0.5740,694109880378400,-0.1400,0.4200
488.9920,147.2440,0.5930,694109880476800,-0.1400,0.4200
488.9310,147.4260,0.6020,694109880478400,-0.1400,0.4200
488.7180,147.6850,0.6120,694109896452300,-0.1400,0.4200
488.6270,147.8410,0.6160,694109896553700,-0.1400,0.4200
488.4440,147.9450,0.6200,694109913176600,-0.1400,0.4200
488.2910,148.0490,0.6250,694109913240700,-0.1560,0.4190
488.0780,148.3340,0.6300,694109913242300,-0.1750,0.4190
487.8640,148.5420,0.6350,694109913242900,-0.1750,0.4190
487.5590,148.8530,0.6410,694109913243500,-0.1740,0.4360
487.1320,149.2940,0.6460,694109929447000,-0.1750,0.4550
486.6450,149.7610,0.6510,694109929537700,-0.1740,0.4730
486.1260,150.2280,0.6570,694109945695100,-0.1740,0.4730
485.2730,151.0320,0.6620,694109945729300,-0.1740,0.4730
484.2360,151.8370,0.6680,694109945731100,-0.1740,0.4900
483.1690,152.6410,0.6740,694109945731700,-0.1740,0.5060
482.0100,153.3420,0.6790,694109945732400,-0.1740,0.5250
480.6680,154.1200,0.6850,694109961867100,-0.1740,0.5420
479.2960,154.9240,0.6900,694109961955900,-0.1740,0.5420
477.7410,155.6770,0.6950,694109978062500,-0.1740,0.5420
474.8750,156.9480,0.7000,694109978161800,-0.1740,0.5420
472.6190,157.7520,0.7040,694109978163300,-0.1740,0.5420
470.7590,158.2970,0.7090,694109978163800,-0.1740,0.5420
468.9900,158.6610,0.7120,694109994300000,-0.1740,0.5420
467.1910,158.9720,0.7160,694109994405500,-0.1740,0.5420
465.2090,159.1790,0.7190,694109994407300,-0.1740,0.5420
463.1060,159.3610,0.7220,694109994418600,-0.1740,0.5420
459.2030,159.5170,0.7250,694109994419400,-0.1740,0.5420
456.2760,159.4650,0.7280,694110011059200,-0.1740,0.5420
453.9280,159.3610,0.7300,694110011122000,-0.1570,0.5420
452.0070,159.1790,0.7330,694110027952400,-0.1570,0.5600
450.1470,158.9720,0.7340,694110027985600,-0.1570,0.5600
448.3780,158.6610,0.7360,694110027987300,-0.1570,0.5600
446.7320,158.3490,0.7380,694110027987900,-0.1570,0.5600
445.2990,157.9600,0.7390,694110027988400,-0.1570,0.5600
444.0790,157.6490,0.7410,694110044469700,-0.1570,0.5600
443.1640,157.2850,0.7430,694110044562900,-0.1570,0.5600
442.4630,156.8960,0.7440,694110060432700,-0.1570,0.5600
441.9750,156.5850,0.7470,694110060505700,-0.1570,0.5600
441.6700,156.2740,0.7490,694110060507300,-0.1570,0.5600
441.5480,155.9360,0.7510,694110060508100,-0.1570,0.5600
441.5480,155.6770,0.7530,694110060508700,-0.1570,0.5600
441.7310,155.3650,0.7550,694110077398700,-0.1570,0.5600
441.9750,155.0280,0.7570,694110077498300,-0.1570,0.5600
442.5240,154.7170,0.7580,694110093563700,-0.1570,0.5600
443.2250,154.4050,0.7600,694110093660600,-0.1570,0.5600
444.3840,154.0680,0.7610,694110093662200,-0.1570,0.5600
445.7260,153.7570,0.7620,694110093662800,-0.1570,0.5600
447.0980,153.6530,0.7630,694110109784200,-0.1570,0.5600
448.5920,153.5490,0.7640,694110109813200,-0.1570,0.5600
450.1470,153.6010,0.7650,694110109814500,-0.1570,0.5600
451.6410,153.7050,0.7660,694110109815100,-0.1570,0.5600
453.1350,153.9120,0.7670,694110126058200,-0.1570,0.5600
454.5680,154.1720,0.7680,694110126171200,-0.1570,0.5600
455.9400,154.5610,0.7680,694110126172700,-0.1570,0.5600
457.2210,154.9760,0.7690,694110142531000,-0.1570,0.5600
458.2880,155.5210,0.7690,694110142606500,-0.1570,0.5600
459.2940,156.1440,0.7700,694110142608900,-0.1570,0.5600
460.1170,156.8960,0.7720,694110142609600,-0.1570,0.5600
460.6360,157.7010,0.7730,694110158601100,-0.1570,0.5600
460.9100,158.4010,0.7760,694110158698500,-0.1570,0.5600
461.0630,159.1280,0.7790,694110175380700,-0.1570,0.5600
461.0020,159.9320,0.7840,694110175444600,-0.1570,0.5600
460.6970,161.2030,0.7890,694110175446100,-0.1570,0.5600
460.1170,162.5010,0.7950,694110175446700,-0.1570,0.5600
459.2940,163.7200,0.8010,694110175447600,-0.1570,0.5600
458.3490,165.0430,0.8070,694110191632000,-0.1570,0.5600
456.2760,167.3010,0.8140,694110191716800,-0.1570,0.5600
454.0190,169.2720,0.8200,694110191718700,-0.1570,0.5600
451.6410,170.9590,0.8260,694110208459400,-0.1570,0.5600
449.7200,172.1260,0.8310,694110208557800,-0.1570,0.5600
448.0730,173.0350,0.8370,694110208559300,-0.1570,0.5600
445.2990,174.3840,0.8420,694110224443700,-0.1570,0.5600
443.2560,175.2400,0.8470,694110224515300,-0.1570,0.5600
441.3350,175.8630,0.8510,694110224516900,-0.1570,0.5600
438.1030,176.8750,0.8540,694110224517800,-0.1570,0.5600
434.9010,177.6790,0.8540,694110224518300,-0.1570,0.5600
432.4010,178.2760,0.8490,694110240553400,-0.1570,0.5600
430.3280,178.6910,0.8380,694110240649700,-0.1570,0.5600
428.5590,179.0540,0.8180,694110257245600,-0.1570,0.5600
426.8520,179.3390,0.7900,694110257349900,-0.1570,0.5600
425.2050,179.5470,0.7700,694110257351400,-0.1570,0.5600
423.7110,179.5990,0.7310,694110257352000,-0.1570,0.5600
422.4300,179.4950,0.6090,694110273312400,-0.1570,0.5600
421.0890,179.2360,0.5070,694110273375500,-0.1390,0.5600
419.9910,178.6390,0.4230,694110273377400,-0.1220,0.5590
432.6750,127.0580,0.3150,694110372681400,-0.0510,0.5410
434.1090,124.2820,0.4810,694110388723000,-0.0690,0.5590
435.1150,122.3880,0.5680,694110388808000,-0.0690,0.5770
435.9680,121.0910,0.6140,694110405632600,-0.0870,0.5770
436.5480,120.1830,0.6380,694110405699600,-0.0870,0.5770
437.0970,119.5600,0.6510,694110405701200,-0.0870,0.5770
437.5230,119.1190,0.6590,694110405701800,-0.0870,0.5770
437.8280,118.7560,0.6630,694110405702400,-0.0870,0.5770
438.1640,118.5480,0.6650,694110422588800,-0.0870,0.5770
438.4080,118.3150,0.6670,694110422657000,-0.0870,0.5770
438.6210,118.2630,0.6680,694110422658500,-0.0870,0.5770
438.8350,118.2110,0.6690,694110422659100,-0.0870,0.5770
439.1700,118.4440,0.6660,694110438766200,0.0710,0.5770
439.3220,118.7560,0.6530,694110455377800,0.0710,0.5770
439.4440,119.1190,0.6320,694110455467400,0.0710,0.5770
439.4440,119.6120,0.6150,694110455469800,0.0710,0.5770
439.3830,120.0790,0.5780,694110455490800,0.0710,0.5770
439.2610,120.8310,0.4810,694110455491800,0.0710,0.5770
439.0480,121.5320,0.4010,694110472239500,0.0710,0.5770
438.8040,122.1550,0.3340,694110472265300,0.0710,0.5770
408.1610,110.0120,0.2110,694110703187200,0.0530,0.5940
408.6790,108.9480,0.3220,694110719079100,0.0530,0.5940
409.1670,108.0920,0.3840,694110719142100,0.0530,0.5940
409.5330,107.3390,0.4190,694110719150600,0.0530,0.5940
409.8990,106.7690,0.4400,694110719151300,0.0530,0.5940
410.2950,106.1720,0.4520,694110735907800,0.0530,0.5940
410.7220,105.7050,0.4610,694110736007700,0.0530,0.5940
411.1790,105.1600,0.4680,694110736009100,0.0530,0.5940
411.6060,104.7450,0.4760,694110736009700,0.0530,0.5940
412.0940,104.3040,0.4850,694110736010700,0.0530,0.5940
412.5210,103.8890,0.4950,694110752036200,0.0530,0.5940
413.0090,103.5770,0.5070,694110752135500,-0.0860,0.5950
413.4360,103.2920,0.5180,694110768698600,-0.1040,0.5950
413.8010,103.0840,0.5300,694110768909400,-0.1220,0.5950
414.1060,102.9810,0.5420,694110768911800,-0.1220,0.5950
414.5030,102.9290,0.5530,694110768912500,-0.1390,0.5940
414.8690,102.9810,0.5650,694110768913700,-0.1390,0.5940
415.2950,103.0840,0.5760,694110785452900,-0.1390,0.5940
415.8750,103.3440,0.5870,694110785519600,-0.1390,0.5940
416.4540,103.7330,0.5980,694110801658400,-0.1390,0.5940
417.4300,104.4850,0.6090,694110801772200,-0.1390,0.5940
418.3140,105.3160,0.6200,694110801773800,-0.1390,0.5940
419.1680,106.3280,0.6300,694110801774500,-0.1390,0.5940
420.0220,107.5210,0.6400,694110801775100,-0.1390,0.5940
420.8750,108.8960,0.6500,694110818367500,-0.1390,0.5940
422.4300,111.6210,0.6610,694110818440300,-0.1390,0.5940
423.7110,114.3970,0.6720,694110835388500,-0.1390,0.5940
424.5650,116.6800,0.6830,694110835490200,-0.1390,0.5940
425.5710,119.7680,0.6950,694110835492000,-0.1570,0.5950
426.2110,122.2580,0.7070,694110835492700,-0.1570,0.5950
427.0040,125.5280,0.7180,694110852375000,-0.1570,0.5950
427.5530,128.0180,0.7300,694110852479300,-0.1570,0.5950
427.9190,130.2500,0.7430,694110852481100,-0.1570,0.5950
428.1930,132.2220,0.7540,694110852481700,-0.1570,0.5950
428.6810,136.0100,0.7660,694110852482300,-0.1570,0.5950
428.8640,138.9930,0.7780,694110869017000,-0.1570,0.5950
428.9860,141.4580,0.7900,694110869066000,-0.1570,0.5950
429.0470,143.5860,0.8010,694110885176900,-0.1570,0.5950
428.9250,147.6340,0.8110,694110885275400,-0.1740,0.5940
428.6810,150.5650,0.8220,694110885276900,-0.1740,0.5940
428.1930,154.1720,0.8310,694110885277600,-0.1740,0.5940
427.4920,157.6490,0.8390,694110902297000,-0.1740,0.5940
426.5770,160.8400,0.8480,694110902409300,-0.1740,0.5940
425.4190,163.9280,0.8550,694110902410900,-0.1740,0.5940
423.9240,166.7560,0.8630,694110918059500,-0.1740,0.5940
422.1250,169.3760,0.8690,694110918174000,-0.1740,0.5940
420.0220,171.7630,0.8760,694110918176100,-0.1740,0.5940
417.7350,173.8390,0.8810,694110918176700,-0.1740,0.5940
415.2950,175.6030,0.8870,694110934053300,-0.1740,0.5940
412.6120,177.1340,0.8920,694110934149000,-0.1740,0.5940
410.3860,178.0940,0.8970,694110950138800,-0.1740,0.5940
408.4040,178.7950,0.9010,694110950666300,-0.1740,0.5940
405.1110,179.5990,0.9050,694110950668500,-0.1740,0.5940
402.5500,179.9620,0.9090,694110950669400,-0.1740,0.5940
400.4770,180.1180,0.9130,694110950670100,-0.1740,0.5940
398.6170,180.1180,0.9160,694110966249300,-0.1740,0.5940
396.7570,179.9620,0.9200,694110966290500,-0.1740,0.5940
394.9270,179.6510,0.9230,694110983042100,-0.1740,0.5940
393.2200,179.1060,0.9260,694110983114200,-0.1740,0.5940
390.5060,177.8350,0.9290,694110983116000,-0.1740,0.5940
388.7380,176.7190,0.9320,694110983116600,-0.1740,0.5940
387.5790,175.5510,0.9350,694110999205100,-0.1740,0.5940
386.6640,174.3840,0.9370,694110999263100,-0.1740,0.5940
386.0240,172.9310,0.9400,694110999264700,-0.1740,0.5940
385.5670,171.2960,0.9420,694110999265300,-0.1740,0.5940
385.3530,169.4280,0.9430,694110999266300,-0.1740,0.5940
385.3530,167.4040,0.9440,694111015226100,-0.1740,0.5940
385.8720,163.6160,0.9420,694111015299300,-0.1740,0.5940
386.7860,159.9320,0.9380,694111031292500,-0.1740,0.5940
388.5550,155.4690,0.9320,694111031346000,-0.1740,0.5940
390.0790,152.5370,0.9240,694111031347500,-0.1740,0.5940
391.6950,149.9170,0.9130,694111031348100,-0.1570,0.5950
392.9150,148.2820,0.8980,694111031348900,-0.1570,0.5950
393.8600,147.0890,0.8750,694111047845600,-0.1570,0.5950
394.7140,146.3100,0.8600,694111047918800,-0.1570,0.5950
395.2930,145.6620,0.8320,694111064501900,-0.1570,0.5950
395.7810,145.1690,0.7920,694111064592700,-0.1570,0.5950
396.1170,144.8570,0.6600,694111064594300,-0.1390,0.5940
396.3610,144.6500,0.5500,694111064595000,-0.1220,0.5950
396.4820,144.4420,0.4580,694111080577600,-0.1040,0.5950
355.0150,161.2030,0.3240,694111341323800,0.0000,0.4360
355.1370,161.3330,0.6110,694111357194400,-0.0520,0.4730
355.1370,161.5410,0.6470,694111374245200,-0.0520,0.4730
354.8620,161.8000,0.6530,694111390464200,-0.0520,0.4730
354.5270,161.9560,0.6550,694111390530800,-0.0520,0.4730
354.1610,162.0590,0.6580,694111390532400,-0.0520,0.4730
353.4900,162.2410,0.6620,694111407428100,-0.0520,0.4730
352.6670,162.3970,0.6670,694111407526100,-0.0520,0.4730
351.7830,162.5520,0.6710,694111407527500,-0.0520,0.4730
350.3190,162.7080,0.6760,694111407536000,-0.0700,0.4730
348.7940,162.9160,0.6800,694111407536800,-0.0870,0.4900
347.0870,163.0190,0.6850,694111424474300,-0.1040,0.4900
345.2580,163.0710,0.6900,694111424566600,-0.1050,0.5070
343.3370,163.0190,0.6940,694111440932600,-0.1050,0.5070
341.4770,162.9680,0.6990,694111441030000,-0.1050,0.5070
339.5560,162.8120,0.7040,694111441031400,-0.1050,0.5070
337.7570,162.5520,0.7090,694111441032000,-0.1050,0.5070
335.9580,162.2410,0.7150,694111457714500,-0.1050,0.5070
334.2500,161.8520,0.7210,694111457796900,-0.1050,0.5070
332.5730,161.3330,0.7260,694111457798800,-0.1050,0.5070
331.1100,160.7880,0.7320,694111473889100,-0.1050,0.5070
329.6460,160.1910,0.7370,694111473988900,-0.1050,0.5070
328.4260,159.5690,0.7430,694111473990800,-0.1050,0.5070
327.3590,158.9200,0.7480,694111473991500,-0.1050,0.5070
326.4450,158.2190,0.7540,694111473992100,-0.1050,0.5070
325.7740,157.6490,0.7600,694111490140900,-0.1050,0.5070
325.3470,157.1040,0.7650,694111490244700,-0.1050,0.5070
325.0720,156.6370,0.7710,694111506194000,-0.1050,0.5070
324.9810,156.1440,0.7750,694111506235300,-0.1050,0.5070
325.0110,155.7290,0.7800,694111506237400,-0.1050,0.5070
325.1940,155.3140,0.7840,694111506238100,-0.1050,0.5070
325.5910,154.7690,0.7880,694111523096100,-0.1050,0.5070
326.1400,154.3020,0.7910,694111523175800,-0.1050,0.5070
326.7190,153.8610,0.7950,694111523178100,-0.1050,0.5070
327.8470,153.3420,0.7980,694111523178800,-0.1050,0.5070
328.7920,153.0040,0.8010,694111523179500,-0.1050,0.5070
329.7070,152.7970,0.8030,694111539330700,-0.1050,0.5070
330.6220,152.7450,0.8060,694111539429900,-0.1050,0.5070
331.5060,152.7450,0.8070,694111555328700,-0.1050,0.5070
332.9090,152.9010,0.8090,694111555379000,-0.1050,0.5070
334.1890,153.2120,0.8110,694111555380600,-0.1050,0.5070
335.4090,153.6010,0.8130,694111555381200,-0.1050,0.5070
336.5370,154.1720,0.8150,694111571586700,-0.1050,0.5070
337.4210,154.8210,0.8160,694111571681400,-0.1050,0.5070
338.2750,155.6250,0.8180,694111571682900,-0.1050,0.5070
338.8240,156.3770,0.8200,694111587809100,-0.1050,0.5070
339.1900,157.1040,0.8220,694111587906400,-0.1050,0.5070
339.4640,157.9080,0.8240,694111587907800,-0.1050,0.5070
339.5560,158.7120,0.8260,694111587908400,-0.1050,0.5070
339.5560,159.5690,0.8280,694111604457100,-0.1050,0.5070
339.3420,160.8920,0.8300,694111604559000,-0.1050,0.5070
338.9150,162.1630,0.8320,694111620598100,-0.1050,0.5070
338.2750,163.4090,0.8350,694111620668200,-0.1050,0.5070
337.4210,164.6280,0.8380,694111620669800,-0.1050,0.5070
336.5370,165.7440,0.8410,694111620670400,-0.1050,0.5070
335.4090,166.8590,0.8430,694111620671000,-0.1050,0.5070
333.1830,168.6760,0.8460,694111637348800,-0.1210,0.5070
331.4760,169.8430,0.8490,694111637451800,-0.1210,0.5070
329.9810,170.6990,0.8510,694111653345100,-0.1210,0.5070
328.5790,171.4000,0.8530,694111653408100,-0.1210,0.5070
327.0850,171.9190,0.8550,694111653409800,-0.1210,0.5070
325.4990,172.4640,0.8570,694111653410400,-0.1210,0.5070
323.8530,172.8790,0.8590,694111653411000,-0.1210,0.5070
322.2060,173.1380,0.8620,694111669596200,-0.1210,0.5070
320.5290,173.3720,0.8640,694111669692200,-0.1210,0.5070
318.8830,173.5280,0.8660,694111685729400,-0.1210,0.5070
317.2970,173.5280,0.8680,694111685827200,-0.1210,0.5070
315.6810,173.4240,0.8700,694111685829200,-0.1220,0.5240
314.1870,173.2680,0.8730,694111685830400,-0.1220,0.5430
312.8150,172.9830,0.8760,694111685830900,-0.1220,0.5430
311.5340,172.6190,0.8790,694111702403700,-0.1220,0.5430
310.3760,172.1780,0.8830,694111702502800,-0.1220,0.5430
309.3090,171.6080,0.8870,694111702504300,-0.1220,0.5430
308.3330,170.9590,0.8910,694111702504900,-0.1220,0.5430
307.4490,170.1550,0.8960,694111719211400,-0.1220,0.5430
306.6250,169.3240,0.9010,694111719273200,-0.1220,0.5430
305.9550,168.3640,0.9060,694111735939500,-0.1220,0.5430
305.3140,167.3520,0.9110,694111736041000,-0.1220,0.5430
304.7650,166.1590,0.9150,694111736042900,-0.1220,0.5430
304.2470,164.8880,0.9200,694111736043500,-0.1220,0.5430
303.7590,163.5640,0.9240,694111736044100,-0.1220,0.5590
303.3320,162.1630,0.9270,694111752087200,-0.1220,0.5590
302.8440,160.7360,0.9310,694111752179700,-0.1220,0.5590
302.3870,159.1280,0.9340,694111769136200,-0.1220,0.5590
301.9600,157.4410,0.9370,694111769229800,-0.1220,0.5590
301.4720,155.6250,0.9390,694111769231600,-0.1220,0.5590
300.7100,152.1480,0.9410,694111769232300,-0.1220,0.5590
300.1310,149.6570,0.9430,694111785210000,-0.1220,0.5590
299.6430,147.5820,0.9450,694111785273100,-0.1220,0.5770
299.2770,145.7140,0.9470,694111785274600,-0.1220,0.5770
299.0030,143.8450,0.9480,694111801477800,-0.1220,0.5770
298.6370,141.9770,0.9490,694111801578900,-0.1220,0.5950
298.3320,140.1090,0.9500,694111801580400,-0.1220,0.5950
298.1180,138.3710,0.9510,694111801581000,-0.1220,0.5950
297.8440,136.6070,0.9520,694111817592400,-0.1220,0.5950
297.6910,134.9460,0.9530,694111817661600,-0.1220,0.5950
297.4780,133.4150,0.9530,694111834305100,-0.1220,0.5950
297.2950,131.9620,0.9540,694111834387900,-0.1220,0.5950
297.2650,130.7950,0.9550,694111834390200,-0.1220,0.5950
297.0820,129.8350,0.9550,694111834390700,-0.1220,0.5950
297.0510,128.9780,0.9560,694111834391300,-0.1220,0.5950
296.9900,128.1740,0.9570,694111850470100,-0.1220,0.5950
296.9290,127.4480,0.9580,694111850543900,-0.1220,0.5950
296.8680,126.8510,0.9590,694111850545500,-0.1220,0.5950
296.8380,126.3320,0.9600,694111850546200,-0.1220,0.5950
296.7770,125.8910,0.9580,694111867341200,-0.1220,0.5950
296.7770,125.4760,0.9520,694111867424000,-0.1220,0.5950
296.7770,125.1380,0.9410,694111883950800,-0.1220,0.5950
296.7770,124.9310,0.9250,694111884034700,-0.1220,0.5950
296.9290,124.6710,0.8870,694111884036700,-0.1220,0.5950
297.0510,124.6190,0.8590,694111884037300,-0.1220,0.5950
297.5080,124.8270,0.6820,694111900100400,-0.1220,0.5950
297.9050,125.0350,0.5680,694111916566700,-0.1220,0.5950
298.4840,125.2940,0.4730,694111916603300,-0.1040,0.5950
314.4620,133.4670,0.3250,694111999305200,-0.0510,0.5590
315.0410,133.5190,0.4880,694111999390200,-0.0690,0.5590
315.5900,133.6230,0.5690,694111999391800,-0.0870,0.5590
316.0780,133.7260,0.6100,694111999392500,-0.0870,0.5590
316.5350,133.8300,0.6300,694111999393100,-0.0870,0.5590
316.9620,133.9340,0.6400,694112015262600,-0.0870,0.5590
317.4500,134.0380,0.6460,694112015331800,-0.0870,0.5590
317.9380,134.0900,0.6520,694112032208800,-0.0870,0.5590
318.5170,134.0900,0.6580,694112032241700,-0.0870,0.5590
319.3710,134.0900,0.6660,694112032249700,-0.0870,0.5590
320.2850,134.0380,0.6740,694112032250400,-0.0870,0.5590
321.2310,133.9860,0.6820,694112032251000,-0.0870,0.5590
322.7250,133.9340,0.6900,694112048387300,-0.0870,0.5590
324.2800,133.8820,0.6980,694112048473900,-0.0870,0.5590
325.8650,133.8820,0.7050,694112048476700,-0.0870,0.5590
327.5120,133.8820,0.7110,694112048477300,-0.0870,0.5590
329.1890,133.9860,0.7150,694112064875800,-0.0870,0.5590
330.6830,134.1420,0.7150,694112064982200,-0.1040,0.5590
332.1160,134.4790,0.7070,694112081494000,-0.1040,0.5590
333.3350,134.7900,0.6910,694112081577400,-0.1040,0.5590
334.2500,135.2050,0.6690,694112081579100,-0.1040,0.5590
334.7690,135.6980,0.6530,694112081579600,-0.1040,0.5590
335.1340,136.1140,0.6210,694112081580200,-0.1040,0.5590
335.1950,136.6580,0.5170,694112098134100,-0.1040,0.5590
334.9210,137.3070,0.4310,694112098178400,-0.1040,0.5590
334.2810,138.2410,0.3590,694112098179600,-0.1040,0.5590
258.7240,156.4810,0.2390,694112377189400,0.0000,0.5240
259.2120,155.9360,0.3610,694112377236200,-0.0350,0.5420
259.6390,155.4690,0.4240,694112377237800,-0.0510,0.5410
260.0650,154.9760,0.4580,694112377238400,-0.0510,0.5410
260.4310,154.5610,0.4760,694112377239100,-0.0510,0.5410
260.7970,154.2240,0.4870,694112393645700,-0.0510,0.5410
261.1330,153.9120,0.4950,694112393726000,-0.0510,0.5410
261.4380,153.6530,0.5030,694112409647800,-0.0510,0.5410
261.7730,153.3930,0.5110,694112409731000,-0.0510,0.5410
262.0780,153.1600,0.5220,694112409732600,-0.0690,0.5420
262.4130,152.9520,0.5330,694112409733200,-0.0870,0.5420
262.7790,152.7970,0.5430,694112426311800,-0.0870,0.5420
263.0840,152.6930,0.5540,694112426408100,-0.0870,0.5420
263.4190,152.6930,0.5640,694112442365000,-0.0870,0.5420
263.8460,152.6930,0.5740,694112442462600,-0.1050,0.5410
264.2730,152.8490,0.5840,694112442464600,-0.1050,0.5410
264.7920,153.1080,0.5930,694112442465400,-0.1050,0.5410
265.4010,153.4450,0.6030,694112442466100,-0.1050,0.5410
265.9810,153.8610,0.6120,694112458476100,-0.1050,0.5410
266.8340,154.6650,0.6200,694112458574500,-0.1220,0.5430
267.6270,155.4690,0.6290,694112474440300,-0.1220,0.5430
268.4200,156.4290,0.6370,694112474512300,-0.1220,0.5430
269.1210,157.4410,0.6450,694112474513800,-0.1220,0.5430
269.7620,158.5570,0.6530,694112474514400,-0.1220,0.5430
270.3410,159.7240,0.6620,694112491077700,-0.1220,0.5430
270.8290,160.9440,0.6700,694112491139800,-0.1220,0.5430
271.2560,162.2410,0.6800,694112491141400,-0.1220,0.5430
271.6220,163.4610,0.6880,694112507309300,-0.1220,0.5430
271.8350,164.5760,0.6970,694112507424200,-0.1220,0.5430
271.9570,165.5360,0.7050,694112507425700,-0.1220,0.5430
271.8960,166.4440,0.7120,694112507426300,-0.1220,0.5430
271.8350,167.3010,0.7190,694112524375500,-0.1220,0.5430
271.6830,168.1310,0.7270,694112524485200,-0.1220,0.5430
271.3170,169.3760,0.7340,694112524486700,-0.1220,0.5430
270.7680,170.4400,0.7420,694112524487300,-0.1220,0.5430
270.0670,171.4520,0.7490,694112541190000,-0.1220,0.5430
269.2740,172.3080,0.7560,694112541252500,-0.1220,0.5430
268.3590,172.9830,0.7630,694112557449700,-0.1220,0.5430
267.3530,173.5790,0.7690,694112557569900,-0.1220,0.5430
266.2550,174.0460,0.7750,694112557571800,-0.1220,0.5430
265.0050,174.3840,0.7800,694112557572900,-0.1220,0.5430
263.9380,174.5910,0.7860,694112557574000,-0.1220,0.5430
262.8710,174.6430,0.7910,694112574307800,-0.1220,0.5430
261.9250,174.6430,0.7950,694112574403300,-0.1220,0.5430
260.4920,174.4880,0.7990,694112574404900,-0.1220,0.5430
259.1510,174.2800,0.8020,694112574405800,-0.1220,0.5430
257.8700,173.8910,0.8060,694112590927400,-0.1220,0.5430
256.6500,173.4240,0.8090,694112590962000,-0.1220,0.5430
255.4920,172.7750,0.8120,694112606950100,-0.1220,0.5430
254.4550,172.0750,0.8140,694112607014300,-0.1220,0.5430
253.5100,171.2440,0.8170,694112607015900,-0.1220,0.5430
252.6560,170.3360,0.8190,694112607016500,-0.1220,0.5430
251.8940,169.3760,0.8220,694112607017100,-0.1220,0.5430
251.4360,168.5720,0.8240,694112624040100,-0.1220,0.5430
251.0400,167.8710,0.8260,694112624137500,-0.1220,0.5430
250.7350,167.3520,0.8280,694112640173700,-0.1220,0.5590
250.5220,166.8590,0.8290,694112640265300,-0.1220,0.5590
250.3690,166.4960,0.8310,694112640267000,-0.1220,0.5590
250.2170,166.1590,0.8320,694112640267700,-0.1220,0.5590
250.0340,165.8480,0.8320,694112640268200,-0.1220,0.5590
249.8810,165.5880,0.8330,694112657075200,-0.1220,0.5590
249.7290,165.3810,0.8330,694112657172200,-0.1220,0.5590
249.6070,165.1990,0.8330,694112674017200,-0.1220,0.5590
249.3940,165.0430,0.8320,694112674122200,-0.1220,0.5590
248.9360,165.4320,0.8310,694112690243200,-0.1220,0.5590
248.6620,165.6920,0.8300,694112690343100,-0.1220,0.5590
248.2960,166.1590,0.8300,694112690344900,-0.1220,0.5590
247.8080,166.7040,0.8300,694112690345900,-0.1220,0.5590
247.3810,167.2490,0.8290,694112707015200,-0.1220,0.5590
246.6190,168.0790,0.8290,694112707076800,-0.1220,0.5590
245.8870,168.8310,0.8290,694112723800100,-0.1220,0.5590
245.1860,169.5320,0.8290,694112723904200,-0.1220,0.5590
244.6060,170.0510,0.8290,694112723906100,-0.1220,0.5590
244.0880,170.5440,0.8290,694112723906700,-0.1220,0.5590
243.4480,171.0110,0.8290,694112723907500,-0.1220,0.5590
242.5940,171.6590,0.8290,694112740788700,-0.1220,0.5590
241.7710,172.1260,0.8300,694112740890900,-0.1220,0.5590
241.1000,172.5160,0.8300,694112757292100,-0.1220,0.5590
240.3380,172.8270,0.8310,694112757350700,-0.1220,0.5590
239.6360,173.0860,0.8310,694112757352500,-0.1220,0.5590
238.9050,173.3200,0.8320,694112757353100,-0.1220,0.5590
238.1120,173.4760,0.8320,694112757353800,-0.1220,0.5590
237.3500,173.5790,0.8330,694112773488400,-0.1220,0.5590
236.4960,173.6310,0.8340,694112773519000,-0.1220,0.5590
235.8250,173.6310,0.8350,694112790326700,-0.1220,0.5590
235.0020,173.5280,0.8360,694112790417700,-0.1220,0.5590
234.2700,173.4240,0.8360,694112790419300,-0.1220,0.5590
233.5380,173.2160,0.8370,694112790419900,-0.1220,0.5590
232.7760,172.8790,0.8380,694112806354800,-0.1220,0.5590
231.8310,172.3080,0.8390,694112806455900,-0.1220,0.5590
231.0680,171.7630,0.8410,694112806457400,-0.1220,0.5590
230.4890,171.1670,0.8420,694112806458700,-0.1220,0.5590
230.0010,170.6480,0.8430,694112806459200,-0.1220,0.5590
229.5740,170.1030,0.8440,694112823201600,-0.1220,0.5590
229.2080,169.5320,0.8440,694112823358900,-0.1220,0.5590
228.8430,169.0390,0.8450,694112839483900,-0.1220,0.5590
228.5680,168.6240,0.8450,694112839566600,-0.1220,0.5590
228.2940,168.2610,0.8460,694112839568100,-0.1220,0.5590
228.0800,167.9230,0.8460,694112839568700,-0.1220,0.5590
227.9280,167.6640,0.8460,694112855452700,-0.1220,0.5590
227.7140,167.4040,0.8450,694112855536400,-0.1220,0.5590
227.5620,167.1710,0.8450,694112872463300,-0.1220,0.5590
227.4100,167.0150,0.8440,694112872580500,-0.1220,0.5590
227.2880,166.8590,0.8430,694112872584700,-0.1220,0.5590
227.0130,166.7040,0.8420,694112872585800,-0.1220,0.5770
226.7080,166.7040,0.8410,694112888499100,-0.1220,0.5770
226.4340,166.8590,0.8410,694112888572500,-0.1220,0.5770
226.1290,167.0670,0.8400,694112888574100,-0.1220,0.5770
225.6410,167.4560,0.8390,694112905475700,-0.1220,0.5770
225.0920,167.8190,0.8380,694112905579900,-0.1220,0.5770
224.5130,168.2610,0.8380,694112921461500,-0.1220,0.5770
223.9950,168.7280,0.8380,694112921561300,-0.1220,0.5770
223.3850,169.2210,0.8370,694112921562900,-0.1220,0.5770
222.7440,169.6360,0.8370,694112921563600,-0.1220,0.5770
221.9210,170.3360,0.8370,694112921564700,0.1050,0.5770
221.0980,170.8030,0.8370,694112938429500,0.1050,0.5770
220.3660,171.2960,0.8380,694112938526000,0.1050,0.5770
219.6650,171.6080,0.8380,694112954423800,0.1050,0.5770
218.9640,171.8670,0.8380,694112954496400,0.1050,0.5770
218.2320,172.1780,0.8380,694112954498400,0.1050,0.5770
217.4390,172.4120,0.8380,694112954499100,0.1050,0.5770
216.6770,172.6190,0.8380,694112971439100,0.1050,0.5770
215.8840,172.7230,0.8380,694112971524400,0.1050,0.5770
215.0910,172.7750,0.8380,694112971526500,0.1050,0.5770
214.2980,172.7750,0.8390,694112971527500,0.1050,0.5770
213.4750,172.7230,0.8390,694112987594400,0.1050,0.5770
212.6820,172.6190,0.8390,694112987697700,0.1050,0.5770
211.8900,172.4640,0.8400,694112987699200,0.1050,0.5770
211.0970,172.1780,0.8410,694113004385400,0.1050,0.5770
209.9690,171.7630,0.8410,694113004495200,0.1050,0.5770
208.9010,171.2960,0.8420,694113004496600,0.1050,0.5770
207.8950,170.6990,0.8430,694113004497700,0.1050,0.5770
207.1020,170.1550,0.8430,694113020474400,0.1050,0.5770
206.4620,169.6360,0.8440,694113020547800,0.1050,0.5770
205.9130,169.2210,0.8450,694113020549500,0.1050,0.5770
205.4250,168.7280,0.8450,694113037147700,0.1050,0.5770
204.9680,168.3120,0.8450,694113037257400,0.1050,0.5770
204.4800,167.9230,0.8460,694113037259000,0.1050,0.5770
204.1140,167.6120,0.8460,694113037259600,0.1050,0.5770
203.7790,167.3010,0.8450,694113053128300,0.1050,0.5770
203.5350,167.0670,0.8450,694113053191500,0.1050,0.5770
203.2610,166.9110,0.8450,694113069169100,0.1050,0.5770
202.9860,166.7040,0.8440,694113069233400,0.1050,0.5770
202.7120,166.5480,0.8430,694113069234900,0.1050,0.5770
202.4680,166.4960,0.8430,694113069235500,0.1050,0.5770
202.1930,166.4960,0.8430,694113069236400,0.1050,0.5770
201.8580,166.5480,0.8420,694113085490700,0.1050,0.5770
201.4310,166.7040,0.8420,694113085588800,0.1050,0.5770
200.9740,167.0150,0.8420,694113102165800,0.1050,0.5770
200.3640,167.4560,0.8420,694113102262800,0.1230,0.5760
199.4800,168.1310,0.8410,694113102264700,0.1230,0.5760
198.6260,168.8310,0.8410,694113102265300,0.1230,0.5760
197.6500,169.5840,0.8400,694113118333700,0.1230,0.5760
196.7960,170.3360,0.8400,694113118440700,0.1230,0.5760
195.9120,170.9590,0.8390,694113118442300,0.1230,0.5760
195.0580,171.6590,0.8390,694113118443000,0.1230,0.5760
194.2960,172.1780,0.8390,694113118443800,0.1230,0.5760
193.5950,172.6190,0.8390,694113135295800,0.1230,0.5760
192.9240,172.9830,0.8390,694113135403600,0.1230,0.5760
192.2840,173.3200,0.8390,694113151457500,0.1230,0.5760
191.5820,173.5790,0.8390,694113151554000,0.1230,0.5760
190.9420,173.7870,0.8390,694113151555500,0.1230,0.5760
190.3630,173.8910,0.8400,694113151556300,0.1230,0.5760
189.8140,173.9430,0.8410,694113151556800,0.1230,0.5760
189.3870,173.8910,0.8410,694113167572700,0.1230,0.5760
188.9300,173.7870,0.8420,694113167604800,0.1230,0.5760
188.5330,173.5790,0.8430,694113183910000,0.1230,0.5760
188.0150,173.2160,0.8440,694113183990700,0.1230,0.5760
187.5880,172.7230,0.8450,694113183992100,0.1230,0.5760
187.1610,172.1260,0.8450,694113183992800,0.1230,0.5760
186.8560,171.5040,0.8460,694113199936000,0.1230,0.5760
186.5820,170.6990,0.8460,694113199977500,0.1230,0.5760
186.2160,169.5320,0.8460,694113199979600,0.1230,0.5760
185.9420,168.2610,0.8460,694113199980500,0.1230,0.5760
185.7280,166.9110,0.8450,694113216797700,0.1230,0.5760
185.5760,165.7440,0.8430,694113216914100,0.1230,0.5760
185.4540,164.7320,0.8430,694113216915700,0.1230,0.5760
185.3620,163.8240,0.8430,694113232788100,0.1230,0.5760
185.2400,162.8640,0.8420,694113232867000,0.1230,0.5760
185.0880,162.0080,0.8420,694113232868900,0.1230,0.5760
184.8130,160.7360,0.8410,694113232869900,0.1230,0.5940
184.5090,159.5170,0.8400,694113249571700,0.1230,0.5940
184.1120,158.5570,0.8390,694113249637300,0.1230,0.5940
183.6550,157.4930,0.8390,694113249638900,0.1230,0.5940
183.0450,156.5330,0.8380,694113266238600,0.1230,0.5940
182.4660,155.7810,0.8370,694113266279200,0.1230,0.5940
181.7340,154.9760,0.8360,694113266280700,0.1230,0.5940
180.8800,154.3020,0.8350,694113266281300,0.1230,0.5940
180.0260,153.8090,0.8330,694113282262400,0.1230,0.5940
179.2340,153.4450,0.8320,694113282333200,0.1230,0.5940
178.0440,153.0560,0.8320,694113298308800,0.1230,0.5940
176.7640,152.8490,0.8310,694113298435900,0.1230,0.5940
175.3920,152.6930,0.8300,694113298439400,0.1230,0.6120
174.1720,152.6410,0.8290,694113298440000,0.1230,0.6120
172.6780,152.6930,0.8290,694113298440700,0.1230,0.6120
171.1230,152.8490,0.8280,694113314523700,0.1230,0.6120
169.5680,153.0560,0.8270,694113314631700,0.1230,0.6120
167.9820,153.3930,0.8270,694113331261800,0.1230,0.6120
166.4270,153.7570,0.8260,694113331324800,0.1230,0.6120
164.9330,154.2240,0.8250,694113331326200,0.1230,0.6120
163.4390,154.8210,0.8250,694113331327200,0.1230,0.6120
162.0670,155.4170,0.8240,694113347382800,0.1230,0.6120
160.7260,156.0920,0.8240,694113347492600,0.1230,0.6120
159.5970,156.7920,0.8240,694113347494200,0.1230,0.6120
158.5910,157.4930,0.8240,694113347494900,0.1230,0.6120
157.7370,158.2190,0.8240,694113347495700,0.1230,0.6120
157.0060,159.0240,0.8240,694113363567400,0.1230,0.6120
156.4570,159.7760,0.8240,694113363664500,0.1230,0.6120
156.1520,160.4250,0.8240,694113380361500,0.1230,0.6120
155.9380,161.0480,0.8240,694113380465000,0.1230,0.6120
155.8160,161.6440,0.8240,694113380466600,0.1230,0.6120
155.8160,162.1630,0.8240,694113380467200,0.1230,0.6120
155.9380,162.8640,0.8240,694113396546500,0.1230,0.6120
156.2130,163.5640,0.8240,694113396619700,0.1230,0.6120
156.5180,164.1870,0.8250,694113396621500,0.1230,0.6120
156.9450,164.8360,0.8250,694113412728700,0.1230,0.6120
157.7370,165.6400,0.8250,694113412791000,0.1230,0.6120
158.5610,166.4440,0.8260,694113412792800,0.1230,0.6120
159.2310,166.9630,0.8260,694113412793500,0.1230,0.6120
159.8720,167.4560,0.8260,694113429221000,0.1230,0.6120
160.4210,167.8710,0.8250,694113429284500,0.1230,0.6120
160.8780,168.2610,0.8240,694113445442500,0.1230,0.6120
161.3050,168.5720,0.8220,694113445543800,0.1230,0.6120
161.6400,168.7790,0.8200,694113445545400,0.1230,0.6120
161.9150,169.0390,0.8180,694113445545900,0.1230,0.6120
162.1280,169.2720,0.8160,694113445546500,0.1230,0.6120
162.2200,169.4800,0.8140,694113461751500,0.1230,0.6120
162.2200,169.7390,0.8120,694113461835000,0.1230,0.6120
161.8540,170.2840,0.8090,694113478040700,0.1230,0.6120
161.2740,170.6990,0.8080,694113478142500,0.1230,0.6120
160.2070,171.3480,0.8070,694113478144100,0.1230,0.6120
158.9270,171.9710,0.8050,694113494818700,0.1410,0.6120
157.5240,172.6710,0.8040,694113494883800,0.1580,0.6110
154.5970,173.8390,0.8040,694113494885300,0.1580,0.6110
152.4620,174.6950,0.8030,694113494886000,0.1580,0.6110
150.8160,175.3960,0.8020,694113494886600,0.1580,0.6110
149.1080,175.9660,0.8010,694113511207200,0.1580,0.6110
146.0900,177.1340,0.8000,694113511304800,0.1580,0.6110
143.0410,178.1460,0.7990,694113527435000,0.1580,0.6110
140.9060,178.8980,0.7990,694113527532600,0.1580,0.6110
139.1380,179.4950,0.7980,694113527534300,0.1580,0.6110
137.7050,180.0140,0.7980,694113527535000,0.1580,0.6110
136.2110,180.5590,0.7970,694113527535600,0.1760,0.6120
134.7780,181.1300,0.7960,694113544299300,0.1760,0.6120
133.3450,181.6750,0.7960,694113544400600,0.1760,0.6120
132.0030,182.2710,0.7960,694113560409500,0.1760,0.6120
130.6610,182.7900,0.7960,694113560491300,0.1760,0.6120
129.4420,183.3870,0.7970,694113560493900,0.1760,0.6120
128.2830,183.9580,0.7970,694113560495200,0.1760,0.6120
127.1550,184.5550,0.7980,694113560496100,0.1760,0.6120
126.0880,185.2550,0.7990,694113577435000,0.1760,0.6120
125.0200,185.9300,0.8000,694113577522100,0.1760,0.6120
124.0750,186.7340,0.8010,694113577524200,0.1940,0.6120
123.1610,187.5900,0.8020,694113593541200,0.1940,0.6120
122.3070,188.4980,0.8040,694113593638800,0.1940,0.6120
121.5140,189.4580,0.8050,694113593640200,0.1940,0.6120
120.7210,190.5220,0.8060,694113610163300,0.1940,0.6120
120.0200,191.6380,0.8080,694113610260900,0.1940,0.6120
119.4410,192.8050,0.8100,694113610263000,0.1940,0.6120
118.8920,194.1550,0.8120,694113610263600,0.1940,0.6120
118.4650,195.4260,0.8150,694113626290600,0.1940,0.6120
118.1600,196.7490,0.8180,694113626378100,0.1940,0.6120
117.9470,197.8130,0.8220,694113626379900,0.1940,0.6120
117.8250,198.8770,0.8250,694113642432800,0.1940,0.6120
117.7940,199.8370,0.8290,694113642534700,0.1940,0.6120
117.8250,200.9010,0.8330,694113642536300,0.1940,0.6120
117.8860,202.4570,0.8370,694113642537000,0.1940,0.6120
118.0380,204.0400,0.8420,694113658615100,0.1940,0.6120
118.3120,205.6490,0.8470,694113658700900,0.1940,0.6120
118.5870,207.2570,0.8520,694113658702900,0.1940,0.6120
118.8310,208.8920,0.8590,694113674589000,0.1940,0.6120
119.1050,210.5520,0.8650,694113674660500,0.1940,0.6120
119.3800,212.1610,0.8710,694113674662100,0.1940,0.6120
119.6850,213.7440,0.8770,694113674662600,0.1940,0.6120
119.9590,215.3010,0.8830,694113691150200,0.1940,0.6120
120.2330,216.7790,0.8880,694113691251900,0.1940,0.6120
120.4470,218.2320,0.8930,694113691264000,0.1940,0.6120
120.6600,219.5560,0.8980,694113691265000,0.1940,0.6120
120.8740,220.6190,0.9030,694113708141800,0.1940,0.6120
121.0260,221.5280,0.9070,694113708242000,0.1940,0.6120
121.1480,222.3320,0.9120,694113724304600,0.1940,0.6120
121.3010,223.0070,0.9160,694113724409100,0.1940,0.6120
121.3920,223.7070,0.9200,694113724410900,0.1940,0.6120
121.5750,224.3040,0.9240,694113724411400,0.1940,0.6120
121.6660,224.8230,0.9280,694113740444400,0.1940,0.6120
121.7880,225.3160,0.9290,694113740526300,0.1940,0.6120
121.8800,225.7830,0.9260,694113740528000,0.1940,0.6120
122.0020,226.2760,0.9160,694113740528800,0.1940,0.6120
122.2150,226.9500,0.8990,694113757388800,0.1940,0.6120
122.3680,227.6510,0.8720,694113757487700,0.1940,0.6120
122.5810,228.3510,0.8510,694113757489200,0.1940,0.6120
122.6730,229.0260,0.8080,694113774121600,0.1940,0.6120
122.8860,229.6750,0.6730,694113774148100,0.1940,0.6120
123.0080,230.2710,0.5610,694113774149400,0.1920,0.5940
123.1000,230.6860,0.4670,694113774150000,0.1930,0.5770
