680.0290,91.1160,0.1340,1304197574994200,0.2620,0.0000
679.8140,90.6050,0.2010,1304197575040900,0.2790,0.0000
679.5140,90.2410,0.2340,1304197575042200,0.2790,0.0000
679.2140,89.7660,0.2500,1304197590972000,0.2790,0.0000
678.9140,89.4740,0.2570,1304197591061600,0.2790,0.0000
678.6140,89.1090,0.2610,1304197591063100,0.2790,0.0000
678.4000,88.8910,0.2620,1304197591063700,0.2790,0.0000
678.2290,88.6720,0.2620,1304197607945200,0.2790,0.0000
678.1000,88.4160,0.2630,1304197607976500,0.2790,0.0000
677.8860,88.1970,0.2660,1304197623968500,0.2790,0.0000
677.6290,87.9780,0.2780,1304197623998600,0.2790,0.0000
678.2290,88.8910,0.3210,1304197656214900,0.2790,0.0000
678.7000,89.2550,0.3280,1304197656244000,0.2790,0.0000
679.6000,89.8390,0.3350,1304197672340600,0.2790,0.0000
681.1000,90.7510,0.3420,1304197672395500,0.2790,0.0000
682.6000,91.7370,0.3480,1304197689240300,0.2810,0.0350
684.3140,92.6850,0.3540,1304197689290700,0.2800,0.0870
686.1140,93.7430,0.3590,1304197689304800,0.2810,0.1400
688.0430,94.8010,0.3630,1304197689305400,0.2810,0.1750
690.0140,96.0050,0.3670,1304197705280800,0.2980,0.2100
691.8570,97.1360,0.3710,1304197705321800,0.2980,0.2450
693.6570,98.3770,0.3750,1304197705323200,0.2980,0.2800
695.4140,99.7270,0.3780,1304197705323700,0.2980,0.3150
696.8710,101.0770,0.3810,1304197705324200,0.2980,0.3320
698.1570,102.5000,0.3840,1304197722256900,0.2980,0.3500
699.3570,103.9960,0.3870,1304197722300200,0.2980,0.3670
700.2570,105.6740,0.3910,1304197739180200,0.2980,0.3840
700.9430,107.3160,0.3950,1304197739205800,0.2980,0.4030
701.3710,109.1770,0.4000,1304197739207100,0.2970,0.4190
701.5430,111.2200,0.4050,1304197739207700,0.2970,0.4190
701.5430,113.3730,0.4110,1304197739208400,0.2970,0.4190
701.0710,115.7810,0.4170,1304197755247900,0.2970,0.4190
700.4710,118.2620,0.4240,1304197755287900,0.2970,0.4190
699.2710,122.8230,0.4300,1304197771570100,0.2800,0.4200
697.7290,127.0190,0.4370,1304197771594100,0.2800,0.4200
696.0570,131.1420,0.4430,1304197771595500,0.2800,0.4200
694.0430,135.1190,0.4500,1304197771596200,0.2800,0.4200
692.1140,139.0590,0.4570,1304197788555900,0.2800,0.4200
689.9290,143.0360,0.4640,1304197788597200,0.2800,0.4200
687.6570,147.0860,0.4710,1304197804523300,0.2800,0.4200
685.4290,151.1360,0.4770,1304197804549100,0.2800,0.4200
682.9430,154.9680,0.4830,1304197804550400,0.2790,0.4360
680.5000,158.5430,0.4890,1304197804551100,0.2810,0.4550
677.8860,161.7910,0.4940,1304197804551800,0.2810,0.4550
675.1000,164.7820,0.4990,1304197821491700,0.2800,0.4730
672.1860,167.5550,0.5030,1304197821544700,0.2800,0.4730
669.0140,170.1090,0.5070,1304197821546400,0.2800,0.4730
665.7140,172.4810,0.5100,1304197821551600,0.2800,0.4730
662.2000,174.8890,0.5120,1304197821589500,0.2800,0.4730
658.3860,177.2240,0.5130,1304197838540700,0.2980,0.4720
654.5710,179.3770,0.5100,1304197838571400,0.2980,0.4720
650.5860,181.4200,0.5040,1304197855500900,0.2980,0.4720
646.5570,183.4270,0.4950,1304197855525200,0.2980,0.4720
642.6570,185.1420,0.4840,1304197855526500,0.2980,0.4720
639.8290,186.4190,0.4700,1304197855527200,0.3150,0.4720
637.5570,187.3310,0.4560,1304197855527800,0.3320,0.4710
635.7140,187.9880,0.4410,1304197871617500,0.3150,0.4720
634.3430,188.5350,0.4220,1304197871665400,0.3150,0.4720
633.3570,188.8270,0.3960,1304197887694300,0.3150,0.4720
632.5430,188.9730,0.3300,1304197887727000,0.3150,0.4720
631.9430,188.8270,0.2750,1304197887728200,0.3150,0.4720
631.6430,188.5350,0.2290,1304197887728900,0.2980,0.4720
653.8860,115.5620,0.0170,1304198086807800,0.2980,0.4900
653.4570,116.5110,0.1620,1304198118951100,0.2980,0.4900
653.3710,117.1310,0.1820,1304198118980900,0.2980,0.4900
653.2860,117.7880,0.2010,1304198118981900,0.2980,0.4900
653.2430,118.5540,0.2190,1304198118982500,0.2980,0.4900
653.2860,119.2840,0.2350,1304198118983100,0.2980,0.4900
653.4570,120.3420,0.2500,1304198135116800,0.2980,0.4900
653.7570,121.3270,0.2640,1304198135161500,0.2980,0.4900
654.0570,122.3120,0.2760,1304198151204300,0.2980,0.4900
654.4860,123.2610,0.2870,1304198151316800,0.2980,0.4900
655.0860,124.1000,0.2970,1304198151318400,0.2980,0.4900
655.7710,124.7570,0.3060,1304198151345000,0.2980,0.4900
656.5000,125.3770,0.3140,1304198167171100,0.2980,0.4900
657.4000,125.7420,0.3200,1304198167249900,0.2980,0.4900
658.3860,125.9610,0.3260,1304198183414200,0.2980,0.4900
659.5000,126.0340,0.3310,1304198183456900,0.2980,0.4900
660.6570,125.9610,0.3350,1304198183457900,0.2980,0.4900
661.8570,125.7420,0.3390,1304198183458400,0.2980,0.4900
663.4860,125.3040,0.3420,1304198200313100,0.2980,0.4900
665.0710,124.5380,0.3450,1304198200359500,0.2980,0.4900
666.4000,123.7350,0.3480,1304198200361100,0.2980,0.4900
667.6860,122.6040,0.3510,1304198200362300,0.2980,0.4900
668.5860,121.3270,0.3530,1304198200369000,0.2980,0.4900
669.2710,120.1960,0.3550,1304198216480700,0.2980,0.5070
669.6140,119.0650,0.3580,1304198216516900,0.2980,0.5070
669.7860,118.1160,0.3620,1304198233447600,0.2980,0.5070
669.7860,117.2040,0.3670,1304198233482200,0.2980,0.5070
669.5710,116.1460,0.3720,1304198233483200,0.2980,0.5070
669.1860,115.0880,0.3790,1304198233483800,0.2980,0.5070
668.2860,113.6650,0.3870,1304198233484300,0.2980,0.5070
667.0860,112.5700,0.3940,1304198250424000,0.2980,0.5070
665.6720,111.6580,0.4020,1304198250492400,0.2980,0.5070
663.9140,111.1470,0.4090,1304198266437700,0.2980,0.5070
661.9000,110.8190,0.4150,1304198266489200,0.2980,0.5070
659.7570,110.7460,0.4190,1304198266492600,0.2980,0.5070
657.3570,110.9650,0.4190,1304198266494700,0.2980,0.5070
654.8710,111.5120,0.4030,1304198282525600,0.2980,0.5070
650.5860,112.8620,0.3360,1304198282570000,0.2980,0.5070
647.3710,113.9200,0.2800,1304198299529000,0.2980,0.5070
644.9710,114.5040,0.2330,1304198299577000,0.2980,0.5070
601.9860,88.2700,0.1780,1304198831250400,0.2110,0.4370
601.8570,88.8910,0.1990,1304198831304100,0.2110,0.4550
601.6860,89.5470,0.2180,1304198831306700,0.2110,0.4730
601.5570,90.6780,0.2370,1304198846959200,0.2100,0.4890
601.3860,91.8100,0.2530,1304198846997800,0.2100,0.5060
601.3000,93.0870,0.2690,1304198862931200,0.2100,0.5060
601.1710,94.4370,0.2830,1304198862991000,0.2100,0.5060
601.0860,96.4430,0.2970,1304198862992500,0.2100,0.5060
601.0000,98.5590,0.3090,1304198862993000,0.2100,0.5060
601.0000,100.3470,0.3210,1304198879917900,0.2100,0.5060
600.9570,101.9160,0.3320,1304198879948400,0.2100,0.5060
600.8710,103.4120,0.3430,1304198879949400,0.2100,0.5060
600.8710,104.8350,0.3530,1304198879950000,0.2100,0.5060
600.7860,106.2580,0.3630,1304198879950500,0.2100,0.5060
600.5710,108.3010,0.3730,1304198897035900,0.2100,0.5060
600.2710,110.1620,0.3820,1304198897122000,0.2100,0.5060
599.8860,111.8770,0.3920,1304198913893500,0.2100,0.5060
599.2860,113.5190,0.4010,1304198913921300,0.2100,0.5060
598.5570,115.0880,0.4100,1304198913922100,0.2280,0.5060
597.4860,116.5110,0.4180,1304198913922800,0.2450,0.5060
596.2860,117.7880,0.4270,1304198913923300,0.2450,0.5060
594.8710,119.0650,0.4350,1304198930088700,0.2450,0.5060
593.2430,120.1230,0.4420,1304198930154500,0.2450,0.5060
591.4430,121.1080,0.4490,1304198946154800,0.2450,0.5060
589.4710,121.9840,0.4550,1304198946229500,0.2630,0.5070
587.5430,122.6770,0.4610,1304198946230700,0.2630,0.5070
585.5710,123.2610,0.4640,1304198946251200,0.2800,0.5060
583.5570,123.6260,0.4660,1304198963101600,0.2800,0.5060
581.9290,123.8810,0.4610,1304198963158700,0.2800,0.5060
580.5570,123.9540,0.4490,1304198963163000,0.2800,0.5060
579.4430,123.9540,0.4310,1304198963164200,0.2800,0.5060
578.5430,123.8810,0.4050,1304198980107200,0.2980,0.5070
577.8140,123.7350,0.3380,1304198980153600,0.2980,0.5070
577.3430,123.5530,0.2810,1304198980154400,0.2980,0.5070
576.9570,123.4070,0.2340,1304198997152200,0.2980,0.5070
586.1710,140.1910,0.0160,1304199147327800,0.2450,0.4720
586.4710,140.4820,0.0420,1304199147383400,0.2450,0.4720
586.9430,140.8110,0.0720,1304199147384800,0.2450,0.4720
587.5430,141.1030,0.1020,1304199147385500,0.2450,0.4720
588.5290,141.3220,0.1310,1304199163054000,0.2450,0.4720
589.6430,141.4680,0.1580,1304199163081100,0.2450,0.4720
590.6710,141.6130,0.1840,1304199163088900,0.2450,0.4720
591.8710,141.6860,0.2090,1304199163090000,0.2450,0.4720
592.9860,141.7590,0.2310,1304199163090600,0.2450,0.4720
594.1860,141.8320,0.2510,1304199179116300,0.2450,0.4720
595.3860,141.9050,0.2690,1304199179141800,0.2450,0.4720
596.5430,142.0150,0.2850,1304199196072500,0.2450,0.4720
597.7430,142.0150,0.2980,1304199196122400,0.2450,0.4720
598.8570,142.1610,0.3060,1304199196124100,0.2450,0.4720
599.8860,142.2340,0.3090,1304199196126600,0.2450,0.4720
600.9570,142.3800,0.3030,1304199212134400,0.2450,0.4720
601.6860,142.4530,0.2520,1304199212160000,0.2450,0.4720
602.3710,142.5260,0.2100,1304199229154200,0.2450,0.4720
602.8860,142.5260,0.1750,1304199229222200,0.2450,0.4720
557.8860,86.8470,0.1990,1304199443711200,0.2280,0.4540
557.5000,85.6430,0.2960,1304199443752300,0.2280,0.4540
557.2000,84.6220,0.3420,1304199459571700,0.2280,0.4720
557.0710,83.8550,0.3620,1304199459621000,0.2280,0.4720
556.9000,83.1990,0.3700,1304199459628200,0.2280,0.4720
556.8140,82.6510,0.3700,1304199459628800,0.2280,0.4720
556.9000,82.2140,0.3650,1304199476541200,0.2280,0.4720
556.9860,81.8490,0.3610,1304199476586400,0.2280,0.4720
557.2000,81.3740,0.3580,1304199493555500,0.2450,0.4720
557.3710,81.0820,0.3560,1304199493578000,0.2450,0.4720
557.5000,80.7910,0.3550,1304199493578800,0.2450,0.4720
557.6710,80.6450,0.3550,1304199493579400,0.2450,0.4720
557.8860,80.4990,0.3580,1304199509587300,0.2450,0.4720
558.1860,81.3740,0.3680,1304199509615400,0.2450,0.4720
558.2710,82.2140,0.3730,1304199526509200,0.2450,0.4720
558.4000,83.4180,0.3770,1304199526531300,0.2460,0.4900
558.5290,85.3510,0.3820,1304199526532200,0.2450,0.5060
558.7860,87.5410,0.3860,1304199543476400,0.2450,0.5060
559.0860,89.7660,0.3900,1304199543532900,0.2450,0.5060
559.3860,92.1010,0.3930,1304199543535200,0.2450,0.5060
559.6860,94.5820,0.3970,1304199543536700,0.2450,0.5060
559.9000,97.0270,0.4000,1304199560401500,0.2450,0.5060
560.2860,99.4350,0.4030,1304199560426200,0.2450,0.5060
560.5860,101.8430,0.4060,1304199560427200,0.2450,0.5060
560.8860,104.2510,0.4090,1304199577385800,0.2450,0.5060
561.0140,106.4770,0.4110,1304199577409400,0.2450,0.5060
561.1860,108.7390,0.4140,1304199577410200,0.2450,0.5060
561.2290,110.8190,0.4170,1304199577410700,0.2450,0.5060
561.1000,112.8620,0.4190,1304199577411200,0.2450,0.5060
560.8860,114.7960,0.4220,1304199593474200,0.2450,0.5060
560.5860,116.3650,0.4250,1304199593524800,0.2450,0.5060
560.0290,118.1160,0.4280,1304199610423400,0.2450,0.5060
559.4290,119.7580,0.4310,1304199610444200,0.2450,0.5060
558.7000,121.1810,0.4340,1304199610463300,0.2450,0.5060
557.6710,122.5310,0.4370,1304199610464000,0.2450,0.5060
556.6860,123.7350,0.4410,1304199626602300,0.2450,0.5060
555.7000,124.6110,0.4440,1304199626661800,0.2450,0.5060
554.8860,125.3770,0.4480,1304199626662600,0.2450,0.5060
553.9860,125.8880,0.4520,1304199642768500,0.2450,0.5060
553.1710,126.2530,0.4560,1304199642797000,0.2450,0.5060
552.2710,126.5810,0.4590,1304199642797800,0.2450,0.5060
551.4140,126.7270,0.4630,1304199642798400,0.2450,0.5060
550.6860,126.7270,0.4660,1304199659711100,0.2450,0.5060
550.0000,126.6540,0.4680,1304199659738100,0.2450,0.5060
549.0570,126.3260,0.4710,1304199659739100,0.2450,0.5060
548.1570,125.9610,0.4730,1304199659739700,0.2450,0.5060
547.2570,125.3770,0.4750,1304199659740200,0.2450,0.5060
545.9710,124.4650,0.4770,1304199675738000,0.2450,0.5060
544.9000,123.3340,0.4780,1304199675760300,0.2450,0.5060
544.0860,122.3120,0.4790,1304199691811100,0.2450,0.5060
543.2710,120.9620,0.4790,1304199691867800,0.2450,0.5060
542.6710,119.6850,0.4760,1304199691868900,0.2450,0.5060
542.2430,118.4810,0.4730,1304199708806200,0.2450,0.5060
541.9860,117.2770,0.4690,1304199708829900,0.2450,0.5060
541.7710,116.0730,0.4650,1304199708831000,0.2450,0.5060
541.6860,114.9420,0.4610,1304199725733700,0.2450,0.5060
541.6430,113.8110,0.4570,1304199725791500,0.2450,0.5060
541.6430,112.7890,0.4530,1304199725792400,0.2450,0.5060
541.6860,111.9500,0.4500,1304199725792900,0.2450,0.5060
541.7710,111.2200,0.4460,1304199725793400,0.2450,0.5060
541.8570,110.4540,0.4430,1304199741788400,0.2450,0.5060
541.9860,109.7970,0.4400,1304199741811400,0.2450,0.5060
542.1570,109.1770,0.4370,1304199757792300,0.2450,0.5060
542.2860,108.6660,0.4350,1304199757815800,0.2450,0.5060
542.5860,108.1190,0.4320,1304199757816700,0.2450,0.5060
542.8860,107.6080,0.4300,1304199757817200,0.2450,0.5060
543.1860,107.2430,0.4280,1304199757817700,0.2450,0.5060
543.5710,106.8420,0.4260,1304199774765700,0.2450,0.5060
544.0000,106.5500,0.4240,1304199774788300,0.2450,0.5060
544.4710,106.3310,0.4230,1304199790720600,0.2450,0.5060
544.9860,106.1850,0.4210,1304199790771000,0.2450,0.5060
545.5000,106.1120,0.4200,1304199790772600,0.2450,0.5060
546.0570,106.1120,0.4190,1304199790776500,0.2450,0.5060
546.5710,106.1120,0.4170,1304199790777800,0.2450,0.5060
547.0860,106.2580,0.4170,1304199807752200,0.2450,0.5060
547.5570,106.4770,0.4160,1304199807778600,0.2450,0.5060
547.9860,106.7690,0.4150,1304199823801700,0.2450,0.5060
548.4570,107.1700,0.4150,1304199823832500,0.2450,0.5060
548.7570,107.6810,0.4150,1304199823833900,0.2450,0.5060
548.9710,108.3010,0.4150,1304199823834400,0.2450,0.5060
549.0570,108.8850,0.4160,1304199823835700,0.2450,0.5060
548.9710,109.6150,0.4170,1304199840713900,0.2450,0.5060
548.6710,110.6000,0.4190,1304199840757300,0.2450,0.5060
548.1570,111.5850,0.4210,1304199840775700,0.2450,0.5060
547.3000,113.1540,0.4240,1304199840776500,0.2450,0.5060
546.1000,114.5770,0.4270,1304199857019700,0.2450,0.5060
544.6860,116.0000,0.4300,1304199857090900,0.2450,0.5060
543.0570,117.3500,0.4340,1304199873042100,0.2450,0.5060
541.2570,118.7000,0.4370,1304199873089000,0.2450,0.5060
537.7860,120.8530,0.4410,1304199873090100,0.2450,0.5060
535.0860,122.3850,0.4440,1304199873090700,0.2450,0.5060
532.9430,123.4800,0.4470,1304199873091200,0.2630,0.5070
530.9290,124.3920,0.4500,1304199889235700,0.2800,0.5060
528.8710,125.2310,0.4520,1304199889260600,0.2800,0.5060
526.7710,125.9610,0.4550,1304199905387300,0.2800,0.5060
524.7140,126.6540,0.4570,1304199905420100,0.2980,0.5070
522.6140,127.1650,0.4590,1304199905421100,0.2980,0.5070
520.6430,127.6030,0.4610,1304199905421700,0.2980,0.5070
518.7570,128.0040,0.4630,1304199921361400,0.2980,0.5070
517.2140,128.2230,0.4650,1304199921396800,0.2980,0.5070
515.8430,128.2960,0.4670,1304199937556000,0.2980,0.5070
514.6430,128.3690,0.4700,1304199937625400,0.2980,0.5070
513.4430,128.3690,0.4710,1304199937644300,0.2980,0.5070
512.2430,128.2960,0.4730,1304199937645000,0.2980,0.5070
511.1290,128.2230,0.4750,1304199953741600,0.2980,0.5070
509.9290,128.0040,0.4770,1304199953764300,0.2980,0.5070
508.9000,127.7490,0.4790,1304199953765500,0.2980,0.5070
507.9140,127.3840,0.4810,1304199953766000,0.2980,0.5070
506.9290,127.0190,0.4830,1304199953766500,0.2980,0.5070
506.0290,126.4720,0.4860,1304199969829600,0.2980,0.5070
505.3000,125.8880,0.4890,1304199969860400,0.2980,0.5070
504.6140,125.0490,0.4910,1304199985911800,0.2980,0.5070
504.1000,124.1730,0.4940,1304199985978900,0.2980,0.5070
503.5000,122.6040,0.4960,1304199985979700,0.2980,0.5070
503.2000,121.0350,0.4990,1304199985980500,0.2980,0.5070
503.0290,118.9190,0.5010,1304200002026500,0.2980,0.5070
503.2000,116.4380,0.5030,1304200002075300,0.2980,0.5070
503.5860,113.8110,0.5040,1304200002076100,0.2980,0.5070
504.5290,108.5200,0.5060,1304200018333800,0.2980,0.5070
505.5140,103.0470,0.5070,1304200018359800,0.2980,0.5070
507.0140,95.3120,0.5080,1304200018360700,0.2980,0.5070
507.9140,89.9850,0.5090,1304200018361400,0.2980,0.5070
508.9000,84.4760,0.5100,1304200034369200,0.2980,0.5070
510.2290,76.9590,0.5110,1304200034397000,0.2980,0.5070
511.0000,71.8880,0.5110,1304200034397900,0.2980,0.5070
511.5140,67.9110,0.5130,1304200034398400,0.2980,0.5070
511.9000,64.6640,0.5150,1304200050440600,0.2980,0.5070
512.1140,61.8910,0.5180,1304200050467600,0.2980,0.5240
512.2430,59.3730,0.5220,1304200066601900,0.2970,0.5410
512.4140,57.0380,0.5270,1304200066691800,0.2970,0.5410
512.5000,55.2500,0.5310,1304200066692600,0.2970,0.5410
512.5000,53.9000,0.5350,1304200066693200,0.2970,0.5410
512.5000,52.8420,0.5380,1304200082711500,0.2970,0.5410
512.4140,52.0030,0.5400,1304200082750500,0.2970,0.5410
512.4140,51.3460,0.5410,1304200082751500,0.2970,0.5410
512.2430,50.9080,0.5390,1304200098916900,0.2970,0.5410
512.2000,50.6530,0.5320,1304200098965400,0.2970,0.5410
512.1140,52.1850,0.3300,1304200131872300,0.2970,0.5410
512.2000,52.9150,0.2750,1304200131949000,0.2970,0.5410
455.7140,120.4880,0.1740,1304200605155400,0.2100,0.4890
455.4140,120.0500,0.2610,1304200605188800,0.2100,0.4890
455.2000,119.8310,0.3200,1304200621267000,0.2100,0.5060
455.2000,120.6340,0.3430,1304200653485800,0.2100,0.5060
455.5000,121.4000,0.3520,1304200653520200,0.2100,0.5060
455.6290,121.9110,0.3570,1304200669403800,0.2100,0.5060
455.8000,122.4580,0.3610,1304200669435600,0.2100,0.5060
455.9290,123.0420,0.3660,1304200685506100,0.2100,0.5060
456.0140,123.7350,0.3710,1304200685533100,0.2100,0.5060
456.0140,124.3920,0.3750,1304200685540700,0.2100,0.5060
455.8430,125.1580,0.3790,1304200685541400,0.2100,0.5060
455.6290,126.0340,0.3830,1304200702075700,0.2100,0.5060
455.2430,126.9460,0.3870,1304200702136400,0.2100,0.5060
454.6430,127.8220,0.3910,1304200702137300,0.2100,0.5060
453.6140,129.1720,0.3960,1304200718924300,0.2100,0.5060
452.5000,130.3030,0.4000,1304200718951300,0.2100,0.5060
451.2140,131.3610,0.4050,1304200718952300,0.2100,0.5060
449.9290,132.2730,0.4100,1304200718952800,0.2100,0.5060
448.8140,132.9300,0.4140,1304200734989700,0.2100,0.5060
447.7860,133.4410,0.4190,1304200735044500,0.2100,0.5060
446.8860,133.9150,0.4230,1304200735046100,0.2100,0.5060
445.9860,134.2070,0.4270,1304200735047400,0.2100,0.5060
445.0860,134.4990,0.4310,1304200735048500,0.2100,0.5060
444.2710,134.6450,0.4350,1304200751154500,0.2100,0.5060
443.4140,134.7180,0.4390,1304200751240300,0.2100,0.5060
442.7710,134.7180,0.4430,1304200767310400,0.2100,0.5060
442.0000,134.5720,0.4470,1304200767356700,0.2100,0.5060
441.1000,134.4260,0.4510,1304200767357700,0.2100,0.5060
440.2000,134.0610,0.4550,1304200767358300,0.2100,0.5060
439.3000,133.6230,0.4590,1304200783323000,0.2280,0.5060
438.4860,133.0030,0.4620,1304200783405800,0.2450,0.5060
437.4140,132.0180,0.4660,1304200799503600,0.2450,0.5060
436.6000,130.9960,0.4690,1304200799528300,0.2450,0.5060
435.7000,129.5730,0.4720,1304200799529400,0.2450,0.5060
434.8860,128.0040,0.4740,1304200799530000,0.2450,0.5060
434.2000,126.1800,0.4770,1304200799530500,0.2450,0.5060
433.6860,124.2460,0.4790,1304200815520400,0.2450,0.5060
433.1710,121.9110,0.4800,1304200815547900,0.2450,0.5060
432.7860,119.3570,0.4820,1304200831629000,0.2450,0.5060
432.4860,116.5840,0.4830,1304200831709300,0.2450,0.5060
432.3570,113.5920,0.4840,1304200831710100,0.2450,0.5060
432.4000,107.7540,0.4850,1304200831710700,0.2450,0.5240
432.4860,101.9160,0.4860,1304200848545100,0.2450,0.5240
432.6570,96.2240,0.4870,1304200848572200,0.2450,0.5240
432.8710,90.7510,0.4880,1304200864565400,0.2450,0.5240
433.0000,86.4090,0.4880,1304200864587700,0.2450,0.5240
433.1710,82.8700,0.4890,1304200864594500,0.2450,0.5240
433.2570,79.8050,0.4890,1304200864595100,0.2450,0.5240
433.3000,76.9590,0.4890,1304200864595600,0.2450,0.5240
433.3860,74.1860,0.4900,1304200880787500,0.2450,0.5240
433.3860,71.7050,0.4910,1304200880813000,0.2450,0.5240
433.3860,69.5530,0.4920,1304200896891000,0.2450,0.5240
433.3000,67.9840,0.4930,1304200896940200,0.2450,0.5240
433.3000,66.7070,0.4950,1304200896941700,0.2450,0.5240
433.2570,65.7220,0.4960,1304200896965900,0.2450,0.5240
433.1710,64.9190,0.4970,1304200896967100,0.2450,0.5240
433.1710,64.2260,0.4980,1304200913105100,0.2450,0.5240
433.0860,63.7880,0.4980,1304200913156600,0.2450,0.5240
433.0000,63.4230,0.4990,1304200913157500,0.2450,0.5240
432.9570,63.1680,0.4990,1304200913158100,0.2450,0.5240
432.3570,63.7150,0.5010,1304200946302400,0.2450,0.5240
432.1860,64.2260,0.5020,1304200946355100,0.2450,0.5240
431.8000,65.2110,0.5020,1304200946355900,0.2450,0.5240
431.5860,66.3420,0.5020,1304200946356400,0.2450,0.5240
431.2860,68.2760,0.5030,1304200962753500,0.2450,0.5240
430.9000,70.5380,0.5030,1304200962785500,0.2450,0.5240
430.5570,73.0550,0.5030,1304200979757300,0.2450,0.5240
430.1710,75.9010,0.5040,1304200979789800,0.2450,0.5240
429.6570,81.0820,0.5040,1304200979790800,0.2450,0.5240
429.1860,84.7680,0.5040,1304200979791300,0.2450,0.5240
428.8860,87.8320,0.5050,1304200995864100,0.2450,0.5240
428.6710,90.4590,0.5060,1304200995889200,0.2450,0.5240
428.3710,93.0870,0.5060,1304201011844000,0.2450,0.5240
427.9860,95.7140,0.5060,1304201011927100,0.2450,0.5240
427.6430,98.2310,0.5070,1304201011928000,0.2450,0.5240
427.1710,100.7850,0.5080,1304201011928600,0.2450,0.5240
426.5710,103.1200,0.5090,1304201011929100,0.2450,0.5240
425.8430,105.3460,0.5100,1304201028833600,0.2450,0.5240
424.9860,107.5350,0.5120,1304201028868800,0.2450,0.5240
423.9570,109.5420,0.5140,1304201028869800,0.2450,0.5240
422.6710,111.4390,0.5170,1304201028870400,0.2450,0.5240
421.2570,113.1540,0.5200,1304201028870900,0.2450,0.5240
418.4290,116.0730,0.5230,1304201045089100,0.2450,0.5240
416.2430,117.9340,0.5270,1304201045137200,0.2450,0.5240
414.2290,119.2840,0.5300,1304201062145600,0.2450,0.5240
412.2570,120.3420,0.5340,1304201062191100,0.2450,0.5240
410.1570,121.4000,0.5370,1304201062191900,0.2450,0.5240
406.0430,123.0420,0.5400,1304201062192400,0.2450,0.5240
402.7000,124.1730,0.5430,1304201079096800,0.2450,0.5240
399.8290,124.9760,0.5450,1304201079141600,0.2450,0.5240
395.2000,126.0340,0.5470,1304201079142700,0.2450,0.5240
391.6000,126.7270,0.5500,1304201096008100,0.2450,0.5240
388.6860,127.2380,0.5520,1304201096034500,0.2450,0.5240
386.1140,127.6030,0.5530,1304201096035400,0.2450,0.5240
383.5000,127.9310,0.5550,1304201096035900,0.2450,0.5240
380.9710,128.1500,0.5560,1304201112995300,0.2450,0.5240
378.3570,128.2960,0.5570,1304201113061100,0.2450,0.5240
375.8710,128.2960,0.5580,1304201130046300,0.2450,0.5240
373.3860,128.3690,0.5590,1304201130104500,0.2450,0.5240
371.0710,128.3690,0.5600,1304201130105600,0.2450,0.5240
368.8430,128.2960,0.5610,1304201130106300,0.2450,0.5240
366.7430,128.2230,0.5620,1304201130106800,0.2450,0.5240
364.7290,128.0770,0.5620,1304201146106300,0.2450,0.5240
362.9710,128.0040,0.5630,1304201146148400,0.2620,0.5240
361.5570,127.8220,0.5630,1304201146149300,0.2620,0.5240
360.3570,127.6760,0.5640,1304201146149900,0.2810,0.5250
359.1570,127.5300,0.5640,1304201163056500,0.2810,0.5250
358.1290,127.3110,0.5650,1304201163115500,0.2810,0.5250
357.1430,127.1650,0.5650,1304201180000000,0.2810,0.5250
356.1570,126.8730,0.5650,1304201180031900,0.2810,0.5250
355.5140,126.5810,0.5650,1304201180032800,0.2810,0.5250
354.7430,126.1070,0.5630,1304201180033400,0.2810,0.5250
354.1430,125.5960,0.5600,1304201180033900,0.2810,0.5250
353.7140,124.9030,0.5570,1304201196997900,0.2810,0.5250
353.4570,124.1730,0.5550,1304201197024100,0.2810,0.5250
353.3290,123.4070,0.5520,1304201213010000,0.2810,0.5250
353.3290,122.6040,0.5490,1304201213097000,0.2810,0.5250
353.3290,121.5460,0.5450,1304201213098900,0.2810,0.5250
353.6290,120.4150,0.5410,1304201213100000,0.2810,0.5250
353.9290,119.2840,0.5380,1304201213101100,0.2810,0.5250
354.4430,118.2620,0.5340,1304201229987700,0.2810,0.5250
354.9140,117.3500,0.5310,1304201230031100,0.2810,0.5250
355.4290,116.4380,0.5270,1304201246914500,0.2810,0.5250
355.9430,115.7810,0.5240,1304201246959600,0.2810,0.5250
356.4570,115.0880,0.5200,1304201246961000,0.2810,0.5250
356.9710,114.5770,0.5170,1304201246961800,0.2810,0.5250
357.4430,114.2120,0.5140,1304201263922300,0.2810,0.5250
357.9570,113.8110,0.5120,1304201263949800,0.2810,0.5250
358.5570,113.5920,0.5100,1304201263968300,0.2810,0.5250
359.1570,113.3730,0.5080,1304201263968900,0.2810,0.5250
359.9290,113.2270,0.5060,1304201263975100,0.2810,0.5250
360.8710,113.0810,0.5040,1304201279953400,0.2810,0.5250
361.9430,113.0080,0.5030,1304201279995100,0.2810,0.5250
362.9710,113.0080,0.5020,1304201296913500,0.2810,0.5250
364.1710,113.0810,0.5000,1304201296985400,0.2810,0.5250
365.3710,113.3000,0.4990,1304201296986400,0.2810,0.5250
367.2570,113.8110,0.4980,1304201296986900,0.2810,0.5250
369.0570,114.5040,0.4980,1304201296987400,0.2810,0.5250
370.7710,115.4890,0.4970,1304201312949700,0.2810,0.5250
372.3570,116.6570,0.4970,1304201313000700,0.2810,0.5250
373.8570,118.1160,0.4960,1304201329872400,0.2810,0.5250
375.1000,119.7580,0.4970,1304201329898500,0.2810,0.5250
376.3000,121.6190,0.4970,1304201329899500,0.2810,0.5250
377.2860,123.8080,0.4980,1304201329900100,0.2810,0.5250
378.1000,126.1070,0.4990,1304201329900600,0.2810,0.5250
378.7000,128.6610,0.5000,1304201346834500,0.2810,0.5250
379.0860,131.4340,0.5020,1304201346937200,0.2810,0.5250
379.1710,134.3530,0.5040,1304201362966100,0.2810,0.5250
378.8710,139.6800,0.5060,1304201362990700,0.2810,0.5250
378.3570,143.5110,0.5080,1304201362991500,0.2810,0.5250
377.1570,148.5100,0.5100,1304201362992100,0.2800,0.5060
375.7000,153.0700,0.5130,1304201379944700,0.2800,0.5060
373.6860,157.2660,0.5160,1304201380008100,0.2800,0.5060
371.2860,161.0240,0.5190,1304201380009000,0.2800,0.5060
368.4570,164.6360,0.5210,1304201380009600,0.2800,0.5060
364.0430,168.9780,0.5220,1304201380010100,0.2800,0.5060
360.8290,171.7510,0.5210,1304201396074700,0.2800,0.5060
357.0570,174.2320,0.5120,1304201396098700,0.2800,0.5060
353.1570,176.3850,0.4980,1304201412133200,0.2800,0.5060
350.1140,177.8080,0.4770,1304201412161400,0.2800,0.5060
347.7140,178.5010,0.4590,1304201412162100,0.2800,0.5060
345.8290,178.7930,0.3820,1304201412166600,0.2800,0.5060
344.3290,178.7200,0.3190,1304201428064900,0.2800,0.5060
343.3430,178.1730,0.2660,1304201428101700,0.2800,0.5060
452.2860,40.4000,0.0420,1304201841830400,0.2800,0.5060
452.3290,40.6920,0.1310,1304201858688300,0.2800,0.5060
451.9000,41.3120,0.1870,1304201858746200,0.2800,0.5060
451.3860,41.9690,0.2140,1304201858747300,0.2800,0.5060
450.2290,43.0270,0.2400,1304201874826300,0.2800,0.5060
448.8140,44.1580,0.2640,1304201874878100,0.2800,0.5060
447.1860,45.4350,0.2870,1304201891828800,0.2800,0.5060
443.9710,47.8800,0.3080,1304201891928300,0.2800,0.5060
441.3140,49.7770,0.3280,1304201891934700,0.2800,0.5060
437.8000,52.0760,0.3460,1304201891936800,0.2980,0.5070
434.2860,54.2650,0.3620,1304201891938200,0.2980,0.5070
430.6860,56.3450,0.3770,1304201908798100,0.2980,0.5070
427.7710,58.0230,0.3900,1304201908832900,0.2980,0.5070
423.8710,60.0300,0.4020,1304201924877800,0.2980,0.5070
421.0430,61.3800,0.4130,1304201924904700,0.2980,0.5070
418.7710,62.5110,0.4230,1304201924905900,0.2980,0.5070
416.9710,63.4960,0.4310,1304201924906600,0.2980,0.5070
415.4290,64.2260,0.4380,1304201924907200,0.2980,0.5070
414.2290,64.9190,0.4420,1304201940981900,0.2980,0.5070
413.3290,65.4300,0.4440,1304201941033000,0.2980,0.5070
412.5570,65.7950,0.4410,1304201941033800,0.2980,0.5070
411.9570,66.1590,0.4340,1304201941034300,0.2980,0.5070
411.6140,66.4150,0.4260,1304201957993500,0.2980,0.5070
411.3140,66.6340,0.4140,1304201958107900,0.2980,0.5070
411.1430,66.7800,0.3980,1304201958110500,0.2980,0.5070
439.1710,31.3510,0.1280,1304202125968100,0.2980,0.5600
439.5140,30.2930,0.1910,1304202126002300,0.2980,0.5600
439.8140,29.4540,0.2260,1304202126003300,0.2980,0.5600
440.1140,28.7240,0.2500,1304202141794000,0.2980,0.5600
440.2860,28.1040,0.2670,1304202141862900,0.2980,0.5600
440.5000,27.6660,0.2810,1304202141899800,0.2980,0.5600
440.6710,27.2280,0.2930,1304202141900400,0.2980,0.5600
440.7140,26.9370,0.3060,1304202141906100,0.2980,0.5600
440.8000,26.5350,0.3180,1304202158801500,0.2980,0.5600
440.8860,26.3160,0.3290,1304202158834600,0.2980,0.5600
440.9710,26.0970,0.3390,1304202175167100,0.2980,0.5600
440.2000,26.1700,0.3870,1304202192174600,0.2980,0.5600
439.5140,26.7540,0.3960,1304202192225500,0.2980,0.5600
438.7860,27.3740,0.4050,1304202208293700,0.2980,0.5600
437.5860,28.3590,0.4140,1304202208392900,0.2980,0.5600
436.0860,29.5270,0.4220,1304202208398400,0.2980,0.5600
434.4570,30.7310,0.4300,1304202208427600,0.2980,0.5600
432.6570,32.0810,0.4380,1304202225209500,0.2980,0.5600
428.9710,34.4890,0.4450,1304202225270200,0.2980,0.5600
425.4570,36.5690,0.4510,1304202242111700,0.2980,0.5600
422.5430,38.0650,0.4570,1304202242180900,0.2980,0.5600
420.2710,39.3420,0.4630,1304202242181900,0.2980,0.5600
418.4710,40.4000,0.4670,1304202242182500,0.2980,0.5600
416.6710,41.3850,0.4690,1304202242183000,0.2980,0.5600
415.0430,42.4430,0.4670,1304202258194000,0.2980,0.5600
413.6290,43.4650,0.4580,1304202258248400,0.2980,0.5600
412.5140,44.5230,0.4430,1304202258249600,0.2980,0.5600
411.6570,45.4350,0.4200,1304202258254700,0.2980,0.5600
411.1430,46.2380,0.3500,1304202275086100,0.2980,0.5600
410.8430,46.9310,0.2910,1304202275110000,0.2980,0.5600
410.7570,47.5150,0.2430,1304202275111000,0.2980,0.5600
456.1000,72.8360,0.2100,1304202477001800,0.2630,0.4020
455.8430,73.0550,0.3810,1304202477035700,0.2800,0.4200
455.8000,73.3840,0.3970,1304202508970600,0.2800,0.4200
455.9290,73.8950,0.4030,1304202509070000,0.2800,0.4200
456.0140,74.1860,0.4070,1304202509095600,0.2800,0.4200
456.1430,74.7340,0.4120,1304202525920700,0.2800,0.4200
456.3140,75.2450,0.4180,1304202525958400,0.2800,0.4200
456.5290,75.9010,0.4240,1304202525959200,0.2800,0.4200
456.7430,76.8860,0.4310,1304202525959800,0.2800,0.4200
457.0430,77.9450,0.4380,1304202542080200,0.2800,0.4200
457.3430,79.0760,0.4440,1304202542102300,0.2800,0.4200
457.6000,80.1700,0.4490,1304202558301600,0.2800,0.4200
457.9000,81.3740,0.4540,1304202558333300,0.2800,0.4200
458.2000,82.5050,0.4570,1304202558334300,0.2790,0.4360
458.5000,83.5630,0.4570,1304202558334900,0.2810,0.4550
458.8000,84.6950,0.4480,1304202558335400,0.2800,0.4730
459.1000,85.7160,0.4300,1304202574354100,0.2800,0.4730
459.3140,86.6280,0.4140,1304202574401300,0.2800,0.4730
459.4430,87.4680,0.3450,1304202591223600,0.2800,0.4730
459.5290,88.1240,0.2880,1304202591262000,0.2800,0.4730
459.5290,88.5620,0.2400,1304202591270100,0.2800,0.4730
373.3860,70.5380,0.2000,1304202843048300,0.2810,0.4550
372.7860,69.7720,0.2990,1304202843106200,0.2800,0.4730
372.2710,69.1150,0.3480,1304202859863100,0.2800,0.4890
371.6710,68.4950,0.3740,1304202859892200,0.2800,0.5060
371.2430,68.0570,0.3870,1304202859893000,0.2800,0.5060
370.7710,67.6190,0.3930,1304202859897900,0.2800,0.5060
370.4710,67.2910,0.3960,1304202875984900,0.2800,0.5060
370.2570,67.0720,0.3980,1304202876019500,0.2800,0.5060
370.0860,66.9260,0.3990,1304202876041900,0.2800,0.5060
370.6860,68.0570,0.4080,1304202909002300,0.2800,0.5060
371.0710,68.7860,0.4100,1304202925100800,0.2800,0.5060
371.4570,69.6260,0.4120,1304202925127900,0.2800,0.5060
371.8860,70.5380,0.4150,1304202925128700,0.2800,0.5060
372.2710,71.4140,0.4170,1304202925129200,0.2800,0.5060
372.5710,72.3990,0.4190,1304202925129700,0.2800,0.5060
372.7430,73.4570,0.4210,1304202942079400,0.2800,0.5060
372.7860,74.5510,0.4230,1304202942179300,0.2800,0.5060
372.5710,75.7550,0.4250,1304202958120800,0.2800,0.5060
372.0570,77.6530,0.4250,1304202958147000,0.2800,0.5060
371.0710,79.5860,0.4240,1304202958147800,0.2800,0.5060
369.8710,81.4470,0.4190,1304202958148400,0.2800,0.5060
367.1710,84.8410,0.4130,1304202974185800,0.2800,0.5060
364.2570,87.7590,0.4020,1304202974218800,0.2800,0.5060
361.1710,90.6050,0.3850,1304202991191200,0.2980,0.5070
357.7430,92.8680,0.3700,1304202991234400,0.2980,0.5070
355.0430,94.6550,0.3080,1304202991239000,0.2980,0.5070
352.8570,95.8590,0.2570,1304202991239600,0.2980,0.5070
351.0140,96.8080,0.2140,1304202991240100,0.2980,0.5070
332.4140,44.4500,0.1930,1304203156828300,0.2980,0.5070
332.3710,44.0120,0.2890,1304203156855600,0.2980,0.5070
332.2860,43.6110,0.3330,1304203173616200,0.2980,0.5070
332.2000,43.3920,0.3540,1304203173669700,0.2980,0.5070
332.2000,44.5230,0.3660,1304203190028600,0.2980,0.5070
332.3710,45.2160,0.3660,1304203206031300,0.2980,0.5070
332.6290,46.3110,0.3660,1304203206064700,0.2980,0.5070
333.1000,48.2080,0.3670,1304203206077700,0.2980,0.5070
333.6140,50.0690,0.3680,1304203206079200,0.2980,0.5070
334.2140,52.1850,0.3710,1304203222966400,0.2980,0.5070
334.8140,54.4110,0.3740,1304203223038800,0.2980,0.5070
335.5000,56.8920,0.3780,1304203239956600,0.2980,0.5070
336.5290,61.8180,0.3820,1304203240002300,0.2980,0.5070
337.5140,66.5610,0.3870,1304203240003200,0.2980,0.5070
338.0290,70.4650,0.3910,1304203240006900,0.2980,0.5070
338.8860,75.7550,0.3960,1304203240007500,0.2980,0.5070
339.7000,81.1550,0.4010,1304203256092200,0.2980,0.5070
340.4290,86.3360,0.4060,1304203256207800,0.2980,0.5070
340.9430,91.5180,0.4100,1304203272226000,0.2980,0.5070
341.1140,95.6040,0.4140,1304203272254400,0.2980,0.5070
341.3290,99.0700,0.4180,1304203272255200,0.2980,0.5070
341.3290,102.1350,0.4210,1304203272255800,0.2980,0.5070
341.3290,105.2730,0.4240,1304203272256300,0.2980,0.5070
340.9430,110.7460,0.4260,1304203289248000,0.2980,0.5070
340.4290,114.5770,0.4290,1304203289313100,0.2980,0.5070
339.7860,117.5690,0.4320,1304203306164900,0.2980,0.5070
338.3290,121.9110,0.4360,1304203306193800,0.2980,0.5070
336.8290,124.9030,0.4410,1304203306194600,0.2980,0.5070
334.5140,128.5880,0.4460,1304203306195300,0.2980,0.5070
331.6860,131.7260,0.4520,1304203323312100,0.2980,0.5070
328.2140,134.7910,0.4590,1304203323383800,0.2980,0.5070
323.0710,138.6220,0.4650,1304203323384700,0.2980,0.5070
319.0860,141.1760,0.4710,1304203339187300,0.2980,0.5070
313.2570,144.1680,0.4770,1304203339251800,0.3150,0.5070
309.1430,146.0280,0.4830,1304203339255500,0.3330,0.5070
304.8570,147.3780,0.4890,1304203339268100,0.3330,0.5070
301.4710,148.1450,0.4960,1304203355210700,0.3330,0.5070
298.6430,148.3640,0.5020,1304203355254300,0.3330,0.5070
296.3290,148.2910,0.5080,1304203355257700,0.3330,0.5070
294.0140,147.9260,0.5130,1304203355258800,0.3330,0.5070
291.9140,147.0860,0.5180,1304203355259400,0.3500,0.5070
288.2290,145.0070,0.5200,1304203372142000,0.3670,0.5060
286.0430,142.7450,0.5210,1304203372186800,0.3670,0.5060
283.9860,138.9870,0.5180,1304203388185700,0.3670,0.5060
282.7860,134.5720,0.5110,1304203388273600,0.3670,0.5060
282.3140,130.5950,0.5000,1304203388276600,0.3670,0.5060
282.8290,124.9030,0.4840,1304203388278200,0.3670,0.5060
284.5430,117.2770,0.4620,1304203388297900,0.3670,0.5060
287.2000,110.3810,0.4320,1304203404245500,0.3670,0.5060
290.3290,104.1050,0.3600,1304203404363500,0.3670,0.5060
294.0570,98.0120,0.3000,1304203421181500,0.3670,0.5060
297.9570,92.5390,0.2500,1304203421208600,0.3670,0.5060
236.7570,132.0910,0.0220,1304203976046500,0.2450,0.4720
236.4140,132.2000,0.0530,1304203976055600,0.2450,0.4720
236.1570,132.2730,0.0880,1304203976057900,0.2450,0.4720
235.8570,132.3460,0.1220,1304203992013700,0.2450,0.4720
235.3430,132.2730,0.1850,1304203992044200,0.2450,0.4720
234.6140,131.9450,0.2380,1304204008242500,0.2450,0.4720
234.1000,131.7260,0.2620,1304204008274900,0.2450,0.4720
233.3290,131.2880,0.2840,1304204024360800,0.2450,0.4720
232.6430,130.7770,0.3040,1304204024387900,0.2450,0.4720
231.9140,130.0840,0.3220,1304204024388900,0.2450,0.4720
230.7140,129.0260,0.3380,1304204024389400,0.2450,0.4720
229.6000,127.8220,0.3520,1304204041381200,0.2450,0.4720
228.4000,126.4720,0.3650,1304204041429300,0.2450,0.4720
227.2000,125.0490,0.3770,1304204057465100,0.2450,0.4720
226.0000,123.6260,0.3870,1304204057489000,0.2460,0.4900
224.8000,121.9840,0.3970,1304204057490100,0.2450,0.5060
223.6860,120.4150,0.4050,1304204057490800,0.2450,0.5060
222.7000,118.7730,0.4130,1304204057491400,0.2450,0.5060
221.7140,117.2040,0.4190,1304204073672900,0.2450,0.5060
220.9000,115.7080,0.4250,1304204073701100,0.2450,0.5060
220.3000,114.5040,0.4300,1304204073702000,0.2450,0.5060
219.8290,113.5190,0.4350,1304204073702600,0.2450,0.5060
219.4860,112.7160,0.4390,1304204089809500,0.2450,0.5060
219.1860,111.9500,0.4430,1304204089902900,0.2450,0.5060
219.0140,111.3660,0.4460,1304204106781300,0.2450,0.5060
218.8860,110.8190,0.4490,1304204106804400,0.2450,0.5060
218.8000,110.3810,0.4510,1304204106805300,0.2450,0.5060
218.8860,110.0160,0.4530,1304204106805900,0.2450,0.5060
219.0140,109.4690,0.4540,1304204106806400,0.2450,0.5060
219.1860,109.1040,0.4560,1304204123741100,0.2450,0.5060
219.5290,108.7390,0.4570,1304204123773100,0.2450,0.5060
219.9140,108.4470,0.4580,1304204140697300,0.2450,0.5060
220.3860,108.1920,0.4590,1304204140725700,0.2450,0.5060
220.9860,108.1190,0.4600,1304204140726700,0.2450,0.5060
221.7140,108.1190,0.4610,1304204140727400,0.2450,0.5060
222.7000,108.3010,0.4620,1304204156725600,0.2450,0.5060
223.8140,108.5200,0.4620,1304204156786700,0.2450,0.5060
225.4860,109.1770,0.4630,1304204173657400,0.2450,0.5060
226.9860,110.0160,0.4640,1304204173698900,0.2450,0.5060
228.4430,110.9650,0.4640,1304204173700000,0.2450,0.5060
229.9000,112.1690,0.4650,1304204173700500,0.2450,0.5060
231.1430,113.5190,0.4660,1304204173701100,0.2450,0.5060
232.3000,114.9420,0.4670,1304204190650700,0.2450,0.5060
233.3290,116.5110,0.4690,1304204190695500,0.2450,0.5060
234.2290,118.1890,0.4700,1304204190696500,0.2450,0.5060
235.0430,119.9040,0.4720,1304204190697100,0.2450,0.5060
235.8140,121.5460,0.4730,1304204190697700,0.2450,0.5060
236.4570,123.2610,0.4750,1304204207620400,0.2450,0.5060
237.0140,124.9030,0.4760,1304204207706700,0.2450,0.5060
237.3570,126.2530,0.4790,1304204224676100,0.2450,0.5060
237.6140,127.4570,0.4810,1304204224704300,0.2450,0.5060
237.6570,128.5150,0.4840,1304204224705200,0.2450,0.5060
237.6140,129.5730,0.4880,1304204224705700,0.2450,0.5060
237.3140,130.6680,0.4920,1304204241658900,0.2450,0.5060
236.9290,131.7260,0.4960,1304204241720300,0.2450,0.5060
236.0290,133.2220,0.5000,1304204241721200,0.2450,0.5060
234.9140,134.6450,0.5050,1304204241722000,0.2450,0.5060
233.5000,135.9950,0.5090,1304204257906500,0.2450,0.5060
231.9140,137.2720,0.5140,1304204257931700,0.2450,0.5060
230.0290,138.3300,0.5180,1304204257932600,0.2450,0.5060
226.2140,140.2630,0.5220,1304204273860000,0.2450,0.5060
223.5140,141.3950,0.5260,1304204273885000,0.2450,0.5060
221.2000,142.2340,0.5310,1304204273885900,0.2450,0.5060
219.2710,142.7450,0.5350,1304204273886500,0.2450,0.5060
217.1710,143.1090,0.5390,1304204273887000,0.2450,0.5060
214.9860,143.5110,0.5430,1304204290076000,0.2450,0.5060
212.8000,143.7300,0.5480,1304204290108800,0.2450,0.5060
210.7860,143.8030,0.5510,1304204306116600,0.2450,0.5060
209.0710,143.8760,0.5550,1304204306161600,0.2450,0.5060
207.5710,143.8760,0.5590,1304204306162500,0.2450,0.5060
206.2860,143.8030,0.5630,1304204306167200,0.2450,0.5060
204.9570,143.6570,0.5670,1304204322222600,0.2450,0.5060
203.0710,143.3650,0.5710,1304204322246500,0.2450,0.5060
201.3570,142.8910,0.5750,1304204338496900,0.2450,0.5060
199.6860,142.3800,0.5790,1304204338523800,0.2450,0.5060
198.3570,141.8320,0.5830,1304204338524900,0.2450,0.5060
197.2860,141.3220,0.5880,1304204338525400,0.2450,0.5060
196.3860,140.8110,0.5920,1304204354490900,0.2450,0.5060
195.2290,139.8260,0.5970,1304204354514800,0.2450,0.5060
194.1570,138.6950,0.6010,1304204370507300,0.2450,0.5060
193.2570,137.4180,0.6050,1304204370538300,0.2450,0.5060
192.5290,135.9220,0.6080,1304204370539100,0.2450,0.5060
191.9290,134.2070,0.6120,1304204370539800,0.2450,0.5060
191.4570,132.2730,0.6150,1304204370540300,0.2450,0.5060
191.0710,130.1570,0.6170,1304204387458600,0.2450,0.5060
190.8570,127.7490,0.6190,1304204387498800,0.2450,0.5060
190.7710,125.0490,0.6210,1304204387503500,0.2450,0.5060
190.7290,122.1300,0.6230,1304204387504900,0.2450,0.5060
190.7290,119.0650,0.6240,1304204387505800,0.2450,0.5060
190.7710,113.1540,0.6240,1304204403620900,0.2450,0.5060
190.8570,107.4620,0.6250,1304204403667700,0.2450,0.5060
190.9430,101.6970,0.6260,1304204419740400,0.2450,0.5060
191.0290,97.3550,0.6270,1304204419806500,0.2450,0.5060
191.0290,93.7430,0.6270,1304204419809700,0.2450,0.5060
191.0290,90.6780,0.6280,1304204419810800,0.2450,0.5060
191.0710,87.5410,0.6280,1304204419811700,0.2450,0.5060
191.1570,84.4760,0.6290,1304204435839000,0.2450,0.5060
191.2430,81.3740,0.6290,1304204435861500,0.2450,0.5060
191.3290,78.3820,0.6300,1304204451946900,0.2450,0.5060
191.3290,75.4640,0.6310,1304204451969400,0.2450,0.5060
191.3290,72.6910,0.6310,1304204451970200,0.2450,0.5060
191.3290,69.9910,0.6310,1304204451970800,0.2450,0.5060
191.2430,67.6190,0.6310,1304204468989000,0.2450,0.5060
191.0710,65.4300,0.6300,1304204469012000,0.2450,0.5060
190.9430,63.7150,0.6290,1304204484979300,0.2450,0.5060
190.8570,62.3650,0.6260,1304204485040500,0.2450,0.5060
190.7710,61.2340,0.6210,1304204485041400,0.2450,0.5060
190.7290,60.3950,0.6130,1304204485042000,0.2450,0.5060
190.7290,59.6650,0.5990,1304204485042500,0.2450,0.5060
190.7290,59.0450,0.5810,1304204501299900,0.2450,0.5060
190.7710,58.6800,0.5580,1304204501321300,0.2450,0.5060
190.8570,58.4610,0.5310,1304204517504600,0.2450,0.5060
191.0290,58.3150,0.5130,1304204517545900,0.2450,0.5060
191.6710,58.7530,0.2970,1304204533826000,0.2450,0.5060
203.1570,77.2510,0.0140,1304204616133100,0.2450,0.5060
203.3710,77.5800,0.0390,1304204616163200,0.2450,0.5060
203.5860,77.7990,0.0660,1304204632125200,0.2450,0.5060
203.8000,77.9450,0.0950,1304204632155100,0.2450,0.5060
204.1000,78.0910,0.1230,1304204632156000,0.2630,0.5070
204.4000,78.2360,0.1500,1304204632156500,0.2630,0.5070
205.0000,78.3090,0.1760,1304204648659500,0.2630,0.5070
205.6860,78.3820,0.2000,1304204648704300,0.2630,0.5070
206.4570,78.4550,0.2230,1304204648705300,0.2630,0.5070
207.6570,78.4550,0.2450,1304204648705800,0.2630,0.5070
208.9860,78.4550,0.2650,1304204648709700,0.2630,0.5070
211.0860,78.3820,0.2830,1304204665525500,0.2630,0.5070
212.8860,78.3820,0.3000,1304204665547500,0.2630,0.5070
215.0710,78.3820,0.3150,1304204682574500,0.2630,0.5070
217.3000,78.3820,0.3270,1304204682598700,0.2630,0.5070
219.3140,78.5280,0.3360,1304204682599600,0.2630,0.5070
221.0290,78.6010,0.3410,1304204682600200,0.2630,0.5070
222.4860,78.8570,0.3410,1304204682600700,0.2630,0.5070
223.6860,79.0030,0.3300,1304204698647400,0.2630,0.5070
224.8000,79.2220,0.3070,1304204698673700,0.2630,0.5070
225.7860,79.5860,0.2560,1304204715574100,0.2630,0.5070
226.6000,79.9510,0.2130,1304204715618200,0.2630,0.5070
227.1140,80.3530,0.1780,1304204715624900,0.2630,0.4890
151.8570,101.0040,0.2780,1304205124102800,0.2800,0.5060
151.2570,101.7700,0.3170,1304205157096500,0.2800,0.5060
151.2570,102.1350,0.3160,1304205157148600,0.2800,0.5060
151.1710,102.7550,0.3170,1304205157180600,0.2800,0.5060
151.1710,103.4120,0.3180,1304205157181200,0.2800,0.5060
151.0860,104.1780,0.3210,1304205173099300,0.2800,0.5060
151.0000,105.3460,0.3240,1304205173175300,0.2800,0.5060
150.9570,106.6960,0.3270,1304205173176100,0.2800,0.5060
150.9570,108.0460,0.3310,1304205173176600,0.2800,0.5060
150.8710,110.2350,0.3340,1304205189226800,0.2800,0.5060
150.7860,112.0230,0.3370,1304205189261100,0.2800,0.5060
150.7000,114.2120,0.3400,1304205189262100,0.2800,0.5060
150.6570,116.2920,0.3420,1304205205488800,0.2800,0.5060
150.5710,118.4080,0.3450,1304205205553200,0.2800,0.5060
150.4000,120.1230,0.3470,1304205205574900,0.2800,0.5060
150.3570,121.6190,0.3500,1304205205575500,0.2800,0.5060
150.1860,122.9690,0.3520,1304205222530600,0.2800,0.5060
150.1000,124.2460,0.3550,1304205222556400,0.2800,0.5060
150.0570,125.4500,0.3580,1304205239354300,0.2800,0.5060
149.8000,126.5810,0.3620,1304205239383500,0.2800,0.5060
149.6710,127.6760,0.3670,1304205239384500,0.2800,0.5060
149.4570,128.7340,0.3730,1304205239385100,0.2800,0.5060
149.1570,129.7190,0.3790,1304205239385600,0.2800,0.5060
148.9000,130.5220,0.3870,1304205255626200,0.2800,0.5060
148.5570,131.3610,0.3940,1304205255691700,0.2800,0.5060
148.1710,132.2000,0.4010,1304205271695200,0.2800,0.5060
147.7860,132.7840,0.4090,1304205271737500,0.2800,0.5060
147.4000,133.2950,0.4160,1304205271738400,0.2800,0.5060
147.1000,133.7690,0.4230,1304205271739000,0.2800,0.5060
146.8430,134.1340,0.4310,1304205271739500,0.2800,0.5060
146.5430,134.4260,0.4380,1304205288668800,0.2800,0.5060
146.1570,134.7180,0.4450,1304205288752800,0.2800,0.5060
145.7710,134.8640,0.4520,1304205288753700,0.2800,0.5060
145.3860,134.9730,0.4590,1304205288754300,0.2800,0.5060
145.0860,135.0460,0.4650,1304205304851800,0.2800,0.5060
144.3570,134.7910,0.4750,1304205321814500,0.2980,0.5070
143.8860,134.5720,0.4800,1304205321878300,0.2980,0.5070
143.4570,134.2070,0.4840,1304205321879400,0.2980,0.5070
142.8570,133.6960,0.4870,1304205321880100,0.2980,0.5070
142.2570,133.0030,0.4900,1304205321880600,0.2980,0.5070
141.7430,132.2000,0.4930,1304205337886000,-0.2440,0.5060
140.7570,130.9960,0.4960,1304205337959700,-0.1920,0.5070
139.9860,129.8650,0.4980,1304205354125500,-0.1570,0.5070
139.3860,128.8800,0.5000,1304205354174700,-0.1400,0.5070
138.8290,128.0040,0.5010,1304205354178800,-0.1210,0.5070
138.2290,127.1650,0.5030,1304205354179400,-0.1050,0.5070
137.7570,126.3260,0.5040,1304205370326500,-0.0870,0.5060
137.2430,125.5230,0.5060,1304205370356100,-0.0690,0.5060
136.8570,124.8300,0.5070,1304205370356800,-0.0530,0.5080
136.3430,124.1730,0.5080,1304205386707300,-0.0350,0.5070
135.9570,123.6260,0.5080,1304205386752900,-0.0350,0.5070
135.6570,123.1150,0.5090,1304205386753700,-0.0350,0.5070
135.3570,122.7500,0.5100,1304205386754500,0.0000,0.5060
135.1430,122.3850,0.5100,1304205402952000,0.0000,0.5060
134.9290,122.0570,0.5110,1304205403045600,0.0000,0.5060
134.7570,121.7650,0.5110,1304205403047100,0.0000,0.5060
134.6290,121.6190,0.5100,1304205403070000,0.0000,0.5060
134.4570,121.4000,0.5080,1304205403080900,0.0000,0.5060
134.0710,121.3270,0.5060,1304205419878600,0.0000,0.5060
133.4710,121.6190,0.5030,1304205436835800,0.0000,0.5060
133.1290,121.9840,0.5020,1304205436880900,0.0000,0.5060
132.6570,122.6040,0.5020,1304205436881700,0.0000,0.5060
132.1430,123.4070,0.5010,1304205436898100,0.0000,0.5060
131.5430,124.3190,0.5000,1304205453817400,0.0000,0.5060
130.7290,125.5960,0.5000,1304205453848500,0.0000,0.5060
129.9570,126.8000,0.4990,1304205469787500,0.0000,0.5060
129.4430,127.7490,0.4990,1304205469861600,0.0000,0.5060
128.9290,128.5880,0.4990,1304205469865800,0.0000,0.5060
128.3290,129.5000,0.4990,1304205469866400,0.0000,0.5060
127.7290,130.3030,0.5000,1304205469866800,0.0000,0.5060
127.1290,131.0690,0.5020,1304205486780500,0.0000,0.5060
126.5290,131.7990,0.5040,1304205486824000,0.0360,0.5070
126.0140,132.4920,0.5070,1304205503097400,0.0700,0.5060
125.4140,133.0760,0.5090,1304205503118800,0.0880,0.5060
124.9430,133.6230,0.5120,1304205503123300,0.1060,0.5070
124.5140,133.9880,0.5150,1304205503124000,0.1220,0.5060
124.1290,134.2800,0.5190,1304205519269900,0.1410,0.5070
123.6570,134.5720,0.5220,1304205519341900,0.1580,0.5070
123.3140,134.7180,0.5250,1304205519342900,0.1750,0.5060
122.9290,134.7910,0.5280,1304205535413000,0.1930,0.5070
122.5430,134.7180,0.5300,1304205535434300,0.2100,0.5060
121.7290,134.4990,0.5340,1304205535449900,0.2450,0.5060
121.3000,134.2070,0.5350,1304205552349900,0.2450,0.5060
120.6140,133.6960,0.5360,1304205552377300,0.2450,0.5060
119.9290,133.2220,0.5370,1304205552378000,0.2450,0.5060
119.4140,132.7110,0.5370,1304205552382000,0.2450,0.5060
118.9430,132.2730,0.5380,1304205568683100,0.2450,0.5060
118.5140,131.8720,0.5390,1304205568706000,0.2450,0.5060
118.1290,131.5070,0.5390,1304205568706600,0.2450,0.5060
117.7430,131.2150,0.5390,1304205584988400,0.2450,0.5060
117.4430,130.9230,0.5390,1304205585028100,0.2450,0.5060
117.1000,130.6680,0.5390,1304205585029300,0.2450,0.5060
116.8000,130.4490,0.5390,1304205585031800,0.2450,0.5060
116.5430,130.2300,0.5390,1304205601099400,0.2450,0.5060
116.2430,130.1570,0.5380,1304205601151700,0.2630,0.5070
115.7290,130.1570,0.5370,1304205617247300,0.2800,0.5060
115.3430,130.3030,0.5370,1304205617264800,0.2800,0.5060
114.9140,130.5220,0.5370,1304205617265500,0.2800,0.5060
114.1860,131.0690,0.5370,1304205633347400,0.2800,0.5060
113.4140,131.5070,0.5380,1304205633382300,0.2800,0.5060
112.6860,132.0910,0.5390,1304205633382900,0.2800,0.5060
111.8290,132.6380,0.5400,1304205633383400,0.2800,0.5060
111.0140,133.1490,0.5410,1304205649657700,0.2800,0.5060
110.2000,133.7690,0.5420,1304205649673600,0.2980,0.5070
109.3860,134.2070,0.5440,1304205649674300,0.2980,0.5070
108.6140,134.7180,0.5450,1304205666636300,0.2980,0.5070
107.8860,135.1190,0.5460,1304205666652900,0.2980,0.5070
107.2000,135.4840,0.5480,1304205666653600,0.2980,0.5070
106.6000,135.7760,0.5490,1304205666659000,0.2980,0.5070
106.0860,135.9950,0.5500,1304205682714800,0.2980,0.5070
105.5710,136.1410,0.5510,1304205682730800,0.2980,0.5070
105.1000,136.2860,0.5520,1304205698774500,0.2980,0.5070
104.5860,136.4690,0.5520,1304205698811600,0.2980,0.5070
104.0710,136.5420,0.5530,1304205698812300,0.2980,0.5070
103.5140,136.6150,0.5530,1304205698833100,0.2980,0.5070
103.0860,136.6150,0.5530,1304205698833700,0.2980,0.5070
102.6140,136.6880,0.5530,1304205714950800,0.2980,0.5070
102.1860,136.6880,0.5530,1304205714967800,0.2980,0.5070
101.8000,136.7610,0.5520,1304205730977500,0.2980,0.5070
101.3710,136.9070,0.5520,1304205731031300,0.2980,0.5070
100.7710,136.9800,0.5520,1304205731032100,0.2980,0.5070
100.1710,137.1990,0.5510,1304205731051700,0.2980,0.5070
99.6140,137.3450,0.5510,1304205747172700,0.2980,0.5070
99.0140,137.6370,0.5510,1304205747189000,0.2980,0.5070
98.2860,138.0380,0.5500,1304205747189700,0.2980,0.5070
97.4710,138.4030,0.5500,1304205747190200,0.2980,0.5070
96.7000,138.7680,0.5500,1304205747190600,0.2980,0.5070
96.1000,139.0590,0.5500,1304205763576500,0.2980,0.5070
95.5000,139.3880,0.5510,1304205763592400,0.2980,0.5070
94.9860,139.6070,0.5510,1304205779665000,0.2980,0.5070
94.4710,139.8260,0.5520,1304205779725000,0.2980,0.5070
94.0000,139.9720,0.5530,1304205779725700,0.2980,0.5070
93.4860,140.1910,0.5540,1304205779726100,0.2980,0.5070
93.0570,140.3360,0.5550,1304205795696000,0.2980,0.5070
92.5860,140.4090,0.5560,1304205795715600,0.2980,0.5070
92.1570,140.4090,0.5580,1304205795716500,0.2980,0.5070
91.6860,140.3360,0.5590,1304205812007600,0.2980,0.5070
91.2570,140.2630,0.5590,1304205812025400,0.2980,0.5070
90.7000,140.0450,0.5600,1304205812026200,0.3150,0.5070
89.9710,139.6070,0.5610,1304205812026600,0.3330,0.5070
89.2430,139.1690,0.5610,1304205828320300,0.3330,0.5070
88.3860,138.5490,0.5610,1304205828337200,0.3330,0.5070
87.6570,137.8920,0.5620,1304205828341400,0.3330,0.5070
86.4570,136.9070,0.5620,1304205828341900,0.3330,0.5070
85.3860,136.0680,0.5620,1304205844385800,0.3330,0.5070
84.4860,135.4840,0.5620,1304205844405700,0.3330,0.5070
83.6710,134.8640,0.5630,1304205860595900,0.3330,0.5070
82.8570,134.4260,0.5630,1304205860636900,0.3330,0.5070
81.9570,134.1340,0.5630,1304205860637600,0.3330,0.5070
81.2290,133.9150,0.5620,1304205860638300,0.3330,0.5070
80.5430,133.8420,0.5620,1304205876662200,0.3330,0.5070
79.8570,133.9150,0.5620,1304205876694300,0.3330,0.5070
79.1290,134.0610,0.5620,1304205876695100,0.3330,0.5070
78.2710,134.4260,0.5620,1304205892762300,0.3330,0.5070
77.3710,134.8640,0.5610,1304205892777900,0.3330,0.5070
76.5570,135.4840,0.5610,1304205892778600,0.3330,0.5070
75.7430,136.0680,0.5610,1304205892779000,0.3330,0.5070
74.9710,136.6880,0.5610,1304205908826600,0.3330,0.5070
74.2430,137.4910,0.5610,1304205908850000,0.3330,0.5070
73.7290,138.1840,0.5600,1304205925759900,0.3330,0.5070
73.2140,138.9140,0.5600,1304205925778300,0.3330,0.5070
72.7430,139.6070,0.5590,1304205925779000,0.3330,0.5070
72.4430,140.1910,0.5580,1304205925779500,0.3330,0.5070
72.3140,140.7380,0.5560,1304205925779900,0.3330,0.5070
72.1430,141.2490,0.5540,1304205942143000,0.3330,0.5070
72.1430,141.6860,0.5510,1304205942189800,0.3330,0.5070
72.2290,142.0880,0.5480,1304205942206600,0.3330,0.5070
72.3570,142.5260,0.5450,1304205942207000,0.3330,0.5070
72.5290,142.9640,0.5420,1304205958719100,0.3330,0.5070
72.6570,143.4380,0.5390,1304205958739000,0.3330,0.5070
72.8290,143.7300,0.5370,1304205975666400,0.3330,0.5070
72.9140,144.0220,0.5350,1304205975725500,0.3330,0.5070
73.0430,144.3140,0.5340,1304205975726200,0.3330,0.5070
73.1290,144.5320,0.5350,1304205975748600,0.3330,0.5070
73.0430,144.9340,0.5360,1304205991959800,0.3330,0.5070
72.7430,145.2990,0.5390,1304206008113500,0.3330,0.5070
72.3570,145.5180,0.5400,1304206008133000,0.3330,0.5070
71.8430,145.8090,0.5420,1304206008133700,0.3330,0.5070
71.0290,146.2110,0.5430,1304206008134200,0.3330,0.5070
70.0430,146.5760,0.5450,1304206024504000,0.3330,0.5070
68.9290,146.9410,0.5460,1304206024518200,0.3330,0.5070
67.2570,147.6340,0.5480,1304206024518800,0.3330,0.5070
65.5430,148.2910,0.5490,1304206024519200,0.3330,0.5070
63.8290,149.0570,0.5500,1304206024519600,0.3330,0.5070
62.2000,149.7860,0.5510,1304206041497600,0.3330,0.5070
60.5290,150.6990,0.5520,1304206041534400,0.3330,0.5070
58.9430,151.5740,0.5530,1304206057607400,0.3330,0.5070
57.5290,152.5590,0.5540,1304206057650900,0.3330,0.5070
56.2000,153.5450,0.5540,1304206057655900,0.3330,0.5070
55.0000,154.6760,0.5550,1304206057656400,0.3330,0.5070
53.8860,155.8430,0.5550,1304206073861800,0.3330,0.4890
52.9000,157.0470,0.5550,1304206073895700,0.3330,0.5070
52.2140,158.1780,0.5550,1304206073896400,0.3330,0.5070
51.4860,159.6010,0.5560,1304206089858600,0.3330,0.5070
50.8860,160.8780,0.5560,1304206089874200,0.3330,0.5070
50.5000,162.1550,0.5560,1304206089875300,0.3330,0.5070
49.9860,163.8700,0.5560,1304206089875700,0.3330,0.5070
49.6000,165.6580,0.5560,1304206105935800,0.3330,0.5070
49.3000,167.6280,0.5560,1304206105961100,0.3330,0.5070
49.0860,169.7080,0.5560,1304206122118300,0.3330,0.5070
48.9140,172.0430,0.5560,1304206122150200,0.3330,0.5070
48.8710,174.5240,0.5560,1304206122150900,0.3330,0.5070
48.9140,177.0780,0.5560,1304206122151500,0.3330,0.5070
49.0860,179.5960,0.5560,1304206138353800,0.3330,0.5070
49.3860,182.1500,0.5570,1304206138369500,0.3330,0.5070
49.7710,184.7040,0.5570,1304206138370100,0.3330,0.5070
50.2000,187.2580,0.5580,1304206138370600,0.3330,0.5070
50.7140,189.5570,0.5600,1304206138371000,0.3330,0.5070
51.3140,191.8190,0.5610,1304206154661700,0.3330,0.5070
51.8290,193.9350,0.5620,1304206154721800,0.3330,0.5070
52.3860,195.8690,0.5630,1304206170782500,0.3330,0.5070
52.8140,197.5840,0.5650,1304206170811600,0.3330,0.5070
53.1140,199.0070,0.5670,1304206170812800,0.3330,0.5070
53.4140,200.0650,0.5700,1304206170813600,0.3330,0.5070
53.6290,201.0500,0.5730,1304206186794800,0.3330,0.5070
53.8000,201.7800,0.5780,1304206186814100,0.3330,0.5070
53.9290,202.4000,0.5820,1304206202870500,0.3330,0.5070
54.0140,202.9110,0.5880,1304206202892500,0.3330,0.5070
54.1000,203.3490,0.5930,1304206202893300,0.3330,0.5070
54.1860,203.8230,0.5990,1304206202893700,0.3330,0.5070
54.2290,204.1150,0.6050,1304206202894100,0.3330,0.5070
54.3140,204.4070,0.6110,1304206219062500,0.3330,0.5070
54.3140,204.6990,0.6180,1304206219104200,0.3330,0.5070
54.4000,204.9180,0.6240,1304206235133300,0.3330,0.5070
54.4000,205.3190,0.6340,1304206235173600,0.3330,0.5070
54.4860,205.5380,0.6390,1304206235174700,0.3330,0.5070
55.0000,204.8450,0.3160,1304206283636200,0.2980,0.5070
