709.3430,86.3360,0.0150,1304256052488900,0.2970,0.0000
709.3430,85.7890,0.0370,1304256052517900,0.2970,0.0000
709.3860,85.3510,0.0620,1304256052518300,0.2970,0.0000
709.4710,84.8410,0.0870,1304256068749900,0.2970,0.0000
709.6430,84.2930,0.1120,1304256068772800,0.2970,0.0000
709.7710,83.8550,0.1350,1304256084770800,0.2970,0.0000
709.9860,83.4910,0.1570,1304256084804300,0.2970,0.0000
710.2430,83.1260,0.1780,1304256084804900,0.2970,0.0000
710.5430,82.8700,0.1980,1304256084805300,0.2970,0.0000
710.7570,82.6510,0.2170,1304256084805600,-0.2620,0.0000
711.0570,82.5780,0.2350,1304256100989000,-0.2270,0.0000
711.3570,82.5050,0.2510,1304256101024000,-0.1920,0.0000
711.7000,82.5050,0.2670,1304256101047000,-0.1590,0.0350
712.2570,82.5780,0.2810,1304256101047600,-0.1230,0.0700
712.7710,82.7240,0.2950,1304256117952100,-0.1050,0.1050
713.5860,83.1990,0.3070,1304256117990900,-0.0870,0.1400
714.4000,83.7090,0.3180,1304256134134300,-0.0700,0.1760
715.2570,84.3660,0.3290,1304256134147900,-0.0520,0.1920
716.3710,85.5700,0.3390,1304256134148400,-0.0350,0.2100
717.4860,86.8470,0.3480,1304256134148700,-0.0350,0.2460
718.3860,88.2700,0.3570,1304256134149000,0.0000,0.2790
719.2000,89.7660,0.3650,1304256150389400,0.0000,0.3140
719.8860,91.5180,0.3740,1304256150404500,0.0000,0.3320
720.4860,93.4510,0.3820,1304256166527700,0.0000,0.3490
720.9140,95.5310,0.3910,1304256166544400,0.0000,0.3670
721.1710,97.9390,0.3990,1304256166544900,0.0000,0.3840
721.3000,100.6390,0.4080,1304256166545100,0.0000,0.4010
721.2140,103.4850,0.4160,1304256182531400,0.0000,0.4010
720.8710,108.9580,0.4240,1304256182570100,0.0000,0.4010
720.1000,114.3580,0.4310,1304256182570600,0.0000,0.4010
719.1570,119.6120,0.4390,1304256198742800,0.0000,0.4010
718.0000,124.7570,0.4470,1304256198758800,0.0000,0.4010
716.6710,129.8650,0.4540,1304256198759200,0.0000,0.4010
715.1710,134.7910,0.4610,1304256198759500,0.0000,0.4010
713.0710,141.4680,0.4680,1304256215747300,0.0000,0.4010
711.4860,145.9550,0.4740,1304256215787900,0.0000,0.4010
709.8570,150.4070,0.4790,1304256215788500,0.0000,0.4010
707.9710,154.6760,0.4850,1304256215788800,0.0000,0.4190
705.8710,158.6890,0.4890,1304256231825700,0.0000,0.4190
703.7710,162.4470,0.4940,1304256231883400,0.0000,0.4190
701.5430,165.9140,0.4980,1304256231885300,0.0000,0.4190
699.5710,168.4310,0.5020,1304256247997400,0.0000,0.4190
697.0430,171.6050,0.5060,1304256248032900,0.0000,0.4190
694.8140,173.9040,0.5090,1304256248033500,0.0000,0.4190
691.8570,176.7500,0.5120,1304256248033800,0.0000,0.4190
689.4570,178.8660,0.5150,1304256263982400,0.0000,0.4190
686.3280,181.3470,0.5170,1304256264002700,0.0000,0.4190
683.8000,183.1350,0.5170,1304256280935900,0.0000,0.4190
681.7000,184.4850,0.5140,1304256280951100,0.0000,0.4190
679.7290,185.6160,0.5080,1304256280951700,0.0000,0.4190
677.8000,186.5650,0.4970,1304256280952000,0.0000,0.4190
676.0000,187.4040,0.4830,1304256297112500,0.0000,0.4190
674.2000,187.9150,0.4630,1304256297163900,0.0000,0.4190
672.8290,188.3160,0.4360,1304256297165400,0.0000,0.4190
671.6290,188.3890,0.4150,1304256297166300,0.0000,0.4190
670.7710,188.2430,0.3460,1304256313336400,0.0000,0.4190
670.0000,187.7690,0.2880,1304256313348700,0.0000,0.4190
669.3140,187.0390,0.2400,1304256313349400,0.0000,0.4360
683.6290,110.7460,0.2240,1304256413641800,0.0180,0.4730
683.6290,109.8700,0.3350,1304256413655500,0.0360,0.4720
683.5430,109.2500,0.3880,1304256429672300,0.0530,0.4730
683.3290,108.9580,0.4110,1304256429712800,0.0710,0.4730
683.1140,108.9580,0.4200,1304256445840100,0.0880,0.4720
682.6430,109.5420,0.4220,1304256445890000,0.1230,0.4720
682.5140,110.0890,0.4200,1304256445890500,0.1230,0.4720
682.3430,110.6000,0.4180,1304256462456100,0.1410,0.4720
682.2140,111.2930,0.4160,1304256462494800,0.1410,0.4720
682.1290,112.0230,0.4140,1304256462495400,0.1570,0.4710
682.0430,112.7890,0.4130,1304256462495700,0.1570,0.4710
682.0430,113.5920,0.4120,1304256462496100,0.1570,0.4710
682.2140,114.6500,0.4110,1304256479420800,0.1570,0.4710
682.3430,115.7080,0.4100,1304256479438600,0.1570,0.4710
682.6430,116.7660,0.4100,1304256496300600,0.1570,0.4710
683.0290,117.7150,0.4090,1304256496357000,0.1570,0.4710
683.5430,118.6270,0.4090,1304256496358100,0.1570,0.4710
684.1000,119.4300,0.4090,1304256496358500,0.1570,0.4710
684.8290,120.1960,0.4090,1304256512544100,0.1570,0.4710
685.6000,120.7800,0.4100,1304256512578700,0.1570,0.4710
686.5430,121.3270,0.4100,1304256528822200,0.1570,0.4710
687.5290,121.6190,0.4100,1304256528872100,0.1570,0.4710
688.6430,121.6920,0.4110,1304256528872600,0.1570,0.4710
689.7570,121.6190,0.4110,1304256528872900,0.1570,0.4710
690.9570,121.4000,0.4110,1304256528873200,0.1750,0.4720
692.7570,120.7070,0.4110,1304256545136600,0.1930,0.4730
694.3430,119.8310,0.4120,1304256545189100,0.1930,0.4730
695.9710,118.6270,0.4120,1304256545189700,0.1930,0.4730
697.4290,117.3500,0.4120,1304256545190000,0.1930,0.4730
698.5430,115.9270,0.4120,1304256561524100,0.1930,0.4730
699.4430,114.5040,0.4130,1304256561569200,0.1930,0.4730
700.0430,113.3000,0.4130,1304256561569700,0.1930,0.4730
700.3430,112.2420,0.4130,1304256577503500,0.1930,0.4730
700.4290,111.3660,0.4140,1304256577517400,0.1930,0.4730
700.2570,110.6730,0.4150,1304256577518000,0.1930,0.4730
699.6570,110.0160,0.4160,1304256577518300,0.1930,0.4730
698.8430,109.5420,0.4170,1304256593725100,0.1930,0.4730
697.2570,109.0310,0.4180,1304256593762500,0.1930,0.4730
695.3290,108.6660,0.4190,1304256609752900,0.1930,0.4730
693.2290,108.5200,0.4200,1304256609786900,0.1930,0.4730
691.0430,108.5200,0.4170,1304256609787600,0.1930,0.4730
688.7290,108.6660,0.4070,1304256609788000,0.1930,0.4730
686.6290,108.8850,0.3870,1304256625926300,0.1930,0.4730
684.4430,109.1770,0.3220,1304256625942800,0.1930,0.4730
682.4290,109.4690,0.2690,1304256625943300,0.1930,0.4730
680.8430,109.6150,0.2240,1304256641908600,0.1930,0.4730
665.9710,85.5700,0.2300,1304256806622200,0.1750,0.4190
665.2860,84.3660,0.3450,1304256806670500,0.1930,0.4200
664.6860,83.5630,0.4030,1304256806677100,0.2100,0.4190
664.0860,82.9430,0.4310,1304256822995100,0.2100,0.4190
663.7000,82.5780,0.4450,1304256823007500,0.2100,0.4190
663.3140,82.4320,0.4510,1304256823008200,0.2100,0.4190
663.1000,82.3590,0.4540,1304256838985100,0.2100,0.4190
662.9710,83.0530,0.4560,1304256839018700,0.2100,0.4190
663.0570,83.6360,0.4550,1304256855182900,0.2100,0.4190
663.1000,84.3660,0.4550,1304256855201600,0.2100,0.4190
663.2710,85.4970,0.4550,1304256871168000,0.2110,0.4370
663.4000,86.7740,0.4540,1304256871184500,0.2110,0.4550
663.5710,88.9640,0.4540,1304256871185100,0.2110,0.4550
663.6140,91.1160,0.4540,1304256871206800,0.2110,0.4550
663.6140,93.4510,0.4540,1304256887462900,0.2110,0.4550
663.5710,95.7860,0.4540,1304256887477600,0.2110,0.4550
663.3140,98.0850,0.4540,1304256887478100,0.2110,0.4550
663.0570,100.4930,0.4540,1304256887478400,0.2110,0.4550
662.6710,102.8280,0.4540,1304256887478700,0.2110,0.4550
662.0710,105.1270,0.4540,1304256903496200,0.2110,0.4550
661.3860,107.3160,0.4540,1304256903541700,0.2110,0.4550
660.5710,109.4690,0.4540,1304256919666000,0.2110,0.4550
659.5000,111.5120,0.4540,1304256919705100,0.2110,0.4550
658.3000,113.3730,0.4550,1304256919705700,0.2110,0.4550
656.9710,115.1610,0.4560,1304256919710400,0.2110,0.4550
655.4710,116.8390,0.4580,1304256935752300,0.2110,0.4550
653.8430,118.4080,0.4600,1304256935767000,0.2110,0.4550
652.0860,119.7580,0.4630,1304256951806100,0.2110,0.4550
650.2430,121.0350,0.4660,1304256951844900,0.2110,0.4550
648.1860,122.0570,0.4690,1304256951861700,0.2110,0.4550
646.1290,122.9690,0.4720,1304256951862200,0.2280,0.4540
644.0290,123.6260,0.4750,1304256951862500,0.2280,0.4540
641.9290,124.1730,0.4780,1304256968780900,0.2280,0.4540
640.0430,124.4650,0.4810,1304256968797700,0.2450,0.4550
638.4140,124.5380,0.4830,1304256968798300,0.2450,0.4550
637.0430,124.3190,0.4860,1304256968798700,0.2280,0.4540
635.9290,124.0270,0.4890,1304256985707100,0.2280,0.4540
634.5140,123.1880,0.4910,1304256985740500,0.2280,0.4540
633.3570,122.0570,0.4940,1304257001924600,0.2280,0.4540
632.4140,120.5610,0.4960,1304257001955900,0.2280,0.4540
631.5570,118.8460,0.4970,1304257001956500,0.2280,0.4540
630.9140,116.8390,0.4990,1304257001956800,0.2280,0.4540
630.5290,114.7960,0.5000,1304257001957100,0.2280,0.4540
630.4430,113.0080,0.5010,1304257017905800,0.2280,0.4540
630.4000,111.5120,0.5010,1304257017937500,0.2280,0.4540
630.5290,110.2350,0.5010,1304257033911400,0.2280,0.4540
630.6140,109.0310,0.5000,1304257033961700,0.2450,0.4550
630.7430,107.9000,0.4980,1304257033966900,0.2450,0.4550
631.0000,106.9510,0.4960,1304257033967100,0.2450,0.4550
631.2140,106.0390,0.4920,1304257050014100,0.2450,0.4550
631.4290,105.2730,0.4890,1304257050086300,0.2450,0.4550
631.7290,104.6890,0.4870,1304257066985700,0.2450,0.4550
632.0290,104.1780,0.4840,1304257067009600,0.2450,0.4550
632.4140,103.7770,0.4820,1304257067010400,0.2450,0.4550
632.7140,103.4850,0.4800,1304257067010700,0.2450,0.4550
633.1430,103.1930,0.4780,1304257067010900,0.2450,0.4550
633.4430,103.0470,0.4760,1304257083366000,0.2450,0.4550
633.9140,103.0470,0.4740,1304257083420400,0.2450,0.4550
634.2140,103.0470,0.4720,1304257083425300,0.2450,0.4550
634.6430,103.2660,0.4710,1304257083441700,0.2450,0.4550
635.0290,103.6310,0.4690,1304257099424400,0.2450,0.4550
635.4140,104.1050,0.4680,1304257099452200,0.2450,0.4550
635.7140,104.6160,0.4670,1304257116362300,0.2450,0.4550
635.9290,105.2730,0.4660,1304257116414600,0.2450,0.4550
636.0140,106.0390,0.4650,1304257116415200,0.2450,0.4550
635.9290,106.7690,0.4640,1304257116415500,0.2450,0.4550
635.5430,107.9730,0.4630,1304257116415900,0.2450,0.4550
634.6430,109.6150,0.4630,1304257132364700,0.2450,0.4550
633.6140,111.3660,0.4640,1304257132379000,0.2450,0.4550
632.1140,113.0080,0.4650,1304257148500700,0.2450,0.4550
628.9430,115.8540,0.4670,1304257148521900,0.2450,0.4550
625.6430,118.4080,0.4690,1304257148522500,0.2450,0.4550
623.0290,120.1960,0.4710,1304257148522800,0.2450,0.4550
620.6290,121.4730,0.4730,1304257148523100,0.2450,0.4550
616.6860,123.5530,0.4760,1304257164662500,0.2450,0.4550
613.6860,124.9030,0.4780,1304257164700400,0.2450,0.4550
611.2000,125.8880,0.4800,1304257164701300,0.2450,0.4550
608.9710,126.6540,0.4820,1304257164701700,0.2450,0.4550
606.7860,127.3110,0.4840,1304257180748000,0.2450,0.4550
604.6000,127.7490,0.4860,1304257180767700,0.2450,0.4550
602.5000,128.1500,0.4870,1304257196730500,0.2450,0.4550
600.4860,128.2960,0.4900,1304257196768400,0.2450,0.4550
598.7710,128.3690,0.4920,1304257196769100,0.2450,0.4550
597.4430,128.2230,0.4950,1304257196769400,0.2450,0.4550
596.2430,128.0040,0.4980,1304257196769700,0.2450,0.4550
594.4860,127.4570,0.5000,1304257213775100,0.2450,0.4550
592.9430,126.7270,0.5040,1304257213829400,0.2450,0.4550
591.4860,125.7420,0.5070,1304257230689800,0.2450,0.4550
590.2430,124.5380,0.5110,1304257230747400,0.2450,0.4550
589.0430,123.0420,0.5140,1304257230747900,0.2450,0.4550
587.9290,121.4000,0.5180,1304257230748600,0.2450,0.4550
586.8570,119.4300,0.5220,1304257246910400,0.2450,0.4550
585.9570,117.2770,0.5260,1304257246997800,0.2450,0.4550
584.4570,112.9350,0.5290,1304257246998400,0.2450,0.4550
583.4710,109.4690,0.5330,1304257263054900,0.2450,0.4720
582.3140,104.9080,0.5360,1304257263111900,0.2450,0.4720
581.5430,99.9090,0.5390,1304257263113500,0.2450,0.4720
580.8570,94.8740,0.5420,1304257263114500,0.2450,0.4720
580.5570,91.0430,0.5450,1304257279356600,0.2450,0.4720
580.4290,87.7590,0.5480,1304257279378400,0.2450,0.4720
580.3430,84.9130,0.5500,1304257279379300,0.2450,0.4720
580.3430,81.9950,0.5520,1304257296282700,0.2450,0.4720
580.5140,79.0760,0.5540,1304257296345800,0.2450,0.4720
580.6430,76.2300,0.5550,1304257296346300,0.2450,0.4720
580.9430,73.5300,0.5560,1304257296350700,0.2450,0.4720
581.2430,71.1220,0.5580,1304257313281500,0.2450,0.4720
581.6290,68.9320,0.5590,1304257313302900,0.2450,0.4720
581.9290,66.9990,0.5600,1304257313303400,0.2450,0.4720
582.2290,65.5760,0.5600,1304257313303900,0.2450,0.4720
582.4430,64.5180,0.5570,1304257329523600,0.2450,0.4720
582.6570,63.7150,0.5530,1304257329565300,0.2450,0.4720
582.9570,63.0950,0.5440,1304257345835700,0.2450,0.4720
583.2570,62.8030,0.5310,1304257345854000,0.2450,0.4720
583.6430,62.7300,0.5110,1304257345854600,0.2450,0.4720
584.1570,62.8760,0.4820,1304257345854900,0.2450,0.4720
584.8430,63.3130,0.4020,1304257345855300,0.2450,0.4720
585.9570,64.4450,0.3350,1304257362759900,0.2450,0.4720
587.2430,65.8680,0.2790,1304257362776500,0.2450,0.4720
623.1140,146.0280,0.3270,1304257494049200,0.0000,0.3140
622.9430,146.3570,0.4870,1304257494069200,0.0180,0.3150
622.6860,146.5760,0.5610,1304257494069800,0.0350,0.3320
622.5140,146.8680,0.5930,1304257494070200,0.0530,0.3330
622.3860,147.0860,0.6060,1304257510022800,0.0700,0.3320
622.7290,147.5610,0.6060,1304257526761700,0.0700,0.3320
623.1140,147.5610,0.6030,1304257526783900,0.0700,0.3320
623.8000,147.5610,0.6010,1304257526784700,0.0880,0.3320
624.6140,147.5610,0.5990,1304257526785000,0.1050,0.3320
625.7290,147.5610,0.5970,1304257542833100,0.1230,0.3320
627.1000,147.4510,0.5960,1304257542887800,0.1410,0.3330
628.5140,147.4510,0.5950,1304257542888500,0.1580,0.3320
630.7000,147.3780,0.5920,1304257542888800,0.1760,0.3500
632.8430,147.3780,0.5870,1304257559817100,0.1760,0.3680
635.1140,147.3050,0.5790,1304257559832500,0.1750,0.3840
637.2570,147.3050,0.5650,1304257559833200,0.1750,0.3840
639.5290,147.2320,0.5450,1304257575918200,0.1750,0.3840
641.8430,147.2320,0.5140,1304257575950600,0.1750,0.3840
643.9430,147.2320,0.4290,1304257575951200,0.1750,0.3840
646.1290,147.0860,0.3570,1304257575951600,0.1750,0.3840
647.7570,146.8680,0.2980,1304257592065300,0.1750,0.3840
552.4860,113.0080,0.2380,1304258145842200,0.0700,0.0000
552.7000,113.0080,0.3580,1304258145863800,0.0870,0.0000
553.0000,113.0810,0.4490,1304258145864600,0.1050,0.0000
553.2140,113.3730,0.4720,1304258162027400,0.1050,0.0000
553.3860,113.5190,0.4760,1304258178066600,0.1050,0.0000
553.4710,113.7380,0.4780,1304258178126800,0.1050,0.0000
553.6000,113.9930,0.4780,1304258178127500,0.1050,0.0000
553.7710,114.2850,0.4790,1304258178127800,0.1050,0.0000
553.9860,114.7230,0.4790,1304258178128100,0.1050,0.0000
554.2000,115.2340,0.4790,1304258194260500,0.1050,0.0000
554.4140,115.7810,0.4790,1304258194297900,0.1050,0.0000
554.8000,116.6570,0.4790,1304258211233400,0.1050,0.0000
555.0140,117.6420,0.4790,1304258211253200,0.1050,0.0000
555.2710,118.7000,0.4790,1304258211253900,0.1050,0.0000
555.4000,119.9040,0.4800,1304258211254200,0.1050,0.0000
555.4860,121.0350,0.4800,1304258211254700,0.1050,0.0000
555.4860,122.3120,0.4810,1304258228209700,0.1050,0.0000
555.2710,123.5530,0.4810,1304258228229200,0.1050,0.0000
554.8860,125.4500,0.4820,1304258228229800,0.1050,0.0000
554.0710,127.2380,0.4820,1304258228230300,0.1220,0.0000
553.0860,128.8800,0.4820,1304258245196400,0.1220,0.0000
551.8860,130.3760,0.4830,1304258245238100,0.1220,0.0000
550.4710,131.7990,0.4830,1304258262200900,0.1220,0.0000
548.8860,133.1490,0.4840,1304258262228500,0.1220,0.0000
547.1710,134.2800,0.4850,1304258262229400,0.1400,0.0000
545.4570,135.2650,0.4860,1304258262229700,0.1570,0.0000
543.7000,136.0680,0.4880,1304258262230000,0.1750,0.0350
541.9860,136.7610,0.4900,1304258278371100,0.1760,0.0880
540.6570,137.1260,0.4920,1304258278392800,0.1760,0.1230
539.4570,137.3450,0.4950,1304258294333700,0.1750,0.1580
538.3860,137.3450,0.4980,1304258294369600,0.1920,0.1920
537.5710,137.2720,0.5010,1304258294370400,0.1920,0.2270
536.7570,136.9800,0.5040,1304258294370900,0.1930,0.2630
535.9430,136.4690,0.5070,1304258310393800,0.1930,0.2800
535.2570,135.7030,0.5110,1304258310408500,0.1930,0.2980
534.4430,134.4260,0.5140,1304258310409100,0.1930,0.3150
533.6710,132.8570,0.5170,1304258326585300,0.1930,0.3320
533.0710,130.9960,0.5190,1304258326620000,0.1930,0.3500
532.5570,128.8070,0.5220,1304258326620600,0.1920,0.3670
532.1710,126.3260,0.5240,1304258326620900,0.1920,0.3850
531.7430,123.5530,0.5260,1304258342633000,0.1930,0.4020
531.2290,118.4080,0.5280,1304258342669700,0.1930,0.4200
530.8430,114.4310,0.5300,1304258358659500,0.1930,0.4380
530.6290,111.0380,0.5320,1304258358719100,0.1930,0.4550
530.2430,105.5280,0.5330,1304258358727200,0.1930,0.4730
529.9430,100.2010,0.5340,1304258358727800,0.1930,0.4730
529.7290,96.3700,0.5360,1304258375593900,0.1930,0.4730
529.6430,93.3780,0.5370,1304258375609500,0.1930,0.4730
529.4710,90.9700,0.5390,1304258375610000,0.1930,0.4730
529.4710,88.8180,0.5410,1304258375610300,0.1930,0.4730
529.4290,87.0660,0.5440,1304258375610600,0.1930,0.4730
529.4290,85.7160,0.5460,1304258391625600,0.1930,0.4730
529.3430,84.6220,0.5480,1304258391646800,0.1930,0.4730
529.3430,83.7090,0.5490,1304258407666000,0.1930,0.4730
529.3430,82.9430,0.5510,1304258407692800,0.1930,0.4730
529.4290,82.3590,0.5520,1304258407693400,0.1930,0.4730
529.4290,81.9220,0.5530,1304258407698100,0.1930,0.4730
529.4290,81.5200,0.5540,1304258423700800,0.1930,0.4730
529.4290,81.2280,0.5540,1304258423742200,0.1930,0.4730
529.2570,83.2720,0.5560,1304258439937000,0.1930,0.4550
529.1290,85.3510,0.5570,1304258456096200,0.1930,0.4550
528.8290,87.6140,0.5570,1304258456112000,0.1930,0.4550
528.4430,90.1680,0.5580,1304258456112600,0.1930,0.4550
527.6290,94.8740,0.5590,1304258456112900,0.1930,0.4550
526.7710,98.4870,0.5590,1304258472091900,0.1930,0.4550
526.0430,101.4050,0.5600,1304258472133600,0.2110,0.4550
524.7140,105.8200,0.5610,1304258488209900,0.2110,0.4550
523.5140,108.9580,0.5610,1304258488227700,0.2110,0.4550
522.3140,111.5120,0.5620,1304258488228200,0.2110,0.4550
520.2140,115.3430,0.5620,1304258488228500,0.2110,0.4550
517.8140,118.7000,0.5630,1304258488228800,0.2110,0.4550
515.2000,121.7650,0.5640,1304258504408800,0.2110,0.4550
512.2430,124.4650,0.5650,1304258504464300,0.2110,0.4550
508.9860,127.0190,0.5660,1304258520691000,0.2110,0.4550
505.3000,129.1720,0.5680,1304258520728300,0.2110,0.4550
501.2710,131.2150,0.5700,1304258520728900,0.2280,0.4540
496.7710,133.0760,0.5720,1304258520729200,0.2450,0.4550
491.9710,134.6450,0.5730,1304258536826000,0.2450,0.4550
487.0000,136.0680,0.5750,1304258536855000,0.2450,0.4550
482.0710,137.3450,0.5760,1304258552922700,0.2450,0.4550
477.3570,138.3300,0.5780,1304258552971600,0.2450,0.4550
473.6710,138.9140,0.5800,1304258552972100,0.2450,0.4550
470.6710,139.2420,0.5820,1304258552972400,0.2450,0.4550
468.2290,139.4610,0.5850,1304258552972700,0.2450,0.4550
465.7430,139.5340,0.5870,1304258569905800,0.2450,0.4550
463.4290,139.3880,0.5900,1304258569940400,0.2450,0.4550
461.3290,139.2420,0.5920,1304258569941000,0.2450,0.4550
459.4430,138.9140,0.5940,1304258569941300,0.2450,0.4550
458.0290,138.5490,0.5960,1304258586047900,0.2450,0.4550
457.0000,138.1110,0.5980,1304258586074700,0.2450,0.4550
456.1430,137.5640,0.6000,1304258602091400,0.2450,0.4550
455.7140,137.0530,0.6010,1304258602108700,0.2450,0.4550
455.5000,136.4690,0.6020,1304258602109500,0.2450,0.4550
455.5000,135.9220,0.6020,1304258602110200,0.2450,0.4550
455.7140,135.4110,0.6030,1304258618068600,0.2450,0.4550
456.1430,134.7910,0.6040,1304258618085100,0.2450,0.4550
457.0000,134.3530,0.6040,1304258618085600,0.2450,0.4550
458.0290,133.9880,0.6040,1304258634374400,0.2450,0.4550
459.1430,133.7690,0.6040,1304258634408200,0.2450,0.4550
460.4290,133.7690,0.6040,1304258634408800,0.2450,0.4550
462.4430,134.0610,0.6030,1304258634409200,0.2450,0.4550
464.4570,134.6450,0.6020,1304258650629700,0.2450,0.4550
466.3430,135.4840,0.6000,1304258650677800,0.2450,0.4550
468.0570,136.6150,0.5990,1304258650678300,0.2450,0.4550
469.6430,137.9650,0.5970,1304258650678600,0.2450,0.4550
470.9710,139.6070,0.5950,1304258666814600,0.2450,0.4550
472.0430,141.3220,0.5920,1304258666829400,0.2450,0.4550
472.7710,143.1820,0.5900,1304258666829900,0.2450,0.4550
473.0710,145.2260,0.5860,1304258682848600,0.2450,0.4550
473.0710,147.0130,0.5830,1304258682865500,0.2450,0.4370
472.7710,149.3490,0.5790,1304258682866000,0.2450,0.4200
472.1290,151.5740,0.5750,1304258682866600,0.2450,0.4370
471.2290,153.6900,0.5700,1304258698885200,0.2450,0.4550
469.2570,157.4490,0.5640,1304258698899700,0.2450,0.4550
467.5430,159.8200,0.5570,1304258715795200,0.2450,0.4550
466.0430,161.5350,0.5460,1304258715808800,0.2450,0.4550
464.6290,162.9950,0.5310,1304258715809600,0.2450,0.4550
463.2570,164.2350,0.5110,1304258715809900,0.2450,0.4550
462.0140,165.3660,0.4840,1304258715810300,0.2450,0.4550
461.1140,166.1320,0.4660,1304258731997300,0.2450,0.4550
460.3430,166.7160,0.3880,1304258732036500,0.2450,0.4550
459.9140,166.9350,0.3240,1304258747998700,0.2450,0.4550
459.6140,167.0080,0.2700,1304258748032800,0.2450,0.4550
547.0860,75.5360,0.2640,1304258913442100,0.1230,0.3670
546.9570,75.0260,0.3930,1304258913484400,0.1230,0.3840
546.5710,74.5510,0.4540,1304258913485100,0.1230,0.3840
546.1000,74.1860,0.4810,1304258913485400,0.1400,0.3850
545.5860,73.9680,0.4930,1304258929455500,0.1580,0.3840
544.9000,73.8220,0.4960,1304258929479000,0.1750,0.3840
544.2570,73.6760,0.4940,1304258945447200,0.1920,0.3850
543.4860,73.6030,0.4890,1304258945467900,0.1920,0.3850
542.7570,73.6030,0.4860,1304258945470600,0.2100,0.3850
541.5570,73.6760,0.4830,1304258945471000,0.2100,0.3850
540.2710,73.7490,0.4800,1304258961591400,0.2100,0.3850
538.9860,73.8950,0.4780,1304258961631600,0.2100,0.3850
537.1430,74.2590,0.4760,1304258978537500,0.2100,0.3850
535.2570,74.5510,0.4740,1304258978578000,0.2100,0.3850
533.4570,74.9530,0.4720,1304258978578500,0.2100,0.3850
531.6570,75.3910,0.4690,1304258978578900,0.2100,0.3850
530.2430,75.7550,0.4630,1304258978579100,0.2100,0.3850
529.1290,76.0840,0.4550,1304258994683700,0.2100,0.3850
528.2290,76.3030,0.4440,1304258994750400,0.2100,0.3850
527.5430,76.4490,0.4290,1304259010665100,0.2100,0.3850
527.0290,76.5950,0.4090,1304259010705100,0.2100,0.3850
526.5570,76.6680,0.3810,1304259010705700,0.2100,0.3850
526.2570,76.6680,0.3180,1304259010706000,0.2100,0.3850
526.0430,76.3760,0.2200,1304259027585300,0.2100,0.3850
538.6430,56.6730,0.1980,1304259092725800,0.2110,0.4730
539.1570,55.7610,0.3000,1304259092749700,0.2110,0.4730
539.4570,55.0310,0.3520,1304259092750500,0.2110,0.4730
539.5860,54.4110,0.3790,1304259092750900,0.2110,0.4730
539.7570,53.9000,0.3920,1304259109606300,0.2110,0.4730
539.7570,53.4990,0.4000,1304259109659800,0.2110,0.4730
539.6710,53.1340,0.4050,1304259109660800,0.2110,0.4730
539.2430,52.7690,0.4090,1304259125682700,0.2110,0.4730
538.8570,52.6960,0.4100,1304259125699300,0.2110,0.4730
538.2570,52.7690,0.4110,1304259125699800,0.2110,0.4730
537.2710,52.9880,0.4120,1304259141719400,0.2110,0.4730
535.6430,53.6080,0.4120,1304259141733800,0.2110,0.4730
533.8430,54.3380,0.4070,1304259157773500,0.2110,0.4730
531.9570,55.3960,0.3940,1304259157787300,0.2110,0.4730
530.0290,56.5270,0.3670,1304259157787900,0.2110,0.4730
526.8570,58.8990,0.3060,1304259157791500,0.2110,0.4730
524.4570,60.7230,0.2550,1304259157791700,0.2110,0.4730
522.7430,62.0730,0.2120,1304259174744200,0.2110,0.4730
552.3140,90.7510,0.0250,1304259305898900,0.1230,0.4020
552.1860,91.1890,0.0620,1304259305919400,0.1230,0.4190
552.0140,91.5910,0.1010,1304259305920000,0.1230,0.4190
551.8860,92.0280,0.1390,1304259305920300,0.1230,0.4190
551.8000,92.3930,0.1750,1304259322793600,0.1230,0.4190
551.5860,92.7580,0.2080,1304259322834500,0.1230,0.4190
551.5000,93.1590,0.2380,1304259322835000,0.1230,0.4190
551.3710,93.5240,0.2650,1304259338739700,0.1230,0.4190
551.2000,93.9620,0.2880,1304259338759700,0.1230,0.4190
551.1140,94.4370,0.3050,1304259338762800,0.1230,0.4190
550.9860,94.9470,0.3140,1304259338767000,0.1230,0.4190
550.9000,95.4580,0.3100,1304259354733400,0.1230,0.4190
550.7710,96.0780,0.2590,1304259354767900,0.1230,0.4370
550.7710,96.5160,0.2150,1304259370862400,0.1230,0.4550
550.6860,96.8810,0.1790,1304259370905500,0.1230,0.4550
487.9000,87.6140,0.2980,1304259520397300,0.1230,0.2270
486.4000,87.2490,0.4420,1304259520398800,0.1400,0.2450
485.1570,86.9930,0.5040,1304259520399200,0.1570,0.2620
484.0860,86.9200,0.5260,1304259536388000,0.1760,0.2810
483.1860,87.1390,0.5290,1304259536433100,0.1750,0.2980
482.3710,87.6140,0.5170,1304259552620200,0.1750,0.2980
481.7710,88.1240,0.5020,1304259552640500,0.1750,0.3140
481.2570,88.5620,0.4890,1304259552641200,0.1750,0.3320
480.8710,89.1090,0.4770,1304259552646400,0.1760,0.3500
480.4860,89.5470,0.4680,1304259568694000,0.1760,0.3680
480.1430,89.9850,0.4600,1304259568734100,0.1920,0.3850
479.7570,90.4590,0.4520,1304259568734700,0.1930,0.4020
479.2430,90.9700,0.4460,1304259568735000,0.1930,0.4200
478.5570,91.5910,0.4400,1304259568735300,0.2100,0.4190
477.7860,92.0280,0.4340,1304259584768900,0.2100,0.4190
476.9290,92.5390,0.4300,1304259584824800,0.2100,0.4190
475.9430,92.8680,0.4260,1304259601732600,0.2100,0.4190
474.8290,93.1590,0.4220,1304259601765300,0.2100,0.4190
473.6710,93.2320,0.4190,1304259601765900,0.2110,0.4370
472.4710,93.0870,0.4160,1304259601766600,0.2110,0.4550
470.6710,92.6850,0.4130,1304259601770200,0.2110,0.4550
468.9570,91.8820,0.4090,1304259618623600,0.2110,0.4550
467.4570,90.6050,0.4060,1304259618670900,0.2110,0.4550
465.9570,89.0360,0.4010,1304259635657900,0.2110,0.4550
464.7570,87.1390,0.3970,1304259635692100,0.2280,0.4540
462.9140,83.3450,0.3920,1304259635692600,0.2450,0.4550
461.8430,80.0240,0.3870,1304259635692900,0.2450,0.4550
461.1140,77.1780,0.3830,1304259651689400,0.2450,0.4550
460.6000,74.6610,0.3800,1304259651733300,0.2450,0.4550
460.1290,72.0340,0.3800,1304259651736800,0.2450,0.4550
459.6140,69.4070,0.3810,1304259667743800,0.2450,0.4720
459.1000,66.9260,0.3850,1304259667763900,0.2450,0.4720
458.5000,64.5910,0.3900,1304259667764400,0.2450,0.4720
457.9000,62.6570,0.3960,1304259667764800,0.2450,0.4720
457.3000,60.9420,0.4020,1304259684729600,0.2450,0.4720
456.7430,59.8110,0.4080,1304259684769700,0.2450,0.4720
456.4000,59.1180,0.4130,1304259684770600,0.2450,0.4720
455.9290,58.8260,0.4180,1304259684771000,0.2450,0.4720
455.5430,58.8990,0.4230,1304259684771300,0.2450,0.4720
455.2430,59.3730,0.4270,1304259700977200,0.2450,0.4720
454.9000,60.3220,0.4300,1304259701008500,0.2450,0.4720
454.3430,62.5110,0.4340,1304259717003200,0.2450,0.4720
453.4860,67.4360,0.4360,1304259717047600,0.2450,0.4720
452.8860,73.3840,0.4390,1304259717067500,0.2450,0.4720
451.8140,82.0680,0.4410,1304259717068600,0.2450,0.4550
451.0000,90.5320,0.4430,1304259733102000,0.2450,0.4720
450.1000,99.2890,0.4450,1304259733136700,0.2450,0.4720
448.8140,107.9730,0.4470,1304259750039400,0.2450,0.4720
447.1860,116.7660,0.4480,1304259750071500,0.2450,0.4720
445.3860,124.6110,0.4500,1304259750072000,0.2450,0.4720
443.2000,132.0180,0.4510,1304259750072300,0.2450,0.4720
440.8860,138.6950,0.4540,1304259750072600,0.2450,0.4720
439.0000,143.1090,0.4580,1304259766032700,0.2450,0.4550
436.0000,149.0570,0.4640,1304259766048100,0.2450,0.4550
432.2710,154.2740,0.4720,1304259782141900,0.2450,0.4370
427.9430,158.7990,0.4810,1304259782174900,0.2450,0.4550
422.8860,162.6660,0.4920,1304259782175400,0.2450,0.4550
417.1430,166.2780,0.5030,1304259782175700,0.2450,0.4550
411.1430,169.3430,0.5140,1304259782176100,0.2450,0.4550
406.4290,171.1310,0.5240,1304259799088100,0.2450,0.4550
401.5000,172.6270,0.5360,1304259799122200,0.2450,0.4550
397.7290,173.3930,0.5480,1304259799122800,0.2450,0.4550
394.6860,173.6850,0.5600,1304259799123100,0.2450,0.4550
392.1140,173.6850,0.5730,1304259815221000,0.2450,0.4550
389.8000,173.3200,0.5860,1304259815275600,0.2450,0.4720
387.5710,172.4810,0.5970,1304259831445800,0.2450,0.4720
384.1860,170.2550,0.6080,1304259831464000,0.2450,0.4720
381.7000,166.8620,0.6150,1304259831464500,0.2450,0.4720
380.0710,162.5930,0.6190,1304259831464800,0.2450,0.4720
379.3860,157.5220,0.6170,1304259831465100,0.2450,0.4720
379.6860,151.6470,0.6050,1304259847600200,0.2450,0.4720
381.3140,143.1090,0.5840,1304259847649100,0.2450,0.4720
384.3140,134.2800,0.5650,1304259863696600,0.2450,0.4720
388.0860,125.9610,0.4710,1304259863732300,0.2450,0.4720
392.4140,118.1160,0.3930,1304259863733100,0.2450,0.4720
397.1290,111.2200,0.3270,1304259863733600,0.2280,0.4720
330.9140,143.1090,0.2590,1304260213044000,0.0000,0.2440
330.4860,143.2550,0.4430,1304260229092100,0.0350,0.2810
330.1860,143.3650,0.4660,1304260229112100,0.0530,0.2980
329.8000,143.4380,0.4750,1304260229112600,0.0700,0.3140
329.5000,143.4380,0.4780,1304260245197200,0.0880,0.3320
329.1140,143.4380,0.4770,1304260245260100,0.1060,0.3500
328.6000,143.2550,0.4750,1304260261454100,0.1230,0.3670
328.0000,143.1090,0.4730,1304260261472800,0.1400,0.3850
327.0140,142.8180,0.4720,1304260261473400,0.1580,0.3840
325.9860,142.5260,0.4720,1304260261473700,0.1750,0.3840
324.1860,141.8320,0.4730,1304260277593800,0.1920,0.3850
322.3860,141.1030,0.4740,1304260277609600,0.2100,0.3850
320.4570,140.3360,0.4760,1304260293578800,0.2100,0.3850
318.5710,139.4610,0.4790,1304260293601300,0.2100,0.3850
316.6860,138.5490,0.4820,1304260293601900,0.2100,0.3850
314.8860,137.5640,0.4850,1304260293602300,0.2100,0.3850
313.1710,136.4690,0.4880,1304260293602600,0.2100,0.3850
311.6710,135.3380,0.4910,1304260310561400,0.2100,0.3850
310.2570,134.0610,0.4940,1304260310604500,0.2100,0.3850
309.1860,132.7840,0.4960,1304260310605400,0.2100,0.3850
308.2860,131.3610,0.4980,1304260327514900,0.2100,0.3850
307.7710,130.1570,0.5000,1304260327529600,0.2100,0.3850
307.4710,128.9530,0.5010,1304260327530100,0.2100,0.3850
307.3430,127.9310,0.5010,1304260327530400,0.2100,0.3850
307.4290,127.0190,0.5020,1304260344513200,0.2100,0.3850
307.6430,125.9610,0.5020,1304260344527400,0.2100,0.3850
308.0290,124.9030,0.5010,1304260344528000,0.2100,0.3850
308.5430,123.9540,0.5010,1304260344528300,0.2100,0.3850
309.5710,122.8230,0.5000,1304260360446700,0.2100,0.3850
310.5570,121.9110,0.4990,1304260360498100,0.2100,0.3850
311.5860,121.4000,0.4980,1304260376515600,0.2100,0.3850
312.5710,121.0350,0.4970,1304260376535100,0.2100,0.3850
313.6430,120.7800,0.4960,1304260376535600,0.2100,0.3850
314.5860,120.8530,0.4940,1304260376536000,0.2100,0.3850
315.7430,121.1080,0.4920,1304260376536300,0.2100,0.3850
317.2000,121.6920,0.4900,1304260393561200,0.2100,0.3850
318.7000,122.6040,0.4880,1304260393575900,0.2100,0.3850
319.9860,123.8080,0.4850,1304260409748700,0.2100,0.3850
321.1000,125.1580,0.4830,1304260409805100,0.2100,0.3850
322.0000,126.6540,0.4800,1304260409805900,0.2100,0.3850
322.6860,128.2230,0.4780,1304260409806200,0.2100,0.3850
322.9860,129.7190,0.4760,1304260409806500,0.2100,0.3850
323.1570,131.1420,0.4750,1304260425753200,0.2100,0.3850
323.0710,132.4190,0.4730,1304260425783700,0.2100,0.3850
322.6000,134.3530,0.4720,1304260425784400,0.2100,0.3850
321.8710,136.2140,0.4710,1304260441897200,0.2100,0.3850
320.8000,138.0380,0.4710,1304260441937300,0.2100,0.3850
319.4710,139.8260,0.4720,1304260441937900,0.2100,0.3850
316.6860,142.8180,0.4730,1304260457980300,0.2100,0.3850
314.4570,144.7880,0.4750,1304260458051100,0.2100,0.3850
312.4430,146.1010,0.4780,1304260458056100,0.2100,0.3850
310.4710,147.1590,0.4810,1304260458057500,0.2100,0.3850
308.5430,147.9990,0.4840,1304260458058900,0.2100,0.3850
306.5290,148.6550,0.4880,1304260474142200,0.2100,0.3850
304.4710,149.1300,0.4920,1304260474177500,0.2100,0.3850
302.7570,149.2030,0.4970,1304260490220600,0.2100,0.3850
301.2570,149.1300,0.5020,1304260490254400,0.2100,0.3850
299.3290,148.7280,0.5070,1304260490271000,0.2100,0.3850
297.5290,148.0720,0.5130,1304260490271400,0.2100,0.3850
295.9430,147.0860,0.5180,1304260506272300,0.2100,0.3850
294.4430,145.8820,0.5230,1304260506304200,0.2280,0.3850
293.1570,144.3860,0.5280,1304260522395100,0.2450,0.3840
291.9140,142.4530,0.5330,1304260522427600,0.2450,0.3840
289.9000,138.4760,0.5380,1304260522428200,0.2450,0.3840
288.4000,134.2070,0.5430,1304260522433000,0.2450,0.3840
287.2000,129.5730,0.5470,1304260522433300,0.2450,0.3840
286.2140,124.6110,0.5520,1304260538613700,0.2450,0.3840
285.4430,119.2840,0.5570,1304260538629200,0.2460,0.4030
284.8430,113.6650,0.5620,1304260555514500,0.2450,0.4200
284.4140,107.6810,0.5670,1304260555564900,0.2450,0.4200
284.1140,98.9240,0.5720,1304260555568100,0.2450,0.4200
283.9860,92.9410,0.5760,1304260555569100,0.2450,0.4200
283.9860,86.7740,0.5800,1304260572435400,0.2450,0.4200
283.9860,80.8640,0.5840,1304260572450700,0.2450,0.4200
284.2000,75.3180,0.5860,1304260572451300,0.2450,0.4200
284.4140,71.4870,0.5890,1304260572451700,0.2450,0.4200
284.6290,68.7140,0.5890,1304260572455400,0.2450,0.4200
284.9290,66.6340,0.5820,1304260589403100,0.2450,0.4200
285.4000,64.8460,0.5690,1304260589460900,0.2450,0.4200
286.1290,63.3130,0.5450,1304260606370600,0.2450,0.4200
286.9430,62.4380,0.5290,1304260606396800,-0.2100,0.4200
287.8000,61.8180,0.4410,1304260606397700,-0.1750,0.4190
288.7000,61.5260,0.3670,1304260606398300,-0.1400,0.4200
289.5140,61.5990,0.3060,1304260606398700,-0.1040,0.4190
310.5570,93.8890,0.0030,1304260708196900,0.0000,0.4190
310.8570,94.4370,0.0300,1304260708239700,0.0000,0.4190
311.1570,94.8010,0.0670,1304260708240500,0.0000,0.4190
311.5430,95.2390,0.1050,1304260708241000,0.0000,0.4190
311.9710,95.5310,0.1430,1304260708241300,0.0000,0.4190
312.4860,95.7860,0.1780,1304260725044700,0.0000,0.4190
313.1710,96.0050,0.2110,1304260725075900,0.0000,0.4190
314.2860,96.0780,0.2410,1304260725080700,0.0000,0.4190
315.5710,96.2240,0.2680,1304260725081300,0.0000,0.4360
316.9000,96.2240,0.2920,1304260742053700,0.0000,0.4360
318.3570,96.1510,0.3140,1304260742079100,0.0000,0.4540
320.5860,96.1510,0.3340,1304260742079800,0.0000,0.4540
322.6860,96.0780,0.3500,1304260758961700,0.0000,0.4540
324.4860,96.1510,0.3610,1304260758997000,0.0000,0.4540
325.9860,96.1510,0.3650,1304260759000200,0.0000,0.4540
328.0000,96.2970,0.3570,1304260759001600,0.0000,0.4540
329.4140,96.4430,0.2970,1304260775932500,0.0000,0.4540
330.7000,96.5890,0.2480,1304260775954300,0.0000,0.4540
331.5140,96.7350,0.2060,1304260775954800,0.0000,0.4540
259.0430,107.9730,0.2470,1304260975562700,0.1400,0.0000
258.1430,107.6080,0.3660,1304260975564000,0.1570,0.0000
257.3710,107.4620,0.4150,1304260975564400,0.1750,0.0000
256.6860,107.6080,0.4310,1304260991423800,0.1750,0.0000
256.0860,107.9000,0.4310,1304260991443200,0.1920,0.0000
255.4430,108.5200,0.4220,1304260991443700,0.1920,0.0000
254.8430,109.3230,0.4140,1304260991444000,0.1920,0.0000
253.9860,110.6730,0.4080,1304261007682500,0.1920,0.0000
253.1710,112.2420,0.4030,1304261007716200,0.1920,0.0000
252.4860,113.9200,0.3990,1304261023792600,0.1920,0.0000
251.7570,115.7810,0.3960,1304261023813300,0.1920,0.0000
251.0710,117.7150,0.3930,1304261023813900,0.1920,0.0000
250.5570,119.9040,0.3900,1304261023814200,0.1920,0.0000
250.1290,122.0570,0.3880,1304261023832600,0.1920,0.0000
249.6570,124.3920,0.3860,1304261039967900,0.1920,0.0000
249.2710,126.7270,0.3840,1304261039983400,0.1920,0.0000
248.9290,128.9530,0.3820,1304261056944900,0.1920,0.0000
248.6290,131.2880,0.3810,1304261056964100,0.1920,0.0000
248.3290,133.6230,0.3800,1304261056964700,0.1920,0.0000
248.0290,135.8490,0.3790,1304261056965000,0.1920,0.0000
247.6430,137.8920,0.3780,1304261072938400,0.1920,0.0000
247.1710,139.8260,0.3770,1304261072967700,0.1920,0.0000
246.7430,141.6860,0.3770,1304261072968800,0.1920,0.0000
246.2290,143.3650,0.3780,1304261072969500,0.1920,0.0000
245.6290,144.9340,0.3790,1304261089897400,0.1920,0.0000
244.9430,146.2110,0.3810,1304261089913400,0.1920,0.0000
244.4290,147.1590,0.3840,1304261089914000,0.1920,0.0000
243.8290,147.9260,0.3880,1304261106845400,0.1920,0.0000
243.2290,148.6550,0.3910,1304261106865300,0.2090,0.0000
242.5430,149.2760,0.3960,1304261106865800,0.2090,0.0000
241.8570,149.7860,0.4000,1304261106866100,0.2090,0.0000
241.2570,150.2240,0.4040,1304261106866500,0.2100,0.0350
240.7430,150.4800,0.4090,1304261122930500,0.2110,0.0700
240.2290,150.5530,0.4130,1304261122982300,0.2100,0.1050
239.7570,150.6260,0.4170,1304261139160700,0.2100,0.1390
239.3290,150.6260,0.4210,1304261139205000,0.2110,0.1750
238.8140,150.4070,0.4240,1304261139208400,0.2100,0.1920
238.2570,150.1510,0.4270,1304261139209300,0.2100,0.2100
237.5290,149.6410,0.4300,1304261156077000,0.2110,0.2280
236.9290,148.9840,0.4330,1304261156090800,0.2100,0.2450
236.2430,148.1450,0.4350,1304261156091400,0.2100,0.2620
235.3430,146.7220,0.4370,1304261172993000,0.2100,0.2800
234.4430,145.2260,0.4390,1304261173026700,0.2110,0.2980
233.6290,143.6570,0.4400,1304261173027800,0.2100,0.3150
232.9000,142.0880,0.4420,1304261173055900,0.2100,0.3330
232.1290,140.3360,0.4430,1304261190004200,0.2100,0.3500
231.4430,138.5490,0.4450,1304261190024300,0.2280,0.3670
230.8000,136.7610,0.4470,1304261206029800,0.2280,0.3850
230.2000,135.0460,0.4490,1304261206048700,0.2450,0.3840
229.5140,133.2950,0.4520,1304261206049300,0.2460,0.4030
228.9140,131.5800,0.4550,1304261206049600,0.2450,0.4200
228.3140,129.9380,0.4580,1304261206049900,0.2450,0.4200
227.8430,128.5880,0.4610,1304261222271100,0.2450,0.4200
227.4140,127.4570,0.4640,1304261222330500,0.2450,0.4200
227.1140,126.4720,0.4670,1304261222331700,0.2450,0.4200
226.8140,125.5960,0.4700,1304261222332200,0.2450,0.4200
226.4290,124.6840,0.4730,1304261238647800,0.2450,0.4200
226.1290,123.8810,0.4750,1304261238681300,0.2450,0.4200
225.8290,123.1150,0.4770,1304261254669200,0.2450,0.4200
225.6140,122.6040,0.4790,1304261254719600,0.2450,0.4200
225.4000,122.0570,0.4810,1304261254720100,0.2450,0.4200
225.1860,121.6190,0.4820,1304261254720400,0.2450,0.4200
224.9290,121.1810,0.4840,1304261254720800,0.2450,0.4200
224.8000,120.8530,0.4850,1304261270834100,-0.2100,0.4200
224.5860,120.6340,0.4850,1304261270876200,-0.1750,0.4190
224.2860,120.6340,0.4870,1304261287075900,-0.1040,0.4190
223.8140,121.1810,0.4880,1304261287093500,-0.0520,0.4200
223.5140,121.6920,0.4880,1304261304002000,-0.0520,0.4200
223.2140,122.6770,0.4880,1304261304015900,0.0000,0.4190
222.8290,123.7350,0.4880,1304261304016500,0.0000,0.4190
222.5290,124.8300,0.4890,1304261320173800,0.0000,0.4190
222.0140,126.6540,0.4890,1304261320188400,0.0000,0.4190
221.6290,128.0770,0.4890,1304261320188900,0.0000,0.4190
221.3290,129.4270,0.4890,1304261320189200,0.0000,0.4190
221.0290,130.5220,0.4900,1304261336554900,0.0000,0.4190
220.8140,131.6530,0.4900,1304261336587300,0.0000,0.4190
220.5140,132.8570,0.4900,1304261336587800,0.0000,0.4190
220.1290,133.9150,0.4910,1304261336588100,0.0000,0.4190
219.8290,135.0460,0.4910,1304261336591900,0.0000,0.4190
219.4860,136.0680,0.4920,1304261352591700,0.0000,0.4190
219.0140,137.0530,0.4940,1304261352606000,0.0000,0.4190
218.5860,137.9650,0.4950,1304261368597700,0.0000,0.4190
218.0710,138.6950,0.4970,1304261368619000,0.0000,0.4190
217.5140,139.4610,0.4990,1304261368619600,0.0000,0.4190
216.9140,140.0450,0.5010,1304261368619900,0.0000,0.4190
216.3140,140.5920,0.5030,1304261384667200,0.0000,0.4190
215.8000,140.8840,0.5050,1304261384685200,0.0000,0.4190
215.2860,141.1030,0.5070,1304261401083600,0.0000,0.4190
214.8140,141.1760,0.5090,1304261401110100,0.0000,0.4190
214.3860,141.1760,0.5110,1304261401133200,0.0000,0.4190
213.8710,141.0300,0.5130,1304261401133600,0.0000,0.4190
213.2710,140.7380,0.5140,1304261401133900,0.0000,0.4190
212.5860,140.2630,0.5160,1304261417274300,0.0000,0.4190
211.9000,139.5340,0.5180,1304261417289400,0.0000,0.4190
210.8710,138.4030,0.5190,1304261433325300,0.0000,0.4190
209.8000,137.1260,0.5200,1304261433340800,0.0000,0.4190
208.8570,135.9220,0.5210,1304261433341300,0.0000,0.4190
208.0860,134.9730,0.5220,1304261433341600,0.0000,0.4190
207.3570,134.1340,0.5230,1304261449782300,0.0000,0.4190
206.7570,133.4410,0.5230,1304261449815700,0.0000,0.4190
206.1570,132.8570,0.5240,1304261449825000,0.0000,0.4190
205.6000,132.3460,0.5240,1304261449825600,0.0000,0.4190
205.1710,131.8720,0.5240,1304261449826000,0.0000,0.4190
204.7860,131.5800,0.5240,1304261465979500,0.0000,0.4190
204.3570,131.2880,0.5230,1304261465997000,0.0000,0.4190
203.9710,131.1420,0.5230,1304261482072800,0.0000,0.4190
203.4570,131.0690,0.5220,1304261482109800,0.0000,0.4190
202.9430,131.0690,0.5220,1304261482110600,0.0000,0.4190
202.3430,131.2150,0.5210,1304261482111100,0.0000,0.4190
201.4860,131.5800,0.5210,1304261498208400,0.0000,0.4190
200.5860,131.9450,0.5210,1304261498261500,0.0000,0.4190
199.6430,132.5650,0.5200,1304261514293800,0.0000,0.4190
198.2710,133.3680,0.5200,1304261514311400,0.0000,0.4190
196.8570,134.2800,0.5210,1304261514312000,0.0000,0.4190
195.3570,135.3380,0.5210,1304261514312300,0.0000,0.4190
193.9430,136.2860,0.5210,1304261530688000,0.0000,0.4190
192.3570,137.2720,0.5220,1304261530702600,0.0000,0.4190
190.8570,138.2570,0.5230,1304261530703200,0.0000,0.4190
189.5290,139.1690,0.5240,1304261530703600,0.0000,0.4190
188.3290,139.8260,0.5250,1304261546666400,0.0000,0.4190
187.3430,140.3360,0.5260,1304261546716800,0.0000,0.4190
186.4430,140.8110,0.5270,1304261546717700,0.0000,0.4190
185.6290,141.2490,0.5290,1304261563680800,0.0000,0.4190
184.7290,141.6130,0.5300,1304261563718300,0.0000,0.4190
184.0430,141.9050,0.5310,1304261563718900,0.0000,0.4190
183.3140,142.1610,0.5320,1304261563719300,0.0000,0.4190
182.7140,142.3070,0.5330,1304261563719600,0.0000,0.4190
182.1140,142.4530,0.5340,1304261579908900,0.0000,0.4190
181.4290,142.5260,0.5360,1304261579923300,0.0180,0.4200
180.7430,142.5990,0.5370,1304261596262600,0.0530,0.4200
180.1430,142.6720,0.5380,1304261596277200,0.0880,0.4200
179.5430,142.6720,0.5390,1304261596277700,0.1050,0.4190
178.9000,142.6720,0.5400,1304261596278100,0.1230,0.4190
178.3000,142.6720,0.5410,1304261612523300,0.1410,0.4200
177.7000,142.5990,0.5420,1304261612541000,0.1570,0.4190
177.1430,142.4530,0.5430,1304261628738600,0.1750,0.4190
176.5430,142.3800,0.5440,1304261628752700,0.1930,0.4200
175.9430,142.1610,0.5450,1304261628753200,0.2100,0.4190
175.3430,142.0150,0.5460,1304261628753500,0.2280,0.4200
174.8290,141.7590,0.5470,1304261628753800,0.2450,0.4200
174.2290,141.4680,0.5470,1304261644920500,0.2450,0.4200
173.5430,141.0300,0.5480,1304261644953700,0.2450,0.4200
172.9000,140.4820,0.5480,1304261644954300,0.2450,0.4200
172.2140,139.8990,0.5490,1304261661203800,0.2450,0.4200
171.5290,139.3150,0.5490,1304261661262200,0.2450,0.4200
170.8860,138.5490,0.5490,1304261661262800,0.2450,0.4200
170.2000,137.7460,0.5490,1304261661267400,0.2450,0.4200
169.2140,136.4690,0.5490,1304261677461400,0.2450,0.4200
168.3140,135.1920,0.5490,1304261677475100,0.2630,0.4190
167.4140,133.9150,0.5490,1304261677475600,0.2800,0.4200
166.6000,132.8570,0.5490,1304261677475900,0.2800,0.4200
165.9140,132.0180,0.5480,1304261693497300,0.2800,0.4200
165.2290,131.3610,0.5480,1304261693518900,0.2800,0.4200
164.5860,130.6680,0.5470,1304261709692100,0.2800,0.4200
163.9000,130.2300,0.5460,1304261709725600,0.2800,0.4200
163.1290,129.9380,0.5440,1304261709726100,0.2800,0.4200
162.4860,129.8650,0.5440,1304261709726400,0.2800,0.4200
161.7140,129.8650,0.5420,1304261725883900,0.2800,0.4200
160.6000,130.2300,0.5410,1304261725904000,0.2800,0.4200
159.0140,130.9230,0.5400,1304261725904600,0.2800,0.4200
157.3860,131.7260,0.5400,1304261741979600,0.2800,0.4200
156.0140,132.7110,0.5390,1304261741993500,0.2970,0.4190
154.7710,133.6960,0.5380,1304261741994200,0.2970,0.4190
153.7860,134.4990,0.5370,1304261741994500,0.2970,0.4190
153.1000,135.2650,0.5370,1304261758304700,0.2970,0.4190
152.5000,135.9220,0.5360,1304261758322600,0.2970,0.4190
152.2000,136.6150,0.5350,1304261758323100,0.2970,0.4190
151.9860,137.1260,0.5340,1304261758323400,0.2970,0.4190
151.9000,137.6370,0.5330,1304261774465500,0.2970,0.4190
151.9000,138.1110,0.5330,1304261774487700,0.2970,0.4190
152.0710,138.6220,0.5320,1304261791466500,0.2970,0.4190
152.2000,139.0590,0.5310,1304261791484500,0.2970,0.4190
152.4570,139.5340,0.5310,1304261791485000,0.2970,0.4190
152.6710,139.9720,0.5300,1304261791485300,0.2970,0.4190
152.8000,140.3360,0.5290,1304261791485600,0.2970,0.4190
152.9710,140.6650,0.5290,1304261807594500,0.2970,0.4190
153.0570,140.8840,0.5290,1304261807616000,0.2970,0.4190
153.0570,141.1760,0.5290,1304261823887800,0.2970,0.4190
152.8000,141.6130,0.5290,1304261823907600,0.2970,0.4190
152.4570,141.9050,0.5290,1304261823908300,0.2970,0.4190
151.9000,142.2340,0.5290,1304261840193300,0.2970,0.4190
151.0860,142.6720,0.5290,1304261840233900,0.2970,0.4190
149.5000,143.2550,0.5290,1304261856488000,0.2970,0.4190
147.7860,143.8760,0.5290,1304261856529400,0.2970,0.4190
145.7710,144.3860,0.5290,1304261856529900,0.2970,0.4190
143.5430,145.0070,0.5280,1304261856530200,0.2970,0.4190
141.1860,145.5910,0.5280,1304261856530500,0.2970,0.4190
138.8290,146.3570,0.5280,1304261872709900,0.2970,0.4190
136.4290,147.1590,0.5270,1304261872733800,0.2970,0.4190
132.2290,148.7280,0.5270,1304261872734300,0.2970,0.4190
129.0570,150.0780,0.5260,1304261872734600,0.2970,0.4190
125.3290,152.0490,0.5260,1304261888871700,0.2970,0.4190
122.5430,153.5450,0.5250,1304261888897500,0.2970,0.4190
120.4430,154.9680,0.5250,1304261888898100,0.2970,0.4190
118.6430,156.2450,0.5240,1304261905041800,0.2980,0.4370
116.9290,157.6680,0.5230,1304261905066300,0.2980,0.4550
115.3430,159.0910,0.5220,1304261905067500,0.2980,0.4550
113.9290,160.6590,0.5210,1304261905068300,0.2980,0.4550
112.6000,162.4470,0.5200,1304261921247600,0.2980,0.4550
111.4000,164.3080,0.5200,1304261921298900,0.2980,0.4550
110.4140,166.3510,0.5190,1304261937208100,0.2980,0.4550
109.5140,168.6140,0.5190,1304261937221200,0.2980,0.4550
108.0140,173.1010,0.5180,1304261937221700,0.2980,0.4550
107.1140,176.4580,0.5180,1304261937225100,0.2980,0.4550
106.4710,179.3770,0.5180,1304261937225400,0.2980,0.4550
105.9140,181.9310,0.5180,1304261953889000,0.2980,0.4550
105.0140,186.7840,0.5180,1304261953902800,0.2980,0.4550
104.3710,190.2500,0.5190,1304261970251000,0.2980,0.4550
103.7710,193.0960,0.5200,1304261970265400,0.2980,0.4550
103.2140,195.5040,0.5210,1304261970266000,0.2980,0.4550
102.6140,198.0580,0.5220,1304261970266300,0.2980,0.4550
102.0140,200.4300,0.5240,1304261986284700,0.2980,0.4550
101.2860,202.7650,0.5250,1304261986299400,0.2980,0.4550
100.6000,204.9910,0.5270,1304261986299900,0.2980,0.4550
99.8710,207.1070,0.5280,1304261986303400,0.2980,0.4550
99.2710,209.1130,0.5290,1304261986303800,0.2980,0.4550
98.5860,210.9380,0.5290,1304262003262400,0.2980,0.4550
98.0710,212.5800,0.5210,1304262003277300,0.2980,0.4550
97.6860,213.7840,0.5040,1304262019493900,0.2980,0.4550
97.3860,214.5860,0.4850,1304262019512700,0.2980,0.4550
97.2570,215.2070,0.4040,1304262019513200,0.2980,0.4550
97.0860,215.5720,0.3370,1304262019513600,0.2980,0.4550
96.8710,215.5720,0.2810,1304262035697600,0.2980,0.4370
