692.3290,86.0450,0.1260,1304247150783600,0.1750,0.0000
692.2430,85.5700,0.2210,1304247150852200,0.1750,0.0000
692.1140,85.2780,0.2440,1304247167710600,0.1750,0.0000
692.0290,84.9860,0.2540,1304247184100500,0.1760,0.0880
692.9290,85.4240,0.2910,1304247217033200,0.1750,0.2270
693.3570,85.7890,0.2990,1304247217050300,0.1750,0.2450
694.0430,86.3360,0.3070,1304247217050800,0.1930,0.2630
694.7290,86.9930,0.3140,1304247217051100,0.2100,0.2800
695.4140,87.6140,0.3220,1304247234065300,0.2110,0.2980
696.5290,88.7450,0.3290,1304247234083200,0.2100,0.3150
697.3430,89.6930,0.3360,1304247234083700,0.2100,0.3330
698.3710,90.8240,0.3420,1304247234084000,0.2100,0.3500
699.3570,92.0280,0.3490,1304247234084600,0.2100,0.3670
700.2570,93.3050,0.3550,1304247250179300,0.2100,0.3850
701.1570,94.6550,0.3600,1304247250213100,0.2090,0.4020
701.8430,95.8590,0.3660,1304247267142100,0.2100,0.4190
702.5290,97.3550,0.3720,1304247267161300,0.2110,0.4370
703.1720,98.9240,0.3770,1304247267161800,0.2110,0.4550
703.7710,100.5660,0.3840,1304247267162100,0.2110,0.4730
704.3710,102.4270,0.3900,1304247267162400,0.2110,0.4730
704.9710,104.3970,0.3960,1304247284099700,0.2110,0.4730
705.4860,106.4770,0.4020,1304247284147500,0.2110,0.4730
706.0430,108.7390,0.4080,1304247301012900,0.2110,0.4730
706.3860,111.2200,0.4140,1304247301040300,0.2110,0.4730
706.7710,113.6650,0.4200,1304247301040800,0.2110,0.4730
706.9860,116.2920,0.4260,1304247301041100,0.2110,0.4730
706.9860,118.9920,0.4320,1304247317985800,0.2110,0.4730
706.8570,121.7650,0.4370,1304247318004200,0.2110,0.4730
706.4710,124.5380,0.4420,1304247318004600,0.2110,0.4730
705.5710,129.5730,0.4460,1304247334940400,0.2110,0.4730
704.2430,134.0610,0.4510,1304247335009000,0.2110,0.4730
702.7430,138.3300,0.4550,1304247335010400,0.2110,0.4730
700.7710,142.3070,0.4590,1304247335020700,0.2110,0.4550
698.7570,146.2110,0.4630,1304247335021200,0.2110,0.4550
696.3570,149.9320,0.4670,1304247351867900,0.2110,0.4550
693.6570,153.4720,0.4710,1304247351883000,0.2110,0.4370
690.8290,156.6820,0.4740,1304247351883500,0.2110,0.4550
687.8290,159.7470,0.4770,1304247351883800,0.2110,0.4550
684.6140,162.4470,0.4810,1304247368824100,0.2110,0.4730
681.3140,164.9280,0.4830,1304247368862900,0.2110,0.4730
677.9290,167.2640,0.4860,1304247385768500,0.2110,0.4730
675.1860,168.9050,0.4880,1304247385810900,0.2110,0.4730
672.7000,170.1820,0.4900,1304247385811800,0.2110,0.4730
668.8860,172.0430,0.4900,1304247385821100,0.2110,0.4730
666.0140,173.3930,0.4890,1304247385821600,0.2280,0.4720
663.6140,174.3050,0.4850,1304247402754600,0.2280,0.4720
661.6000,175.1080,0.4790,1304247402773900,0.2450,0.4720
659.7570,175.8740,0.4710,1304247402774500,0.2450,0.4720
658.0000,176.4580,0.4610,1304247419707500,0.2450,0.4720
656.6710,176.8230,0.4470,1304247419765400,0.2450,0.4720
655.6000,176.9690,0.4280,1304247419782700,0.2450,0.4720
654.8710,177.0780,0.4030,1304247419782900,0.2450,0.4720
654.3570,176.8960,0.3840,1304247436624500,0.2450,0.4720
654.0570,176.5310,0.3200,1304247436657200,0.2450,0.4720
653.8860,176.0200,0.2660,1304247453608500,0.2450,0.4720
653.8860,175.2540,0.2220,1304247453633600,0.2450,0.4720
668.2860,113.9930,0.2200,1304247521559200,0.2450,0.4550
668.3710,112.8620,0.3300,1304247538428000,0.2450,0.4550
668.2860,112.0230,0.3850,1304247538460500,0.2450,0.4550
668.1140,111.5120,0.4110,1304247538461000,0.2450,0.4550
667.9000,111.2200,0.4240,1304247538461300,0.2450,0.4550
667.6860,111.0380,0.4290,1304247538461900,0.2450,0.4550
667.4710,110.9650,0.4320,1304247555332900,0.2450,0.4550
667.0000,111.3660,0.4330,1304247572323800,0.2450,0.4550
666.7000,111.7310,0.4320,1304247572418100,0.2450,0.4550
666.4860,112.0960,0.4310,1304247572418600,0.2450,0.4550
666.1860,112.6430,0.4300,1304247572418900,0.2450,0.4550
665.8860,113.1540,0.4290,1304247589264500,0.2450,0.4550
665.6720,113.7380,0.4290,1304247589309500,0.2450,0.4550
665.5000,114.3580,0.4280,1304247589342800,0.2450,0.4550
665.4140,115.0150,0.4280,1304247606173800,0.2450,0.4550
665.4140,115.7080,0.4280,1304247606201200,0.2450,0.4550
665.5000,116.4380,0.4280,1304247606201800,0.2450,0.4550
665.7140,117.3500,0.4290,1304247606202200,0.2450,0.4550
666.1000,118.2620,0.4290,1304247606202500,0.2450,0.4550
666.7000,118.9920,0.4290,1304247623136300,0.2450,0.4550
667.3860,119.6850,0.4300,1304247623181300,0.2450,0.4550
668.2860,120.2690,0.4300,1304247640087900,0.2450,0.4550
669.2710,120.7070,0.4310,1304247640108300,0.2450,0.4550
670.3860,120.9620,0.4310,1304247640109200,0.2450,0.4550
671.5860,121.1080,0.4310,1304247640109600,0.2450,0.4550
672.7860,121.1080,0.4320,1304247657015200,0.2450,0.4550
673.9860,120.9620,0.4320,1304247657049800,0.2450,0.4550
675.1860,120.6340,0.4320,1304247657050600,0.2450,0.4550
676.7290,119.9770,0.4320,1304247673998800,0.2450,0.4550
678.1000,119.1380,0.4320,1304247674023300,0.2450,0.4550
679.0860,118.2620,0.4320,1304247674023800,0.2450,0.4550
679.6430,117.3500,0.4320,1304247674024200,0.2450,0.4550
679.9430,116.4380,0.4320,1304247674024700,0.2450,0.4550
680.1140,115.6350,0.4330,1304247690992400,0.2450,0.4550
680.1140,114.7960,0.4340,1304247691033800,0.2450,0.4550
679.9000,113.8110,0.4360,1304247707913000,0.2450,0.4550
679.3860,113.0080,0.4380,1304247707954800,0.2450,0.4550
678.4860,111.7310,0.4410,1304247707955300,0.2450,0.4550
677.3290,110.6730,0.4430,1304247707955600,0.2450,0.4550
675.9140,109.8700,0.4460,1304247724878600,0.2450,0.4550
674.3290,109.2500,0.4470,1304247724920300,0.2450,0.4550
672.8290,108.8850,0.4450,1304247724920800,0.2450,0.4550
671.5000,108.6660,0.4310,1304247724921100,0.2450,0.4550
670.3000,108.4470,0.4160,1304247724921300,0.2450,0.4550
669.1860,108.4470,0.3460,1304247741870700,0.2450,0.4550
668.0710,108.3740,0.2880,1304247741962200,0.2450,0.4720
667.1710,108.3010,0.2400,1304247741962800,0.2450,0.4720
638.5430,84.5490,0.2580,1304247935408500,0.2280,0.3670
638.1570,83.4180,0.3870,1304247935415700,0.2450,0.3840
637.7290,82.5050,0.4490,1304247951404900,0.2630,0.4020
637.4290,81.9220,0.4780,1304247951467300,0.2800,0.4200
637.0430,81.5200,0.4910,1304247951467800,0.2800,0.4200
636.8290,81.3740,0.4960,1304247967453200,0.2970,0.4190
636.6140,81.5200,0.4960,1304247967512000,0.2970,0.4190
636.3570,82.0680,0.4900,1304247967512700,0.2970,0.4190
636.3570,82.7240,0.4880,1304247983749700,0.2970,0.4190
636.3570,83.5630,0.4860,1304247983792200,0.2970,0.4190
636.3570,84.6950,0.4840,1304247983792700,0.2980,0.4370
636.3570,85.9720,0.4830,1304247983797100,0.2980,0.4550
636.4430,87.3950,0.4820,1304247983797400,0.2980,0.4720
636.6140,89.4740,0.4810,1304247999758100,0.2980,0.4900
636.7430,91.5910,0.4810,1304247999771800,0.2980,0.5070
636.9570,93.6700,0.4810,1304248016032000,0.2980,0.5070
637.2140,95.6040,0.4800,1304248016065100,0.2980,0.5070
637.3430,97.3550,0.4800,1304248016065600,0.2980,0.5070
637.4290,98.7050,0.4810,1304248016065900,0.2980,0.5070
637.4290,99.9820,0.4810,1304248032101000,0.2980,0.5070
637.2570,101.0770,0.4820,1304248032131800,-0.2620,0.5080
636.7430,102.8280,0.4830,1304248048226200,-0.2090,0.5060
636.0570,104.3970,0.4840,1304248048245400,-0.1740,0.5060
634.9430,105.8200,0.4850,1304248048246300,-0.1400,0.5070
633.5290,107.1700,0.4870,1304248048246700,-0.1050,0.5070
631.8140,108.3740,0.4880,1304248048247000,-0.0870,0.5060
629.9290,109.4690,0.4900,1304248065231700,-0.0690,0.5060
627.8290,110.5270,0.4910,1304248065244900,-0.0530,0.5080
625.6000,111.3660,0.4920,1304248082185700,-0.0350,0.5070
623.2000,112.0960,0.4910,1304248082231000,-0.0350,0.5070
620.9290,112.7160,0.4830,1304248082231500,0.0000,0.5060
618.7000,113.2270,0.4690,1304248082231800,0.0000,0.5060
616.6860,113.7380,0.4450,1304248082232100,0.0000,0.5060
614.8000,114.1390,0.3710,1304248099156600,0.0000,0.5060
613.4710,114.4310,0.3090,1304248099175900,0.0000,0.5060
612.5710,114.5770,0.2580,1304248099180400,0.0000,0.5060
619.9860,132.0910,0.2940,1304248199180100,0.0000,0.4710
620.1140,132.6380,0.4400,1304248199186100,0.0000,0.4710
620.2000,133.0030,0.5100,1304248199186500,0.0000,0.4710
620.2860,133.2950,0.5430,1304248215961900,0.0000,0.4710
620.3290,133.6230,0.5560,1304248215982700,0.0000,0.4710
620.5860,133.8420,0.5600,1304248232196300,0.0000,0.4710
621.0140,133.9150,0.5610,1304248232217200,0.0000,0.4710
621.6140,133.9880,0.5580,1304248232217900,0.0180,0.4730
622.4290,133.9880,0.5550,1304248232218200,0.0530,0.4730
623.7140,133.8420,0.5530,1304248232218500,0.0710,0.4730
625.8140,133.5500,0.5510,1304248248160000,0.0880,0.4720
627.7430,133.2220,0.5490,1304248248178900,0.1050,0.4710
629.9290,132.8570,0.5450,1304248265192300,0.1230,0.4720
631.8570,132.4920,0.5380,1304248265232500,0.1410,0.4720
633.8280,132.2000,0.5280,1304248265233000,0.1570,0.4710
635.7140,131.8720,0.5140,1304248265233400,0.1750,0.4720
637.2570,131.6530,0.4960,1304248282104900,0.1930,0.4730
638.6290,131.5070,0.4730,1304248282119300,0.2110,0.4730
639.7430,131.3610,0.4580,1304248282119800,0.2110,0.4730
640.7710,131.2150,0.3820,1304248282120200,0.2110,0.4730
641.6290,131.0690,0.3180,1304248282120500,0.2110,0.4730
642.2290,130.9230,0.2650,1304248298263500,0.2110,0.4730
610.0860,94.2910,0.0130,1304248447331500,0.2090,0.0000
609.7000,93.9620,0.0380,1304248464164900,0.2090,0.0000
609.4000,93.7430,0.0670,1304248464246400,0.2090,0.0000
609.2710,93.5970,0.0960,1304248464247000,0.2090,0.0000
608.8860,94.0350,0.1970,1304248481051500,0.2090,0.0000
608.8860,94.4370,0.2180,1304248481070700,0.2090,0.0000
608.8000,95.0930,0.2380,1304248481071200,0.2090,0.0000
608.8000,95.8590,0.2570,1304248497353000,0.2090,0.0000
608.8000,97.2090,0.2730,1304248497388200,0.2090,0.0000
608.8000,98.6320,0.2890,1304248513497300,0.2090,0.0000
608.8000,101.0040,0.3030,1304248513512600,0.2090,0.0000
608.8000,103.3390,0.3160,1304248513513100,0.2090,0.0000
608.8000,105.8200,0.3270,1304248513517800,0.2090,0.0000
608.7140,108.1920,0.3380,1304248530412300,0.2090,0.0000
608.5860,110.6000,0.3470,1304248530433200,0.2090,0.0000
608.2860,113.0080,0.3560,1304248530433800,0.2090,0.0000
607.7710,115.3430,0.3630,1304248546472300,0.2090,0.0000
607.1710,117.4960,0.3710,1304248546503700,0.2090,0.0000
606.2710,119.6120,0.3770,1304248546521000,0.2090,0.0000
605.2860,121.6190,0.3840,1304248546521400,0.2090,0.0000
603.9570,123.5530,0.3900,1304248562647000,0.2090,0.0000
601.3860,126.5810,0.3970,1304248562677500,0.2270,0.0000
599.2860,128.6610,0.4030,1304248562678400,0.2440,0.0000
597.4860,130.0840,0.4100,1304248578793000,0.2440,0.0000
595.8570,131.0690,0.4160,1304248578850000,0.2460,0.0350
594.2710,131.8720,0.4220,1304248578850600,0.2460,0.0700
592.6860,132.4920,0.4280,1304248578850900,0.2450,0.1050
591.4430,132.7110,0.4340,1304248595818100,0.2450,0.1400
590.3710,132.7840,0.4400,1304248595857300,0.2450,0.1740
589.5570,132.6380,0.4460,1304248595857800,0.2450,0.2100
588.8290,132.2000,0.4510,1304248595858200,0.2450,0.2450
588.2290,131.5800,0.4560,1304248611831400,0.2460,0.2630
587.6710,130.6680,0.4600,1304248611875000,0.2460,0.2800
587.0290,129.0990,0.4640,1304248611876100,0.2630,0.2970
586.4710,127.3110,0.4680,1304248627885300,0.2630,0.3150
586.1290,125.2310,0.4710,1304248627934600,0.2620,0.3320
585.7430,122.9690,0.4740,1304248627936400,0.2630,0.3500
585.5290,120.7070,0.4760,1304248627937000,0.2620,0.3660
585.2710,118.5540,0.4780,1304248643911800,0.2800,0.3840
585.0570,116.3650,0.4800,1304248643945900,0.2810,0.4020
584.8430,114.7230,0.4820,1304248660857700,0.2800,0.4200
584.6710,113.3000,0.4830,1304248660877000,0.2790,0.4360
584.6290,112.1690,0.4850,1304248660878300,0.2810,0.4550
584.5430,111.2200,0.4860,1304248660878600,0.2810,0.4550
584.4570,110.4540,0.4870,1304248660879000,0.2810,0.4550
584.3710,109.7970,0.4880,1304248676898800,0.2810,0.4550
584.3710,109.2500,0.4880,1304248676918200,0.2810,0.4550
584.3710,108.7390,0.4890,1304248693117200,0.2810,0.4550
584.3710,108.3740,0.4890,1304248693132200,0.2810,0.4550
584.5430,108.0460,0.4890,1304248693132700,0.2810,0.4550
584.6290,107.8270,0.4900,1304248693133000,0.2810,0.4550
584.8430,107.6080,0.4900,1304248709155100,0.2810,0.4550
585.2710,107.6080,0.4900,1304248709195600,0.2810,0.4550
585.9570,107.8270,0.4910,1304248726140100,0.2810,0.4550
586.3430,108.1920,0.4910,1304248726154100,0.2810,0.4550
586.6430,108.5930,0.4910,1304248726154500,0.2810,0.4550
586.9430,109.0310,0.4910,1304248743126900,0.2810,0.4550
587.0710,109.5420,0.4910,1304248743143400,0.2810,0.4550
587.0710,110.2350,0.4910,1304248743144100,0.2810,0.4550
587.0290,110.8920,0.4910,1304248743144400,0.2810,0.4550
586.7290,111.9500,0.4910,1304248760084000,0.2810,0.4550
585.8290,113.5920,0.4920,1304248760131500,0.2810,0.4550
584.6290,115.1610,0.4920,1304248760132100,0.2810,0.4550
583.0430,116.7660,0.4940,1304248777046300,0.2810,0.4550
579.8290,119.6850,0.4950,1304248777080900,0.2810,0.4550
576.4430,122.2030,0.4970,1304248777081500,0.2810,0.4550
573.1000,124.4650,0.5000,1304248777081800,0.2810,0.4550
570.3140,126.1070,0.5020,1304248793078100,0.2980,0.4550
567.8290,127.3110,0.5040,1304248793094400,0.2980,0.4550
563.8000,129.1720,0.5060,1304248809412300,0.2980,0.4550
560.7140,130.3030,0.5080,1304248809443700,0.2980,0.4550
558.4000,131.0690,0.5100,1304248809444300,0.2980,0.4550
556.5140,131.6530,0.5120,1304248809444600,0.2980,0.4550
554.6710,132.0910,0.5140,1304248809444900,0.2980,0.4550
553.1710,132.4190,0.5160,1304248825463200,0.2980,0.4550
551.9710,132.5650,0.5180,1304248825479700,0.2980,0.4550
550.9000,132.5650,0.5200,1304248825480500,0.2980,0.4550
550.0000,132.4920,0.5220,1304248825480900,0.2980,0.4550
549.2710,132.3460,0.5240,1304248841640200,0.2980,0.4550
548.4570,131.8720,0.5260,1304248841697900,0.2980,0.4550
547.6000,131.3610,0.5280,1304248857670300,0.2980,0.4550
546.9570,130.5220,0.5290,1304248857685000,0.2980,0.4550
546.1860,129.1720,0.5310,1304248857685600,0.2980,0.4550
545.5860,127.4570,0.5320,1304248857685900,0.2980,0.4550
545.2000,125.4500,0.5330,1304248873628700,0.2980,0.4550
545.0710,123.1150,0.5340,1304248873678000,0.2980,0.4550
545.0710,120.4150,0.5350,1304248889662100,0.2980,0.4720
545.5000,115.1610,0.5350,1304248889676800,0.2980,0.4720
546.1000,109.8700,0.5360,1304248889677400,0.2980,0.4720
546.9570,104.2510,0.5360,1304248889677700,0.2980,0.4720
548.2860,96.4430,0.5370,1304248889678000,0.2980,0.4720
549.3570,91.1160,0.5370,1304248905758100,0.2980,0.4720
551.0710,84.0740,0.5370,1304248905795200,0.2980,0.4720
552.1860,79.2220,0.5380,1304248922783600,0.2980,0.4720
553.3000,74.4780,0.5380,1304248922798500,0.2980,0.4720
554.2000,70.9760,0.5370,1304248922799200,0.2980,0.4720
554.8000,68.0570,0.5370,1304248922799500,0.2980,0.4720
555.3140,65.7220,0.5370,1304248922799700,0.2980,0.4720
555.7860,63.6420,0.5360,1304248938820400,0.2980,0.4720
556.2140,61.6720,0.5360,1304248938835900,0.2980,0.4720
556.4710,60.2490,0.5350,1304248938836500,0.2980,0.4720
556.6860,59.1180,0.5320,1304248938853000,0.2980,0.4720
556.9000,58.2420,0.5240,1304248955733100,0.2980,0.4720
557.0710,57.4760,0.5120,1304248955779000,0.2980,0.4720
557.2000,56.9650,0.4910,1304248955779600,0.2980,0.4720
557.3710,56.6000,0.4620,1304248971802400,0.2980,0.4720
557.5000,56.3450,0.4400,1304248971820700,0.2980,0.4720
557.6710,56.1990,0.3660,1304248971821300,0.2980,0.4720
557.9710,56.1260,0.2540,1304248987773500,0.2980,0.4720
504.6140,111.4390,0.2510,1304249354914000,-0.2100,0.4550
504.9140,110.8920,0.3770,1304249354923700,-0.1740,0.4730
505.0860,110.4540,0.4410,1304249354924300,-0.1400,0.4720
505.2140,110.0890,0.4720,1304249371660500,-0.1040,0.4720
505.3860,109.7970,0.4880,1304249371719400,-0.0700,0.4730
505.4290,109.5420,0.4960,1304249387701100,-0.0520,0.4730
505.6000,109.3230,0.4990,1304249387724000,-0.0350,0.4720
505.8140,109.1770,0.5020,1304249387724800,0.0000,0.4710
506.5000,109.7240,0.5020,1304249403758600,0.0000,0.4710
506.7140,110.2350,0.5020,1304249419778800,0.0000,0.4710
507.0140,110.7460,0.5020,1304249419821400,0.0000,0.4710
507.3140,111.6580,0.5020,1304249419822200,0.0000,0.4710
507.6140,112.6430,0.5020,1304249419822600,0.0000,0.4710
507.9140,113.6650,0.5020,1304249436811200,0.0000,0.4710
508.1290,114.7230,0.5020,1304249436844700,0.0000,0.4710
508.3000,115.8540,0.5020,1304249453668000,0.0000,0.4710
508.3860,117.0580,0.5020,1304249453686000,0.0000,0.4710
508.2140,118.2620,0.5020,1304249453686500,0.0000,0.4710
507.8290,120.0500,0.5020,1304249453686800,0.0000,0.4710
507.1860,121.8380,0.5020,1304249453687200,0.0000,0.4710
506.2860,123.4800,0.5020,1304249470633100,0.0000,0.4710
505.1290,125.0490,0.5020,1304249470652400,0.0000,0.4710
503.8000,126.5810,0.5020,1304249470652900,0.0000,0.4710
502.3860,127.9310,0.5030,1304249470653200,0.0000,0.4710
500.8860,129.0990,0.5030,1304249470653400,0.0000,0.4710
499.2140,130.0840,0.5040,1304249487648400,0.0000,0.4710
497.5860,130.9960,0.5050,1304249487662600,0.0000,0.4710
496.0860,131.5800,0.5060,1304249503749800,0.0000,0.4710
494.8000,131.9450,0.5080,1304249503771300,0.0000,0.4710
493.6860,132.2000,0.5110,1304249503771800,0.0000,0.4710
492.7000,132.2000,0.5130,1304249503772100,0.0000,0.4710
491.8860,132.0180,0.5160,1304249503772500,0.0000,0.4710
491.0710,131.6530,0.5190,1304249519848100,0.0000,0.4710
490.2570,130.9960,0.5210,1304249519871300,0.0000,0.4710
489.1000,129.7190,0.5230,1304249536696500,0.0000,0.4710
488.2860,127.9310,0.5250,1304249536712500,0.0000,0.4710
487.5570,125.7420,0.5270,1304249536713100,0.0000,0.4710
487.0860,123.1150,0.5290,1304249536713500,0.0000,0.4710
486.5710,117.8610,0.5300,1304249552695500,0.0000,0.4710
486.4860,113.5190,0.5310,1304249552733400,0.0000,0.4710
486.7000,107.6080,0.5310,1304249569682900,0.0000,0.4710
487.3000,101.6240,0.5310,1304249569699100,0.0000,0.4710
487.9860,95.8590,0.5310,1304249569699800,0.0000,0.4710
488.7570,90.6780,0.5300,1304249569705100,0.0000,0.4710
489.3570,86.9930,0.5300,1304249569705400,0.0000,0.4710
489.7860,84.2200,0.5290,1304249585807200,0.0000,0.4710
490.2570,82.0680,0.5280,1304249585823800,0.0000,0.4710
490.6000,80.0240,0.5280,1304249585824400,0.0000,0.4710
491.0710,78.3090,0.5270,1304249585824700,0.0000,0.4710
491.2860,77.0320,0.5270,1304249601791200,0.0000,0.4710
491.5000,75.9740,0.5260,1304249601810800,0.0000,0.4710
491.6710,75.2450,0.5250,1304249601811300,0.0000,0.4710
491.8860,74.5510,0.5240,1304249618071700,0.0000,0.4710
492.0570,74.1860,0.5230,1304249618091100,0.0000,0.4710
492.1000,73.8950,0.5220,1304249618091600,0.0000,0.4710
492.1860,73.8220,0.5220,1304249618094900,0.0000,0.4710
492.0570,75.1720,0.5200,1304249651997100,0.0000,0.4710
491.8860,76.5220,0.5190,1304249652039700,0.0000,0.4710
491.6710,78.9300,0.5190,1304249652040500,0.0000,0.4540
491.2860,81.5200,0.5190,1304249652040900,0.0000,0.4540
490.3860,86.4090,0.5190,1304249668860600,0.0000,0.4540
489.2710,90.9700,0.5190,1304249668903700,0.0000,0.4540
488.5000,94.5820,0.5190,1304249685136300,0.0000,0.4540
487.2570,98.9970,0.5190,1304249685195500,0.0000,0.4540
486.1860,102.4270,0.5200,1304249685196200,0.0000,0.4540
484.6430,106.6230,0.5220,1304249685196400,0.0000,0.4540
482.8860,110.5270,0.5240,1304249702067900,0.0000,0.4540
480.8710,114.2850,0.5260,1304249702092600,0.0000,0.4540
478.6430,117.7880,0.5290,1304249702093100,0.0000,0.4540
476.1570,121.1080,0.5330,1304249702093400,0.0000,0.4540
473.3710,124.1730,0.5360,1304249702093700,0.0000,0.4540
470.3290,126.9460,0.5400,1304249719029100,0.0000,0.4540
466.8570,129.6460,0.5440,1304249719062100,0.0000,0.4540
463.0430,132.0910,0.5480,1304249735987300,0.0000,0.4540
459.0140,134.4260,0.5520,1304249736012100,0.0000,0.4540
454.6430,136.6150,0.5550,1304249736012500,0.0000,0.4540
448.6000,139.3150,0.5590,1304249736012800,0.0000,0.4540
444.4000,140.8840,0.5620,1304249736013100,0.0000,0.4540
440.1140,142.3070,0.5650,1304249752921800,0.0000,0.4540
436.7710,143.1820,0.5670,1304249752936600,0.0000,0.4540
433.9000,143.7300,0.5700,1304249769950800,0.0000,0.4540
431.5000,144.0950,0.5720,1304249769971900,0.0000,0.4540
429.0570,144.2410,0.5750,1304249769972400,0.0000,0.4540
426.6570,144.2410,0.5770,1304249769972700,0.0000,0.4540
424.4710,144.0950,0.5790,1304249769972900,0.0000,0.4540
422.3710,143.8030,0.5810,1304249786853900,0.0000,0.4540
420.6570,143.2550,0.5830,1304249786867800,0.0000,0.4540
419.3710,142.7450,0.5850,1304249803837100,0.0000,0.4540
418.4290,142.1610,0.5860,1304249803876600,0.0000,0.4540
417.8710,141.4680,0.5870,1304249803884900,0.0000,0.4540
417.5710,140.8110,0.5880,1304249803885500,0.0000,0.4540
417.7430,140.0450,0.5890,1304249803885900,0.0000,0.4540
418.0430,139.1690,0.5890,1304249820765100,0.0000,0.4540
419.1570,137.9650,0.5890,1304249820796700,0.0000,0.4540
420.5290,136.8340,0.5900,1304249837694500,0.0000,0.4540
421.9860,135.8490,0.5900,1304249837709100,0.0000,0.4540
423.7860,135.1920,0.5890,1304249837709700,0.0000,0.4540
425.6710,134.7180,0.5880,1304249837710000,0.0000,0.4540
427.3430,134.6450,0.5870,1304249837710400,0.0000,0.4540
429.2710,134.8640,0.5860,1304249854700100,0.0000,0.4540
431.1570,135.5570,0.5850,1304249854733800,0.0000,0.4540
432.7860,136.6150,0.5840,1304249854740600,0.0000,0.4540
434.2860,138.1110,0.5830,1304249854741200,0.0000,0.4540
435.4000,139.8990,0.5820,1304249871604200,0.0000,0.4540
436.2570,142.1610,0.5810,1304249871618700,0.0000,0.4540
436.7710,144.7880,0.5810,1304249871619300,0.0000,0.4540
436.9860,147.6340,0.5800,1304249888604000,0.0000,0.4360
436.8570,150.4800,0.5800,1304249888645200,0.0000,0.4540
436.0860,155.4050,0.5800,1304249888647700,0.0000,0.4540
435.0570,158.7990,0.5800,1304249888648700,0.0000,0.4540
433.9000,161.3890,0.5800,1304249888649800,0.0000,0.4540
432.7860,163.5050,0.5800,1304249905546700,0.0000,0.4540
430.4710,166.9350,0.5770,1304249905565500,0.0000,0.4540
428.5430,169.1970,0.5720,1304249922519000,0.0000,0.4540
426.9570,170.7660,0.5630,1304249922549500,0.0000,0.4540
425.5430,171.9700,0.5500,1304249922549900,0.0000,0.4540
424.0860,172.9550,0.5300,1304249922550200,0.0000,0.4540
422.7570,173.8310,0.5030,1304249939484000,0.0000,0.4540
421.6860,174.3050,0.4830,1304249939506300,0.0000,0.4540
420.9570,174.5240,0.4020,1304249939506900,0.0000,0.4540
420.4430,174.3780,0.3350,1304249956438000,0.0000,0.4540
420.2290,173.9770,0.2790,1304249956452800,0.0000,0.4540
493.6860,64.7370,0.2370,1304250159966100,0.0000,0.4190
494.3710,64.1530,0.3560,1304250176892600,0.0000,0.4190
494.8860,63.6420,0.4140,1304250176921000,0.0000,0.4190
495.2710,63.2400,0.4420,1304250176921500,0.0000,0.4190
495.6140,62.8760,0.4550,1304250176921800,0.0000,0.4190
495.9140,62.5840,0.4610,1304250176922100,0.0000,0.4190
496.1710,62.2920,0.4640,1304250193821700,0.0000,0.4190
496.3860,62.0730,0.4650,1304250193905800,0.0000,0.4190
496.6000,61.8910,0.4660,1304250193906800,0.0000,0.4190
496.6000,61.5990,0.4680,1304250193926600,0.0000,0.4190
495.7000,61.7450,0.4730,1304250227688300,0.0000,0.4190
494.7140,62.0730,0.4750,1304250227758400,0.0000,0.4190
493.0000,62.5840,0.4770,1304250227759000,0.0000,0.4190
490.9860,63.2400,0.4800,1304250227759400,0.0000,0.4190
488.8860,63.9340,0.4820,1304250227759700,0.0000,0.4190
486.5710,64.7370,0.4850,1304250244687800,0.0000,0.4190
482.2860,66.1590,0.4870,1304250244721500,0.0000,0.4190
479.1570,67.1450,0.4890,1304250261622200,0.0000,0.4190
476.6290,67.9840,0.4900,1304250261640800,0.0000,0.4190
474.4430,68.6410,0.4870,1304250261641300,0.0000,0.4190
472.1710,69.3340,0.4780,1304250261641600,0.0000,0.4190
470.1570,69.9180,0.4640,1304250261641900,0.0000,0.4190
468.3140,70.3550,0.4430,1304250278541200,0.0000,0.4190
466.8570,70.6840,0.4140,1304250278577100,0.0000,0.4190
465.7430,70.7570,0.3450,1304250295528400,0.0000,0.4190
465.1430,70.6110,0.2880,1304250295544000,0.0000,0.4190
464.7570,70.2820,0.2400,1304250295585400,0.0000,0.4190
487.9860,43.5380,0.2220,1304250363413200,0.0000,0.4890
488.4570,42.8080,0.3320,1304250363447200,0.0000,0.4890
488.4570,42.2610,0.3870,1304250380312700,0.0000,0.4890
488.2860,41.9690,0.4140,1304250380336500,0.0000,0.4890
487.9000,41.8230,0.4280,1304250380337100,0.0000,0.4890
487.4710,41.8230,0.4350,1304250380337400,0.0000,0.4890
486.8710,41.8230,0.4380,1304250380337700,0.0000,0.4890
486.2710,41.8960,0.4400,1304250397211900,0.0000,0.4890
485.1570,42.1880,0.4420,1304250397241200,0.0000,0.4890
483.3570,42.8080,0.4430,1304250414213000,0.0000,0.4890
481.3430,43.5380,0.4450,1304250414232900,0.0000,0.4890
479.1570,44.3770,0.4460,1304250414239900,0.0000,0.4890
476.9710,45.4350,0.4470,1304250414240800,0.0000,0.4890
473.0710,47.3690,0.4480,1304250431154100,0.0000,0.4890
470.3710,48.9380,0.4440,1304250431169800,0.0000,0.4890
468.3570,50.2150,0.4310,1304250431170300,0.0000,0.4890
466.8570,51.4190,0.4050,1304250448130000,0.0000,0.4890
465.4430,52.6230,0.3370,1304250448147900,0.0000,0.4890
464.3290,53.9000,0.2810,1304250448148400,0.0000,0.4890
463.5140,54.9220,0.2340,1304250448148700,0.0000,0.4890
511.8140,76.7410,0.3010,1304250566171300,0.0000,0.3320
511.6000,77.1050,0.4470,1304250566181800,0.0000,0.3490
511.2140,77.6530,0.5170,1304250582973500,0.0000,0.3670
510.7430,78.3820,0.5500,1304250583012600,0.0000,0.3840
510.3140,79.2220,0.5660,1304250599289800,0.0000,0.3840
509.8860,80.0240,0.5720,1304250599341000,0.0000,0.3840
509.5000,81.0100,0.5730,1304250599344600,0.0000,0.3840
509.1140,81.8490,0.5710,1304250599344900,0.0000,0.3840
508.9860,82.6510,0.5690,1304250599345200,0.0000,0.3840
508.8140,83.4180,0.5660,1304250615403800,0.0000,0.3840
508.7290,84.0740,0.5620,1304250615428400,0.0000,0.4010
508.7290,84.6950,0.5560,1304250615429200,0.0000,0.4190
508.7290,85.3510,0.5460,1304250632258900,0.0000,0.4360
508.8140,86.0450,0.5310,1304250632310000,0.0000,0.4540
508.9000,86.7010,0.5060,1304250632314500,0.0000,0.4710
509.0290,87.3950,0.4830,1304250648389000,0.0000,0.4710
509.2860,87.9780,0.4020,1304250648402900,0.0000,0.4710
509.5000,88.4890,0.3350,1304250648403400,0.0000,0.4710
509.8000,88.8910,0.2790,1304250648403700,0.0000,0.4710
457.7290,89.0360,0.2750,1304250783400600,0.0000,0.2270
455.5430,89.2550,0.4050,1304250783435600,0.0000,0.2440
453.4860,89.6930,0.4580,1304250783436400,0.0000,0.2620
451.3000,90.5320,0.4750,1304250783436700,0.0000,0.2790
449.4140,91.5910,0.4740,1304250800305300,0.0000,0.2970
447.5290,92.8680,0.4540,1304250800321600,0.0000,0.3140
445.9000,94.1080,0.4360,1304250816478900,0.0000,0.3320
444.4860,95.2390,0.4210,1304250816530000,0.0000,0.3490
443.2000,96.2970,0.4090,1304250816530500,0.0000,0.3670
442.0000,97.2820,0.4020,1304250816530800,0.0000,0.3840
440.9710,98.0850,0.3980,1304250816535600,0.0000,0.4010
440.0710,98.7780,0.3950,1304250832572800,0.0000,0.4190
439.2140,99.2890,0.3940,1304250832589000,0.0000,0.4360
438.3140,99.9090,0.3930,1304250849509500,0.0000,0.4540
437.4140,100.3470,0.3920,1304250849541700,0.0000,0.4710
436.4710,100.7850,0.3930,1304250849542300,0.0000,0.4710
435.5710,101.0040,0.3930,1304250849542600,0.0000,0.4710
434.6710,101.0770,0.3940,1304250865858700,0.0000,0.4710
433.6860,100.9310,0.3950,1304250865890100,0.0000,0.4710
432.7000,100.6390,0.3960,1304250865890800,0.0000,0.4710
431.8860,100.1280,0.3970,1304250882845900,0.0000,0.4710
430.6000,98.9240,0.3980,1304250882886000,0.0000,0.4890
429.5710,97.3550,0.3990,1304250882886700,0.0000,0.5060
428.7570,95.1660,0.4000,1304250882887000,0.0000,0.5060
427.5570,90.6050,0.4000,1304250899739500,0.0000,0.5060
426.9570,86.9200,0.4010,1304250899775800,0.0000,0.5060
426.6570,83.5630,0.4010,1304250899777000,0.0000,0.5060
426.4430,78.2360,0.4010,1304250899777800,0.0000,0.5060
426.4430,74.1860,0.4020,1304250899778600,0.0000,0.5060
426.5710,70.9760,0.4030,1304250916727200,0.0000,0.5060
426.7430,68.3490,0.4070,1304250916745700,0.0000,0.5060
426.7860,65.9410,0.4120,1304250932990400,0.0000,0.5060
426.7860,64.1530,0.4180,1304250933008900,0.0000,0.5060
426.7430,62.7300,0.4240,1304250933009500,0.0000,0.5060
426.6570,61.6720,0.4300,1304250933009800,0.0000,0.5060
426.5710,60.8690,0.4360,1304250949114400,0.0000,0.5060
426.4860,60.3950,0.4410,1304250949153300,0.0000,0.5060
426.4430,60.2490,0.4450,1304250949153900,0.0000,0.5060
426.3570,61.4530,0.4570,1304250965427800,0.0000,0.5060
426.4430,63.6420,0.4600,1304250965461600,0.0000,0.5060
426.5710,66.4150,0.4620,1304250981455300,0.0000,0.4890
426.6570,72.5450,0.4620,1304250981487200,0.0000,0.4710
426.8710,81.3010,0.4620,1304250981487800,0.0000,0.4540
426.9570,87.3950,0.4620,1304250981488100,0.0000,0.4540
426.7860,96.3700,0.4600,1304250998368900,0.0000,0.4540
426.4430,104.9810,0.4600,1304250998429000,0.0000,0.4540
425.5430,113.3000,0.4590,1304250998430500,0.0000,0.4540
424.3860,121.0350,0.4580,1304251015363000,0.0000,0.4540
422.8430,128.2230,0.4570,1304251015399700,0.0000,0.4540
421.3430,133.0760,0.4560,1304251015400400,0.0000,0.4540
418.4290,139.5340,0.4570,1304251015401100,0.0000,0.4540
416.1570,143.8030,0.4590,1304251031348100,0.0000,0.4540
412.4290,149.4220,0.4630,1304251031363800,0.0000,0.4360
408.2290,154.2740,0.4700,1304251048356200,0.0000,0.4190
404.7140,157.1930,0.4770,1304251048372000,0.0000,0.4190
399.1430,160.9510,0.4870,1304251048377000,0.0000,0.4190
393.1000,164.0160,0.4970,1304251048377300,0.0000,0.4190
388.4710,165.7310,0.5070,1304251048377600,0.0000,0.4190
383.5000,167.0810,0.5190,1304251065388900,0.0000,0.4190
378.5710,167.9930,0.5310,1304251065404000,0.0000,0.4190
374.8860,168.2850,0.5430,1304251081361300,0.0000,0.4190
371.9710,168.0660,0.5550,1304251081395700,0.0000,0.4190
369.6570,167.4820,0.5670,1304251081396200,0.0000,0.4190
366.0570,165.2930,0.5770,1304251081396500,0.0000,0.4190
363.5290,162.0820,0.5870,1304251097600900,0.0000,0.4190
361.9430,157.9590,0.5940,1304251097616300,0.0000,0.4190
361.4710,153.9820,0.5960,1304251097616800,0.0000,0.4190
362.1570,148.2180,0.5920,1304251097620800,0.0000,0.4190
364.4710,139.7530,0.5810,1304251097621100,0.0000,0.4190
367.8570,131.4340,0.5620,1304251113651200,0.0000,0.4190
372.4430,123.4070,0.5330,1304251113665000,0.0000,0.4190
377.8860,115.9270,0.5090,1304251129707200,0.0000,0.4190
384.0140,109.3960,0.4240,1304251129748500,0.0000,0.4360
390.4860,103.5580,0.3530,1304251129749100,0.0000,0.4540
396.7000,98.4870,0.2940,1304251129749600,0.0000,0.4540
336.8290,145.4450,0.3130,1304251448978600,0.0000,0.2090
336.5290,145.7360,0.4610,1304251464923300,0.0000,0.2270
336.1000,146.0280,0.5170,1304251465013300,0.0000,0.2440
335.5000,146.3570,0.5300,1304251465013900,0.0000,0.2620
334.8140,146.8680,0.5210,1304251465014300,0.0000,0.2790
334.0000,147.2320,0.5030,1304251480954800,0.0180,0.2980
333.3140,147.5610,0.4880,1304251480976400,0.0350,0.3140
332.7140,147.7070,0.4760,1304251480977000,0.0530,0.3330
332.1140,147.7800,0.4680,1304251497085400,0.0700,0.3500
331.3860,147.7800,0.4630,1304251497124900,0.0880,0.3670
330.3140,147.7070,0.4620,1304251497127700,0.1050,0.3850
329.2000,147.3780,0.4620,1304251497128000,0.1230,0.3840
327.3140,146.9410,0.4620,1304251514076700,0.1400,0.3850
325.3860,146.2840,0.4640,1304251514131500,0.1580,0.4020
323.5000,145.5180,0.4660,1304251530224200,0.1750,0.4190
321.5710,144.6050,0.4690,1304251530240300,0.1930,0.4200
319.7710,143.6570,0.4720,1304251530240900,0.2100,0.4190
318.1000,142.4530,0.4760,1304251530241200,0.2100,0.4190
316.6860,141.2490,0.4790,1304251530241500,0.2100,0.4190
315.2710,139.9720,0.4820,1304251547230500,0.2100,0.4190
314.1570,138.6220,0.4850,1304251547281900,0.2100,0.4190
313.1710,137.3450,0.4870,1304251547282400,0.2100,0.4190
312.4860,136.2860,0.4900,1304251547282700,0.2100,0.4190
312.0570,135.3380,0.4920,1304251563357900,0.2100,0.4190
311.7570,134.5720,0.4930,1304251563416000,0.2100,0.4190
311.5860,133.9150,0.4950,1304251579445000,0.2100,0.4190
311.5860,133.2950,0.4960,1304251579460900,0.2100,0.4190
311.6710,132.7840,0.4970,1304251579461500,0.2100,0.4190
311.8430,132.4190,0.4980,1304251579461800,0.2100,0.4190
312.1860,132.0180,0.4980,1304251579462000,0.2100,0.4190
312.5710,131.7260,0.4990,1304251595681300,0.2100,0.4190
313.0860,131.5070,0.5000,1304251595695600,0.2100,0.4190
313.7710,131.4340,0.5000,1304251612623600,0.2100,0.4190
314.4570,131.4340,0.5000,1304251612654600,0.2100,0.4190
315.1860,131.5800,0.5000,1304251612655300,0.2100,0.4190
316.1710,131.8720,0.4990,1304251612660000,0.2100,0.4190
317.2000,132.2730,0.4980,1304251628636200,0.2100,0.4190
318.6570,133.1490,0.4980,1304251628686800,0.2100,0.4190
319.9000,134.0610,0.4970,1304251628687300,0.2100,0.4190
320.8000,134.9730,0.4960,1304251645558800,0.2100,0.4190
321.4860,135.8490,0.4950,1304251645575800,0.2100,0.4190
322.0000,136.8340,0.4940,1304251645576400,0.2100,0.4190
322.2570,137.8190,0.4930,1304251645576800,0.2100,0.4190
322.1710,138.9870,0.4920,1304251661614800,0.2100,0.4190
321.9570,140.1180,0.4920,1304251661658900,0.2100,0.4190
321.1860,142.0150,0.4920,1304251677945000,0.2100,0.4190
320.1570,143.8760,0.4930,1304251677977000,0.2100,0.4190
317.5860,147.0860,0.4940,1304251677977600,0.2100,0.4190
315.3570,149.3490,0.4960,1304251677977900,0.2100,0.4190
312.3570,152.1220,0.4990,1304251677978100,0.2100,0.4190
309.8710,153.9820,0.5030,1304251694094100,0.2100,0.4190
307.6430,155.3320,0.5060,1304251694125200,0.2100,0.4190
305.6710,156.3910,0.5100,1304251694125700,0.2100,0.4190
303.7430,157.2660,0.5140,1304251694126000,0.2110,0.4370
301.7290,158.1050,0.5180,1304251710154900,0.2110,0.4550
299.7140,158.6890,0.5220,1304251710204300,0.2110,0.4730
297.7430,159.0180,0.5260,1304251726156600,0.2110,0.4550
296.1140,159.0180,0.5300,1304251726190100,0.2110,0.4550
294.6570,158.8720,0.5340,1304251726190500,0.2110,0.4550
292.9430,158.3240,0.5380,1304251726190800,0.2110,0.4550
291.2290,157.4490,0.5430,1304251726191100,0.2110,0.4550
289.7290,156.1720,0.5470,1304251742247700,0.2280,0.4540
288.4430,154.4930,0.5520,1304251742305500,0.2280,0.4540
286.3430,150.9910,0.5570,1304251758219800,0.2450,0.4550
285.1000,147.9260,0.5620,1304251758234500,0.2450,0.4550
283.9000,143.4380,0.5670,1304251758235000,0.2450,0.4550
283.0000,138.5490,0.5720,1304251758235300,0.2450,0.4550
282.4000,133.1490,0.5760,1304251774690600,0.2450,0.4550
281.9290,127.3840,0.5800,1304251774725800,0.2450,0.4550
281.6290,121.2540,0.5840,1304251774726200,0.2450,0.4550
281.4140,114.8690,0.5870,1304251774726500,0.2450,0.4550
281.3290,106.0390,0.5900,1304251790873000,0.2450,0.4720
281.2860,99.9090,0.5930,1304251790891200,0.2450,0.4720
281.3290,94.1080,0.5960,1304251807758900,0.2450,0.4720
281.3290,89.9850,0.5980,1304251807787600,0.2450,0.4720
281.2860,86.9200,0.6010,1304251807788100,0.2450,0.4720
281.3290,84.6950,0.6020,1304251807788600,0.2450,0.4720
281.4140,82.8700,0.6030,1304251807789000,0.2450,0.4720
281.4140,81.5930,0.5970,1304251824132000,0.2630,0.4720
281.5000,80.5720,0.5830,1304251824187100,-0.2270,0.4730
281.7140,79.8780,0.5610,1304251840126800,-0.1740,0.4730
282.1000,79.5130,0.5450,1304251840143000,-0.1400,0.4720
282.4860,79.3680,0.5150,1304251840143500,-0.1040,0.4720
283.0860,79.5130,0.4290,1304251840143800,-0.0700,0.4730
283.8140,79.9510,0.3580,1304251840147800,-0.0340,0.4550
284.6290,80.6450,0.2980,1304251857158600,0.0000,0.4360
301.8570,108.1920,0.2790,1304251921597300,0.0000,0.4540
302.0290,108.8120,0.4180,1304251921609200,0.0000,0.4710
302.0710,109.3230,0.4870,1304251937681700,0.0000,0.4710
302.2430,109.7240,0.5220,1304251937719500,0.0000,0.4710
302.3290,110.0160,0.5380,1304251937720000,0.0000,0.4710
302.4570,110.3080,0.5460,1304251937720300,0.0000,0.4710
302.6710,110.4540,0.5500,1304251937720500,0.0000,0.4710
302.9710,110.5270,0.5520,1304251953846800,0.0000,0.4710
303.4430,110.6000,0.5520,1304251953868500,0.0000,0.4710
304.0430,110.5270,0.5530,1304251969952700,0.0000,0.4710
304.7710,110.4540,0.5530,1304251969967900,0.0000,0.4710
305.9290,110.2350,0.5530,1304251969971100,0.0000,0.4710
307.8570,109.8700,0.5530,1304251969982200,0.0000,0.4710
309.8710,109.4690,0.5530,1304251969982500,0.0000,0.4710
311.9710,109.1770,0.5490,1304251986938500,0.0000,0.4710
314.0710,108.8850,0.5410,1304251987000300,0.0000,0.4710
316.2570,108.6660,0.5270,1304252003981900,0.0000,0.4710
318.3570,108.5200,0.5040,1304252003996100,0.0000,0.4710
320.3710,108.3740,0.4850,1304252003996600,0.0000,0.4710
322.0000,108.4470,0.4040,1304252003996900,0.0000,0.4710
323.2860,108.5200,0.3370,1304252020934300,0.0000,0.4710
324.1860,108.5200,0.2810,1304252020948500,0.0000,0.4710
256.0430,121.3270,0.1730,1304252309122500,0.0000,0.0000
256.0430,120.7800,0.2590,1304252309144700,0.0000,0.0000
255.9570,120.1960,0.3000,1304252325458100,0.0000,0.0000
255.8710,119.5390,0.3190,1304252325510500,0.0000,0.0000
255.7430,118.9190,0.3290,1304252325510900,0.0000,0.0000
255.5710,118.3350,0.3350,1304252325511200,0.0000,0.0000
255.4430,117.7880,0.3390,1304252325511400,0.0000,0.0000
255.3570,117.2770,0.3430,1304252341663400,0.0000,0.0000
255.1860,116.7660,0.3460,1304252341743000,0.0000,0.0000
255.0570,116.3650,0.3500,1304252341747600,0.0000,0.0000
254.9710,116.0000,0.3530,1304252341748000,0.0000,0.0000
254.8860,115.7080,0.3560,1304252357727500,0.0000,0.0000
254.7570,115.4890,0.3590,1304252357778900,0.0000,0.0000
254.5860,115.1610,0.3700,1304252373808900,0.0000,0.0000
254.2430,116.0730,0.3840,1304252390116000,0.0000,0.0000
253.9430,116.9120,0.3890,1304252390137800,0.0000,0.0000
253.6430,117.9340,0.3940,1304252407062700,0.0000,0.0000
253.0860,119.8310,0.3980,1304252407078100,0.0000,0.0000
252.5710,121.7650,0.4020,1304252407078600,0.0180,0.0360
251.9710,123.8080,0.4050,1304252407078900,0.0350,0.0700
251.3290,125.9610,0.4090,1304252423101600,0.0530,0.1050
250.5570,128.2960,0.4120,1304252423136100,0.0710,0.1410
249.8710,130.5950,0.4150,1304252423136700,0.0880,0.1760
249.2290,132.7840,0.4180,1304252423153700,0.1050,0.1920
248.6290,135.0460,0.4200,1304252439220500,0.1230,0.2090
248.0290,137.1260,0.4220,1304252439237000,0.1410,0.2280
247.5570,139.0590,0.4250,1304252455594400,0.1580,0.2450
247.1290,140.8840,0.4270,1304252455611600,0.1750,0.2620
246.6570,142.2340,0.4300,1304252455612200,0.1930,0.2800
246.3570,143.4380,0.4330,1304252455612900,0.1930,0.2980
246.0570,144.3140,0.4370,1304252455613300,0.1930,0.3150
245.7570,145.1530,0.4420,1304252472549100,0.1930,0.3320
245.4570,145.8820,0.4480,1304252472571400,0.1930,0.3320
245.1570,146.4300,0.4540,1304252489407700,0.1930,0.3320
244.9430,146.8680,0.4610,1304252489429000,0.1930,0.3320
244.6430,147.2320,0.4670,1304252489429600,0.1930,0.3320
244.3430,147.4510,0.4740,1304252489429900,0.1930,0.3320
244.0430,147.7070,0.4800,1304252489430100,0.1930,0.3320
243.7430,147.7800,0.4860,1304252505676700,0.1930,0.3320
243.4430,147.7800,0.4920,1304252505694100,0.2100,0.3330
242.7140,147.4510,0.5020,1304252505695000,0.2100,0.3500
242.2430,147.1590,0.5060,1304252522013500,0.2100,0.3670
241.5570,146.5760,0.5100,1304252522029400,0.2100,0.3670
240.9570,145.8820,0.5140,1304252537953600,0.2100,0.3850
240.3140,145.0800,0.5170,1304252538006000,0.2100,0.3850
239.7570,144.1680,0.5200,1304252538006500,0.2100,0.3850
238.9430,142.8180,0.5230,1304252538007700,0.2100,0.3850
238.2140,141.3950,0.5250,1304252554155300,0.2100,0.3850
237.6140,140.1180,0.5270,1304252554170600,0.2100,0.3850
237.0570,138.9140,0.5290,1304252554171100,0.2100,0.3850
236.6290,137.8920,0.5300,1304252570277000,0.2100,0.3850
236.2430,136.8340,0.5320,1304252570306300,0.2100,0.3850
235.8570,135.7030,0.5330,1304252570306700,0.2100,0.3850
235.4290,134.6450,0.5340,1304252570307000,0.2090,0.4020
235.0430,133.6230,0.5350,1304252586508000,0.2100,0.4190
234.7000,132.5650,0.5360,1304252586547800,0.2100,0.4190
234.3140,131.5800,0.5370,1304252602740100,0.2100,0.4190
233.9290,130.5950,0.5380,1304252602757400,0.2100,0.4190
233.6290,129.6460,0.5380,1304252602758300,0.2100,0.4190
233.3290,128.7340,0.5390,1304252602760500,0.2100,0.4190
233.0290,127.9310,0.5400,1304252619636700,0.2100,0.4190
232.7290,127.1650,0.5400,1304252619650500,0.2100,0.4190
232.5140,126.4720,0.5410,1304252619650900,0.2100,0.4190
232.3000,125.8880,0.5410,1304252619651200,0.2100,0.4190
232.1290,125.3770,0.5420,1304252619651400,0.2100,0.4190
231.9140,124.8300,0.5420,1304252635754300,0.2100,0.4190
231.7430,124.3190,0.5430,1304252635789900,0.2100,0.4190
231.6140,123.8810,0.5430,1304252652679700,0.2100,0.4190
231.4430,123.4800,0.5430,1304252652745600,0.2100,0.4190
231.3140,123.1150,0.5430,1304252652746100,0.2100,0.4190
231.2290,122.8230,0.5440,1304252652746500,0.2100,0.4190
231.1000,122.6040,0.5440,1304252652746700,0.2100,0.4190
230.9290,122.1300,0.5440,1304252668817600,0.2100,0.4190
230.7140,121.9110,0.5430,1304252668860100,0.2100,0.4190
230.0290,122.5310,0.5430,1304252700956000,-0.0880,0.4210
229.8140,122.9690,0.5430,1304252700993300,-0.0700,0.4200
229.5140,123.4800,0.5430,1304252700996000,-0.0520,0.4200
229.0430,124.3190,0.5430,1304252718013500,-0.0340,0.4200
228.7000,125.1580,0.5430,1304252718043900,-0.0340,0.4200
228.2290,126.0340,0.5430,1304252734025700,0.0000,0.4190
227.8430,126.9460,0.5430,1304252734055600,0.0000,0.4190
227.4140,127.8220,0.5430,1304252734056100,0.0000,0.4190
226.9860,128.8070,0.5430,1304252734056400,0.0000,0.4190
226.6000,129.7920,0.5430,1304252734056800,0.0000,0.4190
226.1290,130.6680,0.5430,1304252750265900,0.0000,0.4190
225.7860,131.5800,0.5440,1304252750286200,0.0000,0.4190
225.4000,132.4190,0.5450,1304252766670600,0.0000,0.4190
224.9290,133.2220,0.5460,1304252766724000,0.0000,0.4190
224.6290,133.9150,0.5470,1304252766728900,0.0000,0.4190
224.2000,134.6450,0.5480,1304252766729300,0.0000,0.4190
223.9000,135.2650,0.5500,1304252782957200,0.0000,0.4190
223.6000,135.7030,0.5510,1304252782972100,0.0000,0.4190
223.2140,136.1410,0.5530,1304252782972600,0.0000,0.4190
222.9140,136.6150,0.5550,1304252782973000,0.0000,0.4190
222.4860,136.9800,0.5570,1304252782973400,0.0000,0.4190
222.1000,137.3450,0.5580,1304252798978600,0.0000,0.4190
221.6290,137.5640,0.5600,1304252799012400,0.0000,0.4190
221.1140,137.8920,0.5620,1304252815943700,0.0000,0.4190
220.6000,138.0380,0.5630,1304252815961200,0.0000,0.4190
220.0860,138.1110,0.5650,1304252815965800,0.0000,0.4190
219.4860,138.1840,0.5660,1304252815983700,0.0000,0.4190
218.8000,138.1110,0.5680,1304252815984000,0.0000,0.4190
218.2000,138.0380,0.5690,1304252832295100,0.0000,0.4190
217.6000,137.8190,0.5700,1304252832328100,0.0000,0.4190
216.7860,137.4910,0.5710,1304252849267100,0.0000,0.4190
216.0140,137.0530,0.5720,1304252849284700,0.0000,0.4190
215.5000,136.6880,0.5730,1304252849285100,0.0000,0.4190
214.9860,136.2140,0.5730,1304252849285500,0.0000,0.4190
214.5140,135.7760,0.5740,1304252865444100,0.0000,0.4190
214.1710,135.4110,0.5740,1304252865488200,0.0000,0.4190
213.7860,135.0460,0.5750,1304252865488900,0.0000,0.4190
213.4860,134.6450,0.5750,1304252865492500,0.0000,0.4190
213.1860,134.3530,0.5750,1304252881722500,0.0000,0.4190
212.8000,134.0610,0.5750,1304252881737100,0.0000,0.4190
212.5860,133.8420,0.5750,1304252881737700,0.0000,0.4190
212.3710,133.6230,0.5750,1304252897776200,0.0000,0.4190
212.1140,133.4410,0.5740,1304252897805200,0.0000,0.4190
211.7710,133.3680,0.5730,1304252897805900,0.0000,0.4190
211.3000,133.6230,0.5720,1304252914000900,0.0000,0.4190
210.9570,133.8420,0.5710,1304252930211500,0.0000,0.4190
210.6570,134.2070,0.5710,1304252930225900,0.0000,0.4190
210.2710,134.5720,0.5710,1304252930226400,0.0000,0.4190
209.9710,134.9730,0.5700,1304252930230700,0.0000,0.4190
209.2860,135.6300,0.5700,1304252946403800,0.0000,0.4190
208.6000,136.2140,0.5700,1304252946437100,0.0000,0.4190
207.8710,136.8340,0.5710,1304252962659200,0.0000,0.4190
207.1000,137.4180,0.5710,1304252962691200,0.0000,0.4190
206.2860,138.1110,0.5730,1304252962691800,0.0000,0.4190
204.9570,138.9140,0.5740,1304252962692300,0.0000,0.4190
203.7570,139.6070,0.5750,1304252962692500,0.0000,0.4190
202.6860,140.1180,0.5770,1304252978754000,0.0000,0.4190
201.7430,140.5920,0.5780,1304252978795400,0.0000,0.4190
200.7570,140.9570,0.5800,1304252978796000,0.0000,0.4190
199.7710,141.3220,0.5810,1304252978800600,0.0000,0.4190
198.7860,141.6130,0.5830,1304252995758400,0.0000,0.4190
197.8860,141.9050,0.5850,1304252995774500,0.0000,0.4190
197.0710,142.1610,0.5860,1304252995775000,0.0000,0.4190
196.3860,142.3070,0.5880,1304253012063400,0.0000,0.4190
195.7430,142.3800,0.5900,1304253012079000,0.0000,0.4190
195.2290,142.5260,0.5920,1304253012079500,0.0000,0.4190
194.6710,142.5990,0.5940,1304253012079800,0.0000,0.4190
194.1570,142.6720,0.5950,1304253028476500,0.0000,0.4190
193.7290,142.7450,0.5970,1304253028490900,0.0000,0.4190
193.2570,142.8180,0.5980,1304253045357600,0.0000,0.4190
192.8710,142.8180,0.5990,1304253045418600,0.0000,0.4190
192.5710,142.8910,0.6010,1304253045419200,0.0000,0.4190
192.2710,142.9640,0.6020,1304253045419500,0.0000,0.4190
191.7570,142.9640,0.6030,1304253061634000,0.0000,0.4190
191.4570,143.0360,0.6040,1304253061653800,0.0000,0.4190
191.0290,143.0360,0.6050,1304253078051100,0.0000,0.4190
190.5570,143.1090,0.6060,1304253078064900,0.0000,0.4190
190.1290,143.1090,0.6070,1304253094245000,0.0000,0.4190
189.7430,143.0360,0.6080,1304253094263400,0.0000,0.4190
189.3570,142.9640,0.6090,1304253110432800,0.0530,0.4200
188.9290,142.8180,0.6120,1304253126554400,0.0880,0.4200
188.6710,142.5990,0.6130,1304253126571300,0.1050,0.4190
188.3710,142.3070,0.6140,1304253126571800,0.1230,0.4190
188.0290,141.8320,0.6140,1304253126572200,0.1410,0.4200
187.4710,141.1760,0.6150,1304253142996200,0.1570,0.4190
186.9140,140.3360,0.6150,1304253143053700,0.1750,0.4190
186.0140,139.1690,0.6150,1304253143054300,0.1930,0.4200
185.0290,137.8920,0.6150,1304253159091400,0.2100,0.4190
184.1290,136.9070,0.6140,1304253159106100,0.2280,0.4200
183.3570,136.0680,0.6140,1304253159106700,0.2450,0.4200
182.5430,135.4110,0.6140,1304253159107000,0.2450,0.4200
181.7290,134.8640,0.6130,1304253175227100,0.2450,0.4200
180.9140,134.4260,0.6110,1304253175263800,0.2450,0.4200
180.0140,134.2070,0.6100,1304253191393600,0.2450,0.4200
179.1140,134.1340,0.6090,1304253191435900,0.2450,0.4200
178.3000,134.2070,0.6080,1304253191436700,0.2450,0.4200
177.3140,134.4990,0.6060,1304253191437100,0.2450,0.4200
176.3290,134.9730,0.6050,1304253191437500,0.2450,0.4200
175.3430,135.5570,0.6040,1304253207480900,0.2450,0.4200
174.5290,136.1410,0.6030,1304253207494900,0.2450,0.4200
173.8000,136.9070,0.6020,1304253207495400,0.2450,0.4200
173.2000,137.6370,0.6010,1304253207495700,0.2450,0.4200
172.6430,138.4030,0.5990,1304253223763700,0.2450,0.4200
172.3000,139.2420,0.5980,1304253223787200,0.2450,0.4200
172.0430,139.9720,0.5960,1304253239758800,0.2450,0.4200
171.9140,140.6650,0.5950,1304253239778200,0.2450,0.4200
171.8290,141.2490,0.5930,1304253239778800,0.2450,0.4200
171.8290,141.8320,0.5920,1304253239779100,0.2450,0.4200
171.8290,142.3800,0.5900,1304253256257300,0.2450,0.4200
171.7430,142.8180,0.5890,1304253256275100,0.2450,0.4200
171.7000,143.2550,0.5880,1304253256276000,0.2450,0.4200
171.6140,143.7300,0.5870,1304253272473400,0.2450,0.4200
171.4000,144.2410,0.5860,1304253272487200,0.2450,0.4200
171.0140,144.6050,0.5860,1304253272487800,0.2450,0.4200
170.3290,145.2260,0.5850,1304253272488100,0.2450,0.4200
169.3860,145.7360,0.5850,1304253289409100,0.2450,0.4200
167.7140,146.4300,0.5840,1304253289468500,0.2450,0.4200
165.7000,147.0130,0.5840,1304253289469100,0.2630,0.4190
163.4290,147.5610,0.5830,1304253289487100,0.2800,0.4200
160.9860,147.9990,0.5830,1304253305564500,0.2800,0.4200
158.4140,148.5100,0.5820,1304253305578100,0.2970,0.4190
153.6570,149.5680,0.5820,1304253321578000,0.2970,0.4190
150.1860,150.2970,0.5810,1304253321592400,0.2970,0.4190
147.2710,150.9910,0.5810,1304253321592900,0.2970,0.4190
144.7860,151.5740,0.5810,1304253321593200,0.2970,0.4190
140.2860,152.7780,0.5800,1304253321593500,0.2970,0.4190
137.0710,153.6900,0.5800,1304253337816300,0.2970,0.4190
134.6290,154.4200,0.5800,1304253337857000,0.2970,0.4190
132.5710,155.1870,0.5790,1304253353846600,0.2970,0.4190
130.5570,156.0260,0.5780,1304253353864500,0.2970,0.4190
128.7570,157.0470,0.5780,1304253353865100,0.2970,0.4190
127.0430,158.3240,0.5780,1304253353865400,0.2970,0.4190
125.4570,159.6740,0.5780,1304253353865800,0.2970,0.4190
123.9570,161.3160,0.5780,1304253370782000,0.2970,0.4190
122.5430,163.1410,0.5780,1304253370827500,0.2970,0.4190
120.4000,166.7160,0.5770,1304253387136000,0.2970,0.4190
119.0290,169.4890,0.5770,1304253387197300,0.2970,0.4190
118.0000,172.1160,0.5780,1304253387205900,0.2970,0.4190
117.2290,174.5240,0.5780,1304253387206500,0.2970,0.4190
116.1140,179.0850,0.5780,1304253404012000,0.2970,0.4190
115.3000,182.6240,0.5790,1304253404049900,0.2970,0.4190
114.7430,185.4700,0.5800,1304253404050400,0.2970,0.4190
114.2290,187.9150,0.5810,1304253404050700,0.2970,0.4190
113.8000,190.5420,0.5820,1304253404051000,0.2970,0.4190
113.2860,193.1690,0.5830,1304253420178800,0.2970,0.4190
112.8140,195.7960,0.5840,1304253420205000,0.2970,0.4190
112.3000,198.3500,0.5850,1304253436260200,0.2970,0.4190
111.7000,200.9040,0.5860,1304253436275900,0.2970,0.4190
111.1860,203.2760,0.5860,1304253436276400,0.2970,0.4190
110.7140,205.4650,0.5810,1304253436280800,0.2970,0.4190
110.2860,207.4720,0.5690,1304253452620900,0.2970,0.4190
110.0290,208.9680,0.5460,1304253452639400,0.2970,0.4190
109.8140,210.1720,0.5230,1304253468875900,0.2970,0.4190
109.9000,211.0840,0.4360,1304253468891600,0.2970,0.4190
109.9860,211.5220,0.3630,1304253468892100,0.2970,0.4190
110.2000,211.6680,0.3030,1304253468892400,0.2980,0.4030
