698.1000,127.1100,0.0110,693985628767300,0.0000,0.4540
697.9780,126.7470,0.0730,693985644606800,0.0000,0.4540
697.9480,126.3840,0.1530,693985644714800,-0.0340,0.4550
697.9480,126.2020,0.1930,693985644716700,-0.0340,0.4550
697.9480,125.7870,0.3040,693985677626300,-0.0520,0.4550
697.8870,125.5790,0.3670,693985677687300,-0.0520,0.4550
697.8260,125.3720,0.4240,693985677689000,-0.0520,0.4550
697.7340,125.0860,0.5000,693985711447000,-0.0520,0.4550
697.7340,124.8270,0.5870,693985711507700,-0.0520,0.4550
698.2530,125.0350,0.7120,693985760162100,-0.0520,0.4550
698.4660,125.1900,0.7270,693985760262000,-0.0520,0.4550
698.6790,125.4240,0.7410,693985760263900,-0.0520,0.4550
698.9540,125.6830,0.7540,693985760264400,-0.0520,0.4550
699.1980,125.9950,0.7660,693985760265200,-0.0520,0.4550
699.4720,126.3320,0.7770,693985776521200,-0.0520,0.4550
699.6860,126.6950,0.7880,693985776613600,-0.0700,0.4550
700.1130,127.1620,0.7980,693985793239500,-0.0870,0.4550
700.3870,127.7070,0.8070,693985793272000,-0.0870,0.4550
700.8140,128.2780,0.8150,693985793273200,-0.0870,0.4550
701.1190,128.9270,0.8230,693985793286300,-0.0870,0.4550
701.5150,129.6270,0.8300,693985793287100,-0.0870,0.4550
702.0340,130.6390,0.8370,693985809387000,-0.0870,0.4550
702.4600,131.4950,0.8440,693985809491500,-0.0870,0.4550
703.0090,132.6110,0.8500,693985825385000,-0.0870,0.4550
703.3140,133.6230,0.8560,693985825446900,-0.1050,0.4550
703.8020,134.7380,0.8620,693985825448100,-0.1050,0.4550
704.2590,135.9060,0.8670,693985825448700,-0.1050,0.4550
704.6860,137.1250,0.8730,693985841609700,-0.1050,0.4550
705.0220,138.3710,0.8780,693985841702100,-0.1050,0.4550
705.3880,139.5900,0.8820,693985841703600,-0.1050,0.4550
705.6620,140.8620,0.8870,693985858712400,-0.1050,0.4550
705.8750,142.1850,0.8910,693985858802400,-0.1050,0.4550
706.0280,143.5860,0.8960,693985858803500,-0.1050,0.4550
706.1500,145.0130,0.9000,693985858804100,-0.1050,0.4550
706.1500,146.2320,0.9050,693985874698100,-0.1050,0.4550
706.1500,147.3740,0.9090,693985874794500,-0.1050,0.4550
705.9670,148.9570,0.9140,693985890902500,-0.1050,0.4550
705.8750,150.5650,0.9190,693985890969200,-0.1050,0.4550
705.7230,152.2000,0.9240,693985890970700,-0.1050,0.4550
705.3270,153.9120,0.9300,693985890971200,-0.1050,0.4550
704.9610,155.5730,0.9360,693985890972000,-0.1050,0.4550
704.6560,157.2850,0.9430,693985907871000,-0.1050,0.4550
704.3200,158.8680,0.9500,693985907968300,-0.1050,0.4550
703.8630,160.5290,0.9570,693985907969600,-0.1050,0.4550
703.3750,162.1110,0.9640,693985907970100,-0.1050,0.4550
703.0090,163.7720,0.9770,693985924519600,-0.1050,0.4550
702.4600,165.3810,0.9830,693985924615200,-0.1050,0.4550
701.9420,167.0150,0.9900,693985941396200,-0.1050,0.4550
701.3320,168.6240,0.9950,693985941494100,-0.1050,0.4550
700.1740,171.5040,1.0000,693985941495300,-0.1050,0.4550
699.3810,173.5280,1.0000,693985941496200,-0.1050,0.4550
698.5270,175.1100,1.0000,693985941496800,-0.1050,0.4550
697.7340,176.5110,1.0000,693985957394500,-0.1050,0.4550
696.1180,179.0540,1.0000,693985957456700,-0.1050,0.4550
694.7770,180.8700,1.0000,693985973593000,-0.1220,0.4560
692.9170,183.0500,1.0000,693985973669300,-0.1400,0.4550
691.4230,184.7620,1.0000,693985973670800,-0.1400,0.4550
689.4100,186.9420,1.0000,693985973671400,-0.1400,0.4550
687.8550,188.5500,1.0000,693985990770100,-0.1400,0.4550
685.7820,190.6780,1.0000,693985990853400,-0.1400,0.4550
683.6470,192.7530,1.0000,693985990854600,-0.1400,0.4550
681.4220,194.8290,1.0000,693986006871800,-0.1400,0.4550
679.1650,196.9570,1.0000,693986006967000,-0.1390,0.4370
676.8780,198.8770,1.0000,693986006968700,-0.1390,0.4370
674.7140,200.6930,1.0000,693986006969300,-0.1390,0.4370
672.8840,202.0680,1.0000,693986023635200,-0.1390,0.4370
670.5360,203.7810,1.0000,693986023669400,-0.1390,0.4370
668.5850,204.9480,1.0000,693986023670800,-0.1390,0.4370
665.9020,206.4530,1.0000,693986023671400,-0.1390,0.4370
663.1880,207.7760,1.0000,693986023671900,-0.1390,0.4370
660.9930,208.7360,1.0000,693986040430900,-0.1390,0.4370
658.0350,209.8000,1.0000,693986040464900,-0.1390,0.4370
655.6870,210.6040,1.0000,693986057272200,-0.1220,0.4370
653.5530,211.1490,1.0000,693986057304600,-0.1050,0.4370
650.1990,211.8240,1.0000,693986057305900,-0.0870,0.4370
647.7290,212.3170,1.0000,693986057306400,-0.0870,0.4370
645.5030,212.5760,1.0000,693986057307000,-0.0870,0.4370
643.5210,212.7320,1.0000,693986074165300,-0.0870,0.4370
641.5390,212.9390,1.0000,693986074200600,-0.0870,0.4370
639.5880,213.1210,1.0000,693986091070800,-0.0870,0.4370
637.8190,213.2770,1.0000,693986091103200,-0.0870,0.4370
636.1120,213.4840,0.9810,693986091104400,-0.0870,0.4370
634.3740,213.6920,0.9480,693986091105000,-0.0870,0.4370
632.7580,213.8480,0.9000,693986107811300,-0.0870,0.4370
631.2030,214.0030,0.7500,693986107869700,-0.0870,0.4370
629.7700,214.0550,0.6250,693986107871000,-0.0870,0.4370
628.5500,214.0550,0.5200,693986125001900,-0.0870,0.4370
669.7430,150.7730,0.0130,693986588669000,-0.0520,0.4550
669.9570,150.4620,0.0410,693986588727600,-0.0520,0.4550
670.1700,150.0210,0.0780,693986604560800,-0.0520,0.4550
670.3230,149.6050,0.1170,693986604673500,-0.0520,0.4550
670.4450,149.1640,0.1570,693986604674800,-0.0520,0.4550
670.5360,148.7490,0.1960,693986604675400,-0.0520,0.4550
670.5970,148.3340,0.2330,693986604676100,-0.0520,0.4550
670.5970,147.8410,0.2680,693986620769200,-0.0700,0.4550
670.5360,147.4260,0.3010,693986620843100,-0.0870,0.4550
670.5360,146.9330,0.3330,693986636685800,-0.0870,0.4550
670.4750,146.5180,0.3630,693986636755500,-0.0870,0.4550
670.3840,146.0770,0.3930,693986636757400,-0.0870,0.4550
670.2310,145.6620,0.4210,693986636757900,-0.0870,0.4550
670.0480,145.2210,0.4480,693986653833500,-0.0870,0.4550
669.8960,144.8570,0.4730,693986653931800,-0.0870,0.4550
669.6520,144.5460,0.4980,693986653933100,-0.0870,0.4550
669.4390,144.2090,0.5200,693986653933600,-0.0870,0.4550
669.0420,144.0010,0.5420,693986653934100,-0.0870,0.4550
668.6760,143.7940,0.5620,693986669994100,-0.0870,0.4550
668.1880,143.6900,0.5810,693986670093400,-0.0870,0.4550
667.6700,143.6900,0.6000,693986685959500,-0.0870,0.4550
666.9690,143.7940,0.6170,693986686027100,-0.0870,0.4550
665.6880,144.1570,0.6340,693986686028700,-0.0870,0.4550
664.4690,144.7020,0.6500,693986686029200,-0.0870,0.4550
663.2490,145.4540,0.6660,693986702185500,-0.0870,0.4550
661.9680,146.3100,0.6810,693986702278400,-0.0870,0.4550
660.6880,147.2440,0.6950,693986702279900,-0.0870,0.4550
659.4980,148.3340,0.7090,693986718674500,-0.0870,0.4550
657.2730,150.2280,0.7220,693986718770600,-0.0870,0.4550
655.9010,151.7850,0.7340,693986718772100,-0.0870,0.4550
654.7720,153.0560,0.7460,693986718772700,-0.0870,0.4550
653.7970,154.3020,0.7580,693986735645500,-0.0870,0.4550
652.7900,155.4690,0.7690,693986735728900,-0.0870,0.4550
652.0590,156.7410,0.7790,693986751606800,-0.0870,0.4550
651.2660,158.0640,0.7890,693986751644000,-0.0870,0.4550
650.3510,159.3610,0.7990,693986751645100,-0.0870,0.4550
649.6500,160.5810,0.8080,693986751645600,-0.0870,0.4550
648.9490,161.8000,0.8170,693986751646100,-0.0870,0.4550
648.4910,162.9680,0.8250,693986768578300,-0.0870,0.4550
648.1560,163.9790,0.8330,693986768666400,-0.0870,0.4550
647.8810,164.8360,0.8400,693986768667700,-0.0870,0.4550
647.7900,165.5360,0.8470,693986768668200,-0.0870,0.4550
647.7900,166.1590,0.8540,693986784955400,-0.0870,0.4550
648.0640,166.8590,0.8610,693986785049000,-0.0870,0.4550
648.3690,167.5080,0.8680,693986801301300,-0.0870,0.4550
648.9180,168.0270,0.8740,693986801363400,-0.0870,0.4550
649.9240,168.7280,0.8810,693986801364500,-0.0870,0.4550
651.0520,169.2210,0.8860,693986801365400,-0.0870,0.4550
652.2720,169.5840,0.8910,693986801365900,-0.0870,0.4550
653.6440,169.7910,0.8960,693986818362700,-0.0870,0.4550
654.7720,169.8950,0.9000,693986818461100,-0.0870,0.4550
655.8400,169.8430,0.9040,693986834514200,-0.0870,0.4550
656.7540,169.6880,0.9080,693986834599800,-0.0870,0.4550
658.0650,169.2720,0.9110,693986834601100,-0.0870,0.4550
659.2850,168.7280,0.9140,693986834601600,-0.0870,0.4550
660.4130,167.9750,0.9170,693986834602200,-0.0870,0.4550
661.4800,167.0670,0.9190,693986850517300,-0.0870,0.4550
662.4560,165.9510,0.9210,693986850610000,-0.0870,0.4550
663.3100,164.6800,0.9230,693986866590000,-0.0870,0.4550
664.1030,163.3570,0.9250,693986866682800,-0.0870,0.4550
664.7430,161.8520,0.9260,693986866684100,-0.0870,0.4550
665.3220,160.3730,0.9270,693986866684800,-0.0870,0.4720
665.8410,158.7120,0.9280,693986866685400,-0.0870,0.4720
666.2680,157.1040,0.9290,693986883210800,-0.0870,0.4720
666.6640,155.4170,0.9300,693986883309300,-0.0870,0.4720
666.9080,153.7050,0.9310,693986900053400,-0.0870,0.4720
667.0910,152.0440,0.9320,693986900145500,-0.0870,0.4720
667.0300,150.4100,0.9320,693986900146700,-0.0870,0.4720
666.9080,148.8010,0.9330,693986900147300,-0.1040,0.4720
666.6940,147.2440,0.9330,693986916678000,-0.1040,0.4720
666.3280,145.7650,0.9340,693986916773500,-0.1040,0.4720
665.8410,144.3380,0.9340,693986916775000,-0.1040,0.4720
665.2000,142.9890,0.9350,693986916775600,-0.1040,0.4720
664.4080,141.7700,0.9350,693986916776100,-0.1040,0.4720
663.7370,140.6540,0.9350,693986933582800,-0.1040,0.4720
662.8830,139.5900,0.9360,693986933643700,-0.1040,0.4720
662.0290,138.6820,0.9360,693986949809300,-0.1040,0.4720
661.1750,137.8780,0.9370,693986949904600,-0.1040,0.4720
660.5660,137.3070,0.9370,693986949905700,-0.1040,0.4720
660.1080,136.8140,0.9380,693986949906300,-0.1040,0.4720
659.5590,136.4510,0.9390,693986949906800,-0.1040,0.4720
659.1940,136.1650,0.9390,693986966737800,-0.1040,0.4720
658.8580,136.0100,0.9400,693986966805600,-0.1040,0.4720
658.5530,135.9060,0.9380,693986983357500,-0.1040,0.4720
658.2790,135.9060,0.9320,693986983457100,-0.1040,0.4720
658.0350,135.9580,0.9220,693986983458400,-0.1040,0.4720
657.6390,136.1650,0.9050,693986983458900,-0.1040,0.4720
657.2120,136.6070,0.8790,693986999403800,-0.1040,0.4720
656.4800,137.4110,0.8600,693986999454100,-0.1040,0.4720
655.5650,138.2410,0.8240,693986999455200,-0.1040,0.4720
654.4980,139.3830,0.6860,693986999455800,-0.1040,0.4720
653.4310,140.4980,0.5720,693986999456300,-0.0870,0.4720
652.3640,141.5620,0.4760,693987016104400,-0.0700,0.4550
614.2190,138.8380,0.3110,693987360931200,0.0000,0.3670
614.4940,138.3190,0.4660,693987361044600,-0.0350,0.3840
614.7380,137.8780,0.5420,693987361046400,-0.0520,0.4020
614.9510,137.5660,0.5810,693987361047200,-0.0520,0.4200
615.1340,137.3590,0.5990,693987377504100,-0.0520,0.4370
615.2250,137.1770,0.6080,693987377553600,-0.0700,0.4370
615.3470,137.0730,0.6130,693987394391800,-0.0870,0.4370
615.4390,136.9700,0.6190,693987394441700,-0.1050,0.4370
615.8050,137.3070,0.6780,693987428150800,-0.1050,0.4550
615.8660,137.5150,0.6890,693987428203800,-0.1050,0.4550
616.0180,137.8260,0.6990,693987428205500,-0.1050,0.4550
616.2010,138.2410,0.7110,693987428206000,-0.1050,0.4550
616.3540,138.6820,0.7220,693987428206600,-0.1050,0.4550
616.5670,139.3830,0.7330,693987445056100,-0.1050,0.4550
616.8720,140.0570,0.7440,693987445110300,-0.1050,0.4550
617.2990,141.2250,0.7550,693987461237300,-0.1050,0.4550
617.7260,142.3660,0.7660,693987461342100,-0.1050,0.4550
618.1530,143.4820,0.7760,693987461344300,-0.1050,0.4550
618.5790,144.6500,0.7850,693987461345200,-0.1050,0.4550
619.0670,145.7140,0.7940,693987461345900,-0.1040,0.4720
619.4330,146.6730,0.8020,693987477735500,-0.1040,0.4720
619.7690,147.5300,0.8100,693987477843700,-0.1040,0.4720
620.0130,148.2040,0.8170,693987494247200,-0.1040,0.4720
620.2870,148.9570,0.8240,693987494430500,-0.1040,0.4720
620.5000,149.7090,0.8300,693987494432100,-0.1040,0.4720
620.6530,150.4620,0.8350,693987494432700,-0.1040,0.4720
620.7140,151.1360,0.8400,693987510684400,-0.1040,0.4720
620.7750,151.7850,0.8450,693987510754700,-0.1040,0.4720
620.7750,152.3820,0.8490,693987510756300,-0.1040,0.4720
620.6530,153.0560,0.8530,693987527530600,-0.1040,0.4720
620.4090,153.7050,0.8580,693987527564900,-0.1040,0.4720
620.0130,154.3020,0.8620,693987527566400,-0.1040,0.4720
619.1590,155.0280,0.8660,693987527567100,-0.1040,0.4720
618.2140,155.6770,0.8700,693987544607900,-0.1040,0.4720
617.0550,156.2740,0.8730,693987544681100,-0.1040,0.4720
615.5910,156.7410,0.8760,693987544682600,-0.1040,0.4720
614.0060,157.1040,0.8800,693987544683700,-0.1040,0.4720
612.2980,157.3890,0.8820,693987560691700,-0.1040,0.4720
610.3160,157.5970,0.8850,693987560788400,-0.1040,0.4720
608.3650,157.7520,0.8880,693987560790400,-0.1040,0.4720
606.2310,157.8560,0.8900,693987577369900,-0.1040,0.4720
602.4500,158.0640,0.8920,693987577433700,-0.1040,0.4720
599.6140,158.2970,0.8940,693987577435300,-0.1040,0.4720
597.3270,158.4010,0.8960,693987577435900,-0.1040,0.4720
595.6200,158.4530,0.8980,693987593697100,-0.1040,0.4720
593.8510,158.5570,0.9000,693987593796400,-0.1040,0.4720
592.3570,158.6610,0.9020,693987610453100,-0.1040,0.4720
591.1980,158.7640,0.9040,693987610556400,-0.1040,0.4720
590.1310,158.8680,0.9060,693987610558200,-0.1040,0.4720
589.3390,159.0240,0.9080,693987610558800,-0.1040,0.4720
588.5460,159.2570,0.9090,693987626532500,-0.1040,0.4720
587.9050,159.5170,0.9110,693987626627300,-0.1040,0.4720
587.2650,159.8280,0.9130,693987626628800,-0.1040,0.4720
586.7770,160.1910,0.9160,693987626629400,-0.1040,0.4720
586.3500,160.6320,0.9180,693987626630000,-0.1040,0.4720
586.0760,161.0480,0.9210,693987643040700,-0.1040,0.4720
585.8630,161.6440,0.9250,693987643105800,-0.1040,0.4720
585.8020,162.2930,0.9290,693987659292600,-0.1040,0.4720
585.8630,162.8640,0.9340,693987659389200,-0.1040,0.4720
586.0150,163.6680,0.9390,693987659391200,-0.1040,0.4720
586.5030,164.8880,0.9440,693987659391900,-0.1040,0.4720
587.2040,166.1590,0.9500,693987675695700,-0.1040,0.4720
587.9050,167.5080,0.9560,693987675800600,-0.1040,0.4720
589.7040,169.7910,0.9620,693987675843400,-0.1040,0.4720
590.9850,171.5040,0.9680,693987691912000,-0.1040,0.4720
592.1440,172.8790,0.9810,693987692006200,-0.1040,0.4720
593.1800,174.0980,0.9870,693987692008200,-0.1040,0.4720
594.1260,175.3960,0.9900,693987692008800,-0.1040,0.4720
599.0350,184.2430,0.6490,693987719809000,-0.1040,0.4720
599.4010,185.5150,0.6500,693987719838400,-0.1040,0.4720
599.6750,186.7340,0.6520,693987735907800,-0.1040,0.4720
599.8270,187.7980,0.6480,693987736004600,-0.1040,0.4720
599.8880,188.7580,0.6570,693987752582800,-0.1040,0.4720
599.8270,189.6140,0.6570,693987752673300,-0.1040,0.4720
599.7360,190.4180,0.6580,693987752675000,-0.1040,0.4720
599.5230,191.2750,0.6580,693987752675600,-0.1040,0.4720
599.0960,192.4940,0.6600,693987768631900,-0.1040,0.4720
598.5470,193.6620,0.6600,693987768742800,-0.1040,0.4720
597.8460,194.6730,0.6620,693987785260000,-0.1040,0.4720
596.9920,195.6340,0.6600,693987785356900,-0.1040,0.4720
595.8940,196.5420,0.6630,693987785358500,-0.1220,0.4720
594.6740,197.2940,0.6620,693987785359100,-0.1400,0.4720
593.3940,197.9690,0.6650,693987802115000,-0.1400,0.4720
591.9000,198.5140,0.6640,693987802196100,-0.1400,0.4720
590.3450,198.9810,0.6650,693987818874600,-0.1400,0.4720
588.7590,199.3180,0.6630,693987818973600,-0.1400,0.4720
586.9910,199.5250,0.6670,693987818974900,-0.1400,0.4720
585.3440,199.6290,0.6650,693987818975400,-0.1400,0.4720
583.6370,199.5770,0.6660,693987835088300,-0.1400,0.4720
581.9290,199.3180,0.6650,693987835160000,-0.1400,0.4720
563.6040,184.4510,1.0000,693987865417500,-0.1400,0.4720
563.4210,183.3350,1.0000,693987865446600,-0.1400,0.4720
563.1770,182.0900,1.0000,693987881836900,-0.1400,0.4720
562.9640,180.8700,1.0000,693987881935700,-0.1400,0.4720
562.7500,179.5990,1.0000,693987898653200,-0.1400,0.4720
562.5370,178.2760,1.0000,693987898732000,-0.1400,0.4720
562.3230,176.7190,1.0000,693987898733700,-0.1400,0.4720
562.0490,175.0070,1.0000,693987898734200,-0.1400,0.4720
561.8360,173.1380,1.0000,693987898735200,-0.1400,0.4720
561.5000,171.2440,1.0000,693987915626700,-0.1400,0.4720
561.2870,169.2210,1.0000,693987915728500,-0.1400,0.4720
561.0730,167.1190,1.0000,693987932702800,-0.1400,0.4720
560.9820,164.9910,1.0000,693987932779900,-0.1400,0.4720
560.9210,162.9680,1.0000,693987932781300,-0.1400,0.4720
560.8290,159.0240,1.0000,693987932781900,-0.1400,0.4720
560.8600,156.2740,1.0000,693987948845700,-0.1400,0.4720
561.0430,154.0160,1.0000,693987948920400,-0.1400,0.4720
561.2870,152.2000,1.0000,693987948921800,-0.1400,0.4720
561.5000,150.4620,1.0000,693987948922400,-0.1400,0.4720
561.8360,148.7490,1.0000,693987965108400,-0.1400,0.4720
562.2010,147.0890,1.0000,693987965221500,-0.1400,0.4720
562.6890,145.6100,1.0000,693987965223000,-0.1400,0.4720
563.1160,144.2090,1.0000,693987981518400,-0.1400,0.4720
563.6040,142.9370,1.0000,693987981589400,-0.1400,0.4720
564.1220,141.7700,1.0000,693987981591300,-0.1400,0.4720
564.6710,140.7060,1.0000,693987981591900,-0.1400,0.4720
565.1290,139.8500,1.0000,693987997643700,-0.1400,0.4720
565.5550,139.2010,1.0000,693987997710000,-0.1400,0.4720
565.9520,138.6820,1.0000,693988014333400,-0.1400,0.4720
566.3180,138.2410,1.0000,693988014405400,-0.1400,0.4720
566.7450,137.8780,1.0000,693988014407100,-0.1400,0.3680
569.2450,138.0340,0.6420,693988031387000,-0.1750,0.4550
569.7630,138.4750,0.6430,693988047888000,-0.1740,0.4730
570.6170,139.3310,0.6400,693988048004800,-0.1740,0.4730
571.4400,140.3430,0.6430,693988064850300,-0.1740,0.4730
572.0810,141.4580,0.6410,693988064995700,-0.1740,0.4730
572.7510,142.6780,0.6430,693988064998100,-0.1740,0.4730
573.3310,144.0010,0.6400,693988064998800,-0.1740,0.4730
573.9410,145.4020,0.6430,693988080986600,-0.1740,0.4900
574.3980,146.7250,0.6390,693988081099500,-0.1740,0.5060
574.8250,148.1520,0.6430,693988097887600,-0.1740,0.5060
575.2210,149.7090,0.6400,693988098002700,-0.1740,0.5060
575.4650,151.1880,0.6420,693988098004800,-0.1740,0.5060
575.6480,152.7450,0.6390,693988098005400,-0.1740,0.5060
575.6790,154.2240,0.6460,693988114113800,-0.1740,0.5060
575.5260,155.7290,0.6430,693988114152100,-0.1740,0.5060
575.3740,157.2080,0.6400,693988130798400,-0.1740,0.5060
574.8860,158.6610,0.6390,693988130874500,-0.1740,0.5060
574.1840,160.0360,0.6400,693988130876100,-0.1740,0.5060
572.6600,162.5010,0.6430,693988130876700,-0.1740,0.5060
571.1050,164.0830,0.6420,693988130877300,-0.1740,0.5060
568.9090,165.8990,0.6420,693988146919000,-0.1740,0.5060
566.4700,167.4560,0.6440,693988147480100,-0.1740,0.5060
564.3360,168.4680,0.6480,693988147493100,-0.1740,0.5060
561.1950,169.5840,0.6450,693988147494700,-0.1740,0.5060
558.7560,170.2840,0.6460,693988163658100,-0.1740,0.5060
556.5610,170.6990,0.6430,693988163698400,-0.1570,0.5070
552.9320,171.2960,0.6460,693988179733600,-0.1400,0.5070
549.2120,171.6590,0.6460,693988179781900,-0.1400,0.5070
546.3770,171.7110,0.6450,693988179783400,-0.1400,0.5070
543.9680,171.7110,0.6490,693988179784100,-0.1400,0.5070
541.8640,171.5560,0.6460,693988196618200,-0.1400,0.5070
538.1750,171.0630,0.6450,693988196695700,-0.1400,0.5070
535.5220,170.5960,0.6420,693988196697600,-0.1400,0.5070
533.3870,170.0510,0.6440,693988213343200,-0.1400,0.5070
530.2770,169.0910,0.6480,693988213412100,-0.1400,0.5070
528.2040,168.2610,0.6480,693988213413600,-0.1400,0.5070
526.6180,167.4560,0.6470,693988213414500,-0.1400,0.5070
525.3380,166.7040,0.6470,693988229499000,-0.1400,0.5070
524.1180,165.7960,0.6460,693988229568500,-0.1400,0.5070
522.9290,164.9390,0.6470,693988229570200,-0.1400,0.5070
521.8620,163.8240,0.6470,693988229571100,-0.1400,0.5070
520.9470,162.7080,0.6520,693988245831700,-0.1400,0.5070
520.1240,161.4370,0.6520,693988245905000,-0.1400,0.5070
519.3620,160.0880,0.6520,693988262420000,-0.1400,0.5070
518.6600,158.6090,0.6490,693988262456700,-0.1390,0.5250
518.0810,157.0000,0.6550,693988262458300,-0.1390,0.5250
517.5930,155.3140,0.6520,693988262458900,-0.1390,0.5250
517.2270,153.4970,0.6590,693988278515600,-0.1390,0.5250
516.8610,151.6290,0.6570,693988278549800,-0.1390,0.5250
516.5870,149.7090,0.6550,693988294643000,-0.1390,0.5250
516.3120,147.6850,0.6540,693988294738700,-0.1390,0.5420
515.8850,144.1050,0.6560,693988294740700,-0.1390,0.5420
515.5200,141.4060,0.6810,693988294741300,-0.1390,0.5420
515.2450,139.1490,0.6800,693988310630800,-0.1390,0.5600
515.0010,137.1250,0.6790,693988310736600,-0.1390,0.5600
514.5130,133.5190,0.6790,693988310738500,-0.1390,0.5600
514.0870,130.7430,0.6780,693988327423400,-0.1390,0.5600
513.4460,127.3440,0.6790,693988327491100,-0.1390,0.5600
512.9580,124.7230,0.6770,693988327492700,-0.1390,0.5600
512.5010,122.6480,0.6800,693988327493300,-0.1390,0.5600
511.6780,119.2750,0.6770,693988343738300,-0.1390,0.5600
510.9460,116.0310,0.6780,693988343836200,-0.1390,0.5600
510.2450,113.4890,0.6770,693988343837600,-0.1390,0.5600
509.4520,110.1160,0.6770,693988343838200,-0.1390,0.5600
508.6590,106.7690,0.6710,693988359896500,-0.1390,0.5600
507.8970,103.4740,0.6770,693988359993700,-0.1390,0.5600
507.3180,100.9050,0.6780,693988376216400,-0.1390,0.5600
506.8300,98.7770,0.6800,693988376314000,-0.1390,0.5600
506.4030,96.9090,0.6780,693988376332700,-0.1390,0.5600
502.4690,77.2420,1.0000,693988422667600,-0.1390,0.5600
502.4080,77.1380,1.0000,693988422725000,-0.1400,0.5780
502.3780,77.0870,1.0000,693988422726700,-0.1400,0.5780
502.3780,77.0350,1.0000,693988439101300,-0.1400,0.5780
502.4080,77.0350,1.0000,693988439197900,-0.1400,0.5780
502.4690,77.0350,1.0000,693988439199400,-0.1400,0.5780
502.4690,77.0870,1.0000,693988439200000,-0.1400,0.5780
502.5910,77.2420,1.0000,693988455032500,-0.1400,0.5780
502.7440,77.5790,1.0000,693988455173500,-0.1400,0.5780
502.9570,77.9950,1.0000,693988471240700,-0.1400,0.5780
503.2620,78.7470,0.9880,693988471337000,-0.1400,0.5780
503.9640,80.1220,0.9660,693988471354800,-0.1400,0.5780
505.1830,83.1580,0.9200,693988471355600,-0.1400,0.5780
506.7380,86.1940,0.7670,693988471356300,-0.1400,0.5780
508.2930,89.0740,0.6390,693988488018800,-0.1220,0.5590
509.8180,91.6420,0.5330,693988488115700,-0.1050,0.5410
604.3100,175.6550,0.0110,693988980797700,0.0000,0.3840
603.9740,175.3960,0.0420,693988996505800,0.0000,0.3840
603.7300,175.1100,0.0840,693988996601500,0.0000,0.3840
603.3950,174.8510,0.1300,693988996603600,0.0000,0.3840
603.1200,174.6430,0.1780,693988996604200,0.0000,0.3840
602.8770,174.4360,0.2270,693989012519200,0.0000,0.3840
602.6630,174.2280,0.2770,693989012582500,0.0000,0.3840
602.4800,174.0460,0.3250,693989012584900,0.0000,0.4010
602.3890,173.9430,0.3720,693989029500500,0.0000,0.4190
602.2360,173.6830,0.4610,693989029573300,0.0000,0.4190
602.6020,173.4240,0.5830,693989045499900,-0.0520,0.4200
603.0290,173.3200,0.6190,693989045552400,-0.0520,0.4200
603.6690,173.2160,0.6530,693989062399700,-0.0520,0.4200
604.4010,173.0350,0.6840,693989062448900,-0.0520,0.4200
605.1630,172.9310,0.7140,693989062450900,-0.0520,0.4200
606.0170,172.8270,0.7420,693989062451700,-0.0700,0.4200
606.8710,172.7750,0.7690,693989079315800,-0.0880,0.4210
607.7550,172.7230,0.7940,693989079367000,-0.0880,0.4210
608.6090,172.6710,0.8180,693989079369000,-0.0880,0.4210
609.5240,172.6190,0.8410,693989079369700,-0.0880,0.4210
610.4380,172.6190,0.8620,693989079370300,-0.0880,0.4210
611.2920,172.6190,0.8810,693989095280600,-0.1040,0.4190
612.2070,172.6190,0.8990,693989095331200,-0.1040,0.4190
613.0300,172.6710,0.9160,693989111345500,-0.1040,0.4190
613.9450,172.6710,0.9310,693989111411700,-0.1040,0.4190
614.6460,172.6710,0.9440,693989111413200,-0.1040,0.4190
615.5000,172.6710,0.9570,693989111414100,-0.1040,0.4190
616.2930,172.6190,0.9800,693989127523900,-0.1040,0.4190
617.0850,172.6190,0.9900,693989127622300,-0.1040,0.4190
617.9090,172.5680,0.9980,693989127624200,-0.1040,0.4190
618.6400,172.5160,1.0000,693989143738400,-0.1040,0.4190
619.2810,172.4640,1.0000,693989143772800,-0.1040,0.4190
619.7690,172.4120,1.0000,693989143774100,-0.1040,0.4190
620.1960,172.3600,1.0000,693989143774800,-0.1040,0.4190
620.5610,172.3080,1.0000,693989159919500,-0.1040,0.4190
620.8360,172.2560,1.0000,693989160019100,-0.1040,0.4190
621.0490,172.1780,0.9900,693989176056300,-0.1040,0.4190
621.2930,172.1780,0.9510,693989176157200,-0.1220,0.4190
620.6220,172.7230,0.5080,693989209186900,-0.1220,0.4190
488.5660,156.6370,0.3020,693989719749900,-0.0520,0.0000
488.3520,156.4290,0.4530,693989719765400,-0.0520,0.0000
488.1390,156.1960,0.5290,693989735735800,-0.0520,0.0000
487.9250,155.9880,0.5670,693989735800500,-0.0520,0.0000
487.7120,155.8320,0.5860,693989751883800,-0.0520,0.0000
487.5590,155.7290,0.5950,693989751968300,-0.0520,0.0000
487.3760,155.5730,0.6000,693989751970700,-0.0520,0.0000
487.2240,155.4690,0.6040,693989751971700,-0.0520,0.0000
487.0100,155.3140,0.6160,693989767921600,-0.0520,0.0000
486.7970,155.2620,0.6320,693989768031500,-0.0520,0.0000
486.4920,155.3650,0.6660,693989800216400,-0.0520,0.0000
486.3700,155.7290,0.6860,693989800413900,-0.0520,0.0000
486.2790,156.1440,0.6970,693989800415400,-0.0520,0.0000
486.1570,156.5850,0.7080,693989816472200,-0.0520,0.0000
486.1260,157.1040,0.7200,693989816542200,-0.0520,0.0000
486.0650,157.8560,0.7320,693989833446100,-0.0520,0.0000
486.0040,158.6610,0.7440,693989833544900,-0.0520,0.0000
485.9430,159.5170,0.7570,693989833546400,-0.0520,0.0000
485.9430,160.3730,0.7680,693989833563500,-0.0520,0.0000
485.9430,161.2810,0.7800,693989833564200,-0.0520,0.0000
486.0040,162.2410,0.7900,693989849510400,-0.0520,0.0000
486.0650,163.1750,0.8010,693989849581800,-0.0520,0.0000
486.1570,164.1350,0.8100,693989866498700,0.0350,0.0000
486.2790,165.5880,0.8200,693989866571000,0.0350,0.0000
486.3700,166.7560,0.8280,693989866572400,0.0350,0.0000
486.4310,167.7680,0.8360,693989866572900,0.0350,0.0000
486.4920,168.7280,0.8440,693989866573500,0.0360,0.0360
486.4920,169.6360,0.8510,693989882682300,0.0350,0.0700
486.4310,170.5440,0.8570,693989882752700,0.0350,0.1060
486.2790,171.4520,0.8630,693989882754200,0.0350,0.1410
486.1260,172.3600,0.8680,693989882754800,0.0350,0.1750
485.7300,173.5280,0.8730,693989898878300,0.0350,0.2100
485.2730,174.6430,0.8780,693989898971700,0.0350,0.2280
484.6630,175.6550,0.8820,693989898973500,0.0350,0.2460
483.9310,176.5630,0.8860,693989915760500,0.0350,0.2630
483.0770,177.3680,0.8900,693989915863500,0.0350,0.2810
482.1010,178.0940,0.8930,693989915865000,0.0360,0.2980
481.0040,178.7430,0.8960,693989915865500,0.0530,0.3160
479.8150,179.2880,0.8990,693989932352900,0.0530,0.3330
478.5340,179.7550,0.9020,693989932385500,0.0700,0.3500
477.2530,180.1960,0.9040,693989948549400,0.0710,0.3680
475.8810,180.5070,0.9060,693989948777400,0.0700,0.3840
474.5400,180.7660,0.9080,693989948779400,0.0880,0.3850
473.1680,180.9220,0.9100,693989948780000,0.0880,0.3850
471.9480,181.0260,0.9120,693989948780500,0.0880,0.3850
470.9110,181.0780,0.9140,693989964977000,0.1050,0.3850
469.9050,181.0780,0.9150,693989965080000,0.1050,0.3850
468.9600,181.0260,0.9170,693989980817700,0.1050,0.3850
467.9840,180.9220,0.9180,693989980891100,0.1050,0.3850
466.5510,180.7660,0.9200,693989980893200,0.1230,0.3840
465.1790,180.5590,0.9210,693989980893800,0.1230,0.3840
463.8980,180.2990,0.9240,693989980894400,0.1230,0.3840
462.6790,179.9620,0.9260,693989997976000,0.1230,0.3840
461.4290,179.5990,0.9280,693989998038500,0.1230,0.3840
460.4830,179.2360,0.9300,693989998039800,0.1230,0.4020
459.3550,178.7950,0.9330,693989998040400,0.1230,0.4020
458.5010,178.3790,0.9350,693990013817800,0.1230,0.4190
457.4950,177.7830,0.9380,693990013932400,0.1230,0.4190
456.5800,177.1340,0.9400,693990013934000,0.1230,0.4190
455.7270,176.4080,0.9430,693990030738000,0.1230,0.4190
454.8730,175.6550,0.9450,693990030814200,0.1230,0.4190
454.0800,174.7470,0.9480,693990030815900,0.1230,0.4190
453.3790,173.7350,0.9500,693990030816500,0.1230,0.4190
452.7080,172.6710,0.9530,693990046713300,0.1230,0.4190
452.0070,171.5560,0.9550,693990046787700,0.1230,0.4190
451.4270,170.3360,0.9580,693990063075500,0.1230,0.4190
450.7870,169.0390,0.9610,693990063155200,0.1230,0.4190
450.2380,167.6640,0.9650,693990063156500,0.1230,0.4190
449.7200,166.2370,0.9690,693990063157100,0.1230,0.4370
449.1710,164.7840,0.9780,693990079866400,0.1230,0.4550
448.7140,163.3050,0.9820,693990079950800,0.1230,0.4550
448.2260,161.8000,0.9860,693990096495300,0.1230,0.4550
447.7990,160.2690,0.9900,693990096536800,0.1230,0.4550
447.3110,158.6090,0.9940,693990096538500,0.1230,0.4550
446.8840,156.8960,0.9980,693990096539000,0.1230,0.4550
446.3960,155.1840,1.0000,693990096539500,0.1230,0.4550
445.8780,153.4970,1.0000,693990112609000,0.1230,0.4550
445.3600,151.7330,1.0000,693990112664700,0.1230,0.4550
444.8110,150.0720,1.0000,693990112666200,0.1230,0.4550
444.2920,148.4380,1.0000,693990112666700,0.1230,0.4550
443.6830,146.8810,1.0000,693990129470200,0.1230,0.4550
443.1640,145.4020,1.0000,693990129510000,0.1230,0.4720
442.5240,144.0530,1.0000,693990129511300,0.1230,0.4720
441.7620,142.7300,1.0000,693990145489600,0.1230,0.4720
441.0300,141.5100,1.0000,693990145551800,0.1230,0.4720
440.2370,140.3430,1.0000,693990145553200,0.1230,0.4720
439.4440,139.2010,1.0000,693990145553700,0.1230,0.4720
438.5300,138.1370,1.0000,693990162478600,0.1230,0.4720
437.5540,137.1250,1.0000,693990162514200,0.1230,0.4720
436.6090,136.2170,1.0000,693990178541100,0.1230,0.4720
435.5420,135.4390,1.0000,693990178691800,0.1230,0.4720
434.4740,134.6860,1.0000,693990178695300,0.1230,0.4720
433.3460,134.0380,1.0000,693990178699200,0.1230,0.4720
432.2490,133.4670,1.0000,693990194701000,0.1230,0.4720
431.0590,132.9220,1.0000,693990194794600,0.1230,0.4720
429.8400,132.5070,1.0000,693990194796100,0.1230,0.4720
428.6200,132.1180,1.0000,693990211275800,0.1230,0.4720
427.2180,131.8060,1.0000,693990211339200,0.1230,0.4720
425.9060,131.5990,1.0000,693990211340700,0.1230,0.4720
424.4430,131.3910,1.0000,693990211341300,0.1230,0.4720
423.0100,131.2100,1.0000,693990227427300,0.1230,0.4720
421.5770,131.1060,1.0000,693990227515200,0.1230,0.4720
420.4180,131.0540,1.0000,693990227516300,0.1230,0.4720
419.3510,131.0020,1.0000,693990243557600,0.1230,0.4720
418.4360,130.9500,1.0000,693990243651300,0.1230,0.4720
417.5820,130.9500,1.0000,693990243652500,0.1230,0.4720
416.7290,130.8980,1.0000,693990243653100,0.1230,0.4720
416.0880,130.8980,1.0000,693990259469500,0.1230,0.4720
415.6000,130.8460,1.0000,693990259528100,0.1230,0.4720
415.1430,130.8460,1.0000,693990259529600,0.1230,0.4720
414.8080,130.7950,1.0000,693990275876700,0.1230,0.4720
414.5330,130.7950,1.0000,693990275972800,0.1230,0.4720
414.3200,130.7430,1.0000,693990275974100,0.1230,0.4720
415.4480,130.1460,1.0000,693990292400800,0.1230,0.4720
416.8510,129.6790,1.0000,693990308689600,0.1230,0.4720
418.5280,129.1860,1.0000,693990308788200,0.1230,0.4720
422.1560,128.1740,1.0000,693990308789800,0.1230,0.4720
427.2790,126.8510,1.0000,693990324672600,0.1230,0.4720
430.9680,125.8910,1.0000,693990324742200,0.1230,0.4720
436.4560,124.6190,1.0000,693990324743600,0.1050,0.4710
441.6700,123.4520,1.0000,693990324744300,0.1050,0.4710
445.3600,122.6480,1.0000,693990341415600,0.1050,0.4710
449.1410,121.8950,1.0000,693990341502700,0.1050,0.4710
452.8610,121.1430,1.0000,693990358324600,0.1050,0.4710
456.4280,120.5200,1.0000,693990358401900,0.1050,0.4890
458.9890,120.0790,1.0000,693990358403200,0.1050,0.4890
460.9710,119.7680,1.0000,693990358403800,0.1050,0.4890
462.5570,119.5080,1.0000,693990374468600,0.1050,0.4890
463.9900,119.2750,1.0000,693990374515600,0.1050,0.4890
465.0570,119.1190,1.0000,693990374517100,0.1050,0.4890
465.9110,118.9630,1.0000,693990374517600,0.1050,0.4890
466.6120,118.8590,1.0000,693990374518100,0.1050,0.4890
467.1000,118.7560,1.0000,693990391364900,0.1050,0.4890
467.5570,118.6000,1.0000,693990391418300,0.1050,0.4890
467.8930,118.4440,1.0000,693990408244700,0.1050,0.4890
468.1980,118.2630,1.0000,693990408374600,0.1050,0.4890
468.4110,118.0550,1.0000,693990408375900,0.1050,0.4890
468.6240,117.7960,1.0000,693990408376500,0.1050,0.4890
468.7460,117.5880,1.0000,693990408377500,0.1060,0.5070
468.8070,117.3030,1.0000,693990425130800,0.1060,0.5070
468.8070,117.0430,1.0000,693990425187000,0.1060,0.5070
468.8070,116.8360,1.0000,693990442011800,0.1060,0.5070
468.5330,116.3690,1.0000,693990442059800,0.1060,0.5070
468.3190,116.0830,1.0000,693990442061200,0.1060,0.5070
468.0450,115.9790,1.0000,693990442061800,0.1060,0.5070
467.7400,115.9280,1.0000,693990458897200,0.1060,0.5070
467.3440,116.0310,0.9950,693990458930200,0.1060,0.5070
466.7640,116.2390,0.9720,693990475836300,0.1060,0.5070
466.1240,116.6280,0.9280,693990475862000,0.1060,0.5070
475.9420,138.5780,0.2480,693990624744700,0.0000,0.3670
476.3690,138.5260,0.3720,693990640828200,0.0000,0.3840
476.8260,138.4750,0.4340,693990640923100,0.0000,0.4010
477.3750,138.3710,0.4650,693990640925400,0.0000,0.4190
477.8630,138.3190,0.4800,693990640926100,0.0000,0.4360
478.3210,138.1890,0.4900,693990640926900,0.0000,0.4540
478.8080,138.0850,0.5000,693990656913600,0.0000,0.4540
479.2960,137.9820,0.5130,693990657013100,0.0000,0.4540
479.6620,137.9300,0.5280,693990673998100,0.0000,0.4540
480.0280,137.8780,0.5440,693990674101600,0.0000,0.4540
480.4240,137.7740,0.5610,693990674119600,0.0000,0.4710
480.6680,137.7220,0.5790,693990674120400,0.0000,0.4710
480.9430,137.6700,0.5980,693990690148900,0.0000,0.4710
481.1560,137.6700,0.6170,693990690246000,0.0000,0.4710
481.4610,137.6180,0.6580,693990706721400,0.0000,0.4710
481.6440,137.5660,0.6800,693990706825400,0.0000,0.4710
481.9490,137.5660,0.7220,693990706827300,0.0000,0.4710
482.1010,137.6180,0.7410,693990722835500,0.0000,0.4710
482.2840,137.7220,0.7600,693990722916100,0.0000,0.4710
482.3760,137.8260,0.7770,693990738985900,0.0000,0.4710
482.5280,137.9300,0.7930,693990739066000,0.0000,0.4710
482.7420,138.1890,0.8070,693990739068200,0.0000,0.4710
482.9550,138.4750,0.8210,693990739069000,0.0000,0.4710
483.1380,138.7340,0.8330,693990739069600,0.0000,0.4710
483.3520,139.0970,0.8440,693990755892100,0.0000,0.4710
483.5040,139.4860,0.8550,693990755986600,0.0000,0.4710
483.6560,139.8500,0.8640,693990755988100,0.0000,0.4710
483.7780,140.2130,0.8710,693990755988800,0.0000,0.4710
483.8700,140.6020,0.8740,693990772451900,0.0000,0.4710
483.9920,140.9650,0.8700,693990772531700,0.0000,0.4710
484.0220,141.3550,0.8520,693990788598200,0.0000,0.4710
483.9920,141.7700,0.8360,693990788706600,0.0000,0.4710
483.8700,142.1330,0.8040,693990788708400,0.0000,0.4710
483.6560,142.4700,0.6700,693990788709000,0.0000,0.4710
483.3520,142.6780,0.5590,693990788709600,0.0000,0.4710
482.9250,142.7820,0.4650,693990804599800,0.0000,0.4710
451.9460,114.5520,0.2720,693990937275600,0.0880,0.5060
452.3730,113.9040,0.4170,693990953632600,0.0880,0.5060
452.7080,113.2550,0.4980,693990953700700,0.0880,0.5060
452.9220,112.6320,0.5450,693990969915300,0.0880,0.5060
453.0740,112.1390,0.5740,693990969949200,0.0880,0.5060
453.1350,111.6720,0.5960,693990969964600,0.0880,0.5060
453.1350,111.2310,0.6140,693990969965600,0.0880,0.5060
453.1350,110.8160,0.6320,693990986705400,0.0880,0.5060
453.0130,110.4530,0.6490,693990986806500,0.0880,0.5060
452.8610,110.0120,0.6660,693990986808100,0.0880,0.5060
452.6470,109.5970,0.6830,693990986808800,0.0880,0.5060
452.4340,109.2590,0.7000,693990986809700,0.0880,0.5060
452.1590,108.9480,0.7150,693991002741400,0.0880,0.5060
451.8540,108.6890,0.7300,693991002813500,0.0880,0.5060
451.2750,108.3770,0.7430,693991002815100,0.0880,0.5060
450.6350,108.1440,0.7560,693991019527100,0.0880,0.5060
449.9330,107.9880,0.7670,693991019632900,0.0880,0.5060
449.1410,107.9360,0.7780,693991019634400,0.0880,0.5060
448.2260,107.9360,0.7870,693991019635100,0.0880,0.5060
447.2500,107.9880,0.7960,693991035485500,0.0880,0.5060
445.7260,108.1440,0.8050,693991035547700,0.0880,0.5060
444.2320,108.3770,0.8120,693991051731700,0.0880,0.5060
442.6150,108.6370,0.8190,693991051828700,0.0880,0.5060
440.9690,108.8960,0.8260,693991051830300,0.0880,0.5060
439.3220,109.2080,0.8320,693991051830900,0.0880,0.5060
437.6760,109.5970,0.8370,693991068020000,0.0880,0.5060
436.0600,109.8560,0.8420,693991068119300,0.0880,0.5060
434.4740,110.1680,0.8470,693991068121100,0.0880,0.5060
432.9190,110.5050,0.8510,693991084716900,0.0880,0.5240
431.4250,110.8160,0.8550,693991084812100,0.0880,0.5420
430.0530,111.1280,0.8590,693991084813600,0.0880,0.5420
428.6810,111.4130,0.8630,693991084814300,0.0880,0.5420
427.3390,111.6720,0.8670,693991101210000,0.0880,0.5420
426.2720,111.9320,0.8710,693991101261400,0.0880,0.5420
425.4190,112.1910,0.8740,693991101263100,0.0880,0.5420
424.6260,112.4250,0.8760,693991101263800,0.0880,0.5420
423.9240,112.7360,0.8760,693991117352700,0.0880,0.5420
423.2230,113.0480,0.8670,693991117455700,0.0880,0.5420
422.6440,113.4890,0.8490,693991117457700,0.0880,0.5420
422.1560,114.0080,0.8210,693991134550800,0.0880,0.5420
421.7900,114.6560,0.8000,693991134645200,0.0880,0.5420
421.4850,115.4090,0.7510,693991134647100,0.0880,0.5420
421.3020,116.1870,0.6260,693991134648100,0.0880,0.5420
421.2720,117.0430,0.5220,693991150440700,0.0880,0.5420
421.3020,117.8480,0.4350,693991150470900,0.0710,0.5420
445.5730,170.8030,0.8640,693991332688600,0.0000,0.4190
445.6650,171.0110,0.7630,693991332738100,0.0350,0.4550
445.7260,171.2440,0.7280,693991348908500,0.0700,0.4550
445.8170,171.4000,0.7280,693991365647400,0.1050,0.4710
445.9390,171.6080,0.7350,693991365749000,0.1230,0.4720
446.0000,171.7630,0.7460,693991365751500,0.1230,0.4720
446.0300,172.0230,0.7630,693991398600500,0.1230,0.4720
445.8780,172.3080,0.7740,693991398697100,0.1230,0.4720
445.7870,172.4640,0.7810,693991398698700,0.1230,0.4720
445.5730,172.7230,0.7870,693991398699300,0.1230,0.4720
445.1460,173.0860,0.7950,693991414874800,0.1230,0.4720
444.5970,173.4760,0.8030,693991414911000,0.1230,0.4720
443.6830,174.0460,0.8110,693991414927200,0.1230,0.4720
442.6150,174.6950,0.8190,693991414928200,0.1230,0.4720
441.3960,175.3440,0.8270,693991431169500,0.1230,0.4720
439.9630,175.9660,0.8350,693991431252100,0.1230,0.4720
437.1270,177.2640,0.8420,693991447355700,0.1230,0.4720
434.8400,178.0940,0.8500,693991447427800,0.1230,0.4720
431.8520,179.2360,0.8570,693991447429400,0.1230,0.4720
428.7120,180.2990,0.8630,693991447430100,0.1230,0.4720
425.5100,181.2590,0.8680,693991447430900,0.1230,0.4720
422.2170,182.1420,0.8730,693991463594700,0.1230,0.4720
418.9240,182.9980,0.8780,693991463638300,0.1230,0.4720
382.4260,184.8660,0.5810,693991516655500,0.1230,0.4720
381.7250,184.5550,0.5520,693991533136900,0.1230,0.4720
381.1450,184.2950,0.5530,693991533198800,0.1230,0.4720
380.6580,183.9580,0.5570,693991533200800,0.1230,0.4720
380.2920,183.6460,0.5560,693991549369200,0.1230,0.4720
379.5900,182.6350,0.5610,693991549468500,0.1230,0.4900
379.5290,182.2710,0.5590,693991565392500,0.1220,0.5060
379.6510,181.8300,0.5580,693991565484100,0.1220,0.5060
379.8040,181.2590,0.5640,693991582433500,0.1220,0.5060
380.1090,180.5590,0.5590,693991582830600,0.1220,0.5060
380.7490,179.6510,0.5600,693991582832400,0.1220,0.5060
381.6640,178.7430,0.5580,693991582833400,0.1220,0.5060
382.7310,177.8860,0.5610,693991599524700,0.1220,0.5060
383.9510,177.0300,0.5590,693991599605000,0.1220,0.5060
386.6640,175.7070,0.5600,693991599606600,0.1220,0.5060
388.6460,174.8510,0.5560,693991615403900,0.1220,0.5060
390.2930,174.2800,0.5600,693991615466200,0.1220,0.5060
391.7870,173.8910,0.5570,693991615467800,0.1220,0.5060
393.4330,173.6310,0.5590,693991615468400,0.1220,0.5060
394.9880,173.4760,0.5570,693991632282400,0.1220,0.5060
396.7570,173.4760,0.5530,693991632337100,0.1220,0.5060
398.4950,173.5790,0.5560,693991649508000,0.1220,0.5060
400.1410,173.8390,0.5520,693991649588800,0.1220,0.5060
401.8180,174.2280,0.5580,693991649590600,0.1220,0.5060
403.3130,174.6950,0.5580,693991649591300,0.1220,0.5060
404.6240,175.2920,0.5580,693991665559800,0.1220,0.5060
405.9040,175.9660,0.5550,693991665651900,0.1220,0.5060
406.9710,176.7710,0.5540,693991665654000,0.1220,0.5060
407.8250,177.6270,0.5600,693991665654700,0.1220,0.5060
408.5260,178.6390,0.5620,693991665655500,0.1220,0.5060
409.0140,179.7550,0.5670,693991682619300,0.1220,0.5060
409.2280,180.7150,0.5800,693991682698400,0.1220,0.5060
409.2580,181.6750,0.5890,693991698835300,0.1220,0.5060
409.0450,182.9980,0.6040,693991698909400,0.1220,0.5060
408.6180,184.3470,0.6270,693991698911100,0.1220,0.5060
407.9780,185.6700,0.6340,693991698911700,0.1220,0.5060
407.1240,187.0450,0.6490,693991714652700,0.1220,0.5060
405.4770,189.6140,0.6530,693991714724900,0.1220,0.5060
403.6780,191.8970,0.6590,693991731112000,0.1220,0.5060
401.6350,194.0770,0.6600,693991731194700,0.1220,0.5060
399.4710,195.9970,0.6640,693991731196400,0.1220,0.5060
396.9090,197.8650,0.6480,693991731197000,0.1220,0.5060
394.4090,199.5250,0.6500,693991747492400,0.1220,0.5060
391.9090,201.0560,0.6480,693991747561300,0.1220,0.5060
389.1650,202.5090,0.6490,693991763651300,0.1220,0.5060
386.2990,203.8320,0.6490,693991763695200,0.1220,0.5060
383.2190,204.8960,0.6550,693991763697000,0.1220,0.5060
380.0780,205.8560,0.6520,693991763697900,0.1220,0.5060
377.5170,206.4530,0.6570,693991780218600,0.1410,0.5070
374.0410,207.1540,0.6530,693991780326700,0.1580,0.5070
371.3880,207.5690,0.6350,693991780328400,0.1580,0.5070
369.2540,207.7760,0.6170,693991780329000,0.1750,0.5060
367.4240,207.9840,0.5930,693991796164200,0.1750,0.5060
365.6870,208.0360,0.5560,693991796199300,0.1750,0.5060
363.8570,208.0360,0.5030,693991812241100,0.1930,0.5070
374.7420,140.7580,0.3260,693991945545400,0.1400,0.4550
375.6880,138.8900,0.4950,693991961308500,0.1410,0.4720
376.4500,137.5150,0.5860,693991961429400,0.1410,0.4720
377.0290,136.5030,0.6370,693991961431900,0.1410,0.4720
377.5170,135.6980,0.6660,693991977176500,0.1410,0.4720
377.9440,135.0500,0.6850,693991977255700,0.1410,0.4720
378.3100,134.5310,0.7010,693991977257800,0.1410,0.4720
378.6760,133.9860,0.7170,693991977258500,0.1410,0.4900
379.0420,133.5710,0.7330,693991993572100,0.1410,0.5070
379.4380,133.1820,0.7480,693991993671400,0.1410,0.5070
379.7430,132.8700,0.7630,693992009746200,0.1410,0.5070
380.0780,132.6630,0.7760,693992009846100,0.1410,0.5070
380.4440,132.5590,0.8170,693992009847600,0.1410,0.5070
381.8160,133.0260,0.5640,693992027138100,0.1580,0.5250
382.0300,133.3630,0.5410,693992027191000,0.1580,0.5250
382.1520,133.7260,0.5640,693992043482700,0.1580,0.5250
382.2130,134.1420,0.5750,693992043628800,0.1580,0.5250
382.2430,134.6350,0.5660,693992059430000,0.1580,0.5250
382.3040,135.1540,0.5530,693992059494400,0.1580,0.5250
382.3040,135.7500,0.5240,693992059495900,0.1580,0.5250
382.2430,136.5550,0.4830,693992059496600,0.1580,0.5250
348.9470,90.6820,0.0080,693992497479800,0.0360,0.5070
349.0080,90.5260,0.0310,693992497494900,0.0360,0.5070
349.0990,90.2410,0.0950,693992513553500,0.0360,0.5070
349.1600,90.0850,0.1300,693992513637400,0.0360,0.5070
349.2520,89.9300,0.1950,693992529708900,0.0360,0.5070
349.5260,90.2930,0.3330,693992563481100,0.0360,0.5070
349.6790,90.6300,0.3580,693992563578200,0.0360,0.5070
349.8010,91.0450,0.3820,693992563601800,-0.0530,0.5080
349.8920,91.5380,0.4050,693992563602900,-0.0530,0.5080
350.0750,92.2130,0.4280,693992563604100,-0.0530,0.5080
350.2280,93.0690,0.4500,693992580366500,-0.0530,0.5080
350.4410,94.4180,0.4700,693992580408700,-0.0530,0.5080
350.6540,95.7420,0.4900,693992580410600,-0.0520,0.5250
350.8680,97.1690,0.5080,693992580411200,-0.0520,0.5250
351.0810,98.5700,0.5250,693992597177300,-0.0520,0.5250
351.2340,100.0490,0.5410,693992597265200,-0.0520,0.5250
351.3860,101.5540,0.5570,693992613326200,-0.0520,0.5250
351.5690,103.0840,0.5710,693992613408300,-0.0520,0.5250
351.6610,104.6930,0.5850,693992613430200,-0.0510,0.5410
351.8130,106.3280,0.5980,693992613431000,-0.0510,0.5410
351.9960,108.0400,0.6120,693992629915500,-0.0510,0.5410
352.2090,109.8560,0.6250,693992629962400,-0.0510,0.5410
352.3620,111.8280,0.6380,693992629963900,-0.0510,0.5410
352.5750,113.9040,0.6510,693992646585800,-0.0510,0.5410
352.9410,117.7440,0.6650,693992646656700,-0.0510,0.5410
353.0940,120.5720,0.6800,693992646658300,-0.0510,0.5410
353.3070,122.9590,0.6950,693992646658900,-0.0510,0.5410
353.7040,126.6430,0.7100,693992646659400,-0.0510,0.5410
353.9470,129.4190,0.7260,693992663468300,-0.0510,0.5410
354.2220,131.7030,0.7410,693992663508500,-0.0510,0.5410
354.6490,135.2570,0.7550,693992680609800,-0.0510,0.5410
354.9540,138.0340,0.7690,693992680712200,-0.0510,0.5410
355.2280,140.3430,0.7820,693992680714200,-0.0520,0.5250
355.4420,142.3150,0.7940,693992680714800,-0.0520,0.5250
355.7160,144.3380,0.8050,693992696650000,-0.0520,0.5250
356.1430,148.0490,0.8160,693992696695800,-0.0520,0.5250
356.4170,150.7730,0.8260,693992696697400,-0.0520,0.5250
356.6310,153.0560,0.8360,693992696698000,-0.0520,0.5250
356.7220,155.0280,0.8440,693992696698500,-0.0520,0.5250
356.8440,157.0520,0.8530,693992713702400,-0.0520,0.5250
356.7830,159.1280,0.8610,693992713792000,-0.0520,0.5250
356.6310,161.2810,0.8690,693992730136900,-0.0520,0.5250
356.2950,165.1470,0.8770,693992730204900,-0.0520,0.5250
355.7160,168.5720,0.8860,693992730206500,-0.0520,0.5250
355.1670,171.1150,0.8940,693992730207100,-0.0520,0.5250
354.2830,174.3320,0.9020,693992746491600,-0.0520,0.5250
353.1550,177.2640,0.9100,693992746589400,-0.0520,0.5250
351.8740,180.1180,0.9180,693992762481700,-0.0520,0.5250
350.5020,182.8940,0.9270,693992762516700,-0.0520,0.5250
348.8860,185.6180,0.9360,693992762518400,-0.0530,0.5080
347.1480,188.2390,0.9470,693992762519100,-0.0520,0.4900
345.2580,190.6780,0.9570,693992762519600,-0.0520,0.4900
343.3370,193.1950,0.9790,693992778797300,-0.0520,0.4730
341.3240,195.4780,0.9880,693992778864300,-0.0520,0.4550
339.1900,197.7090,0.9980,693992778866200,-0.0520,0.4550
336.9940,199.8370,1.0000,693992778866800,-0.0520,0.4550
334.7690,201.8610,1.0000,693992794978700,-0.0520,0.4550
332.2680,203.7810,1.0000,693992795258800,-0.0520,0.4550
329.8590,205.5970,1.0000,693992811233600,-0.0520,0.4550
327.2980,207.3090,1.0000,693992811332400,-0.0520,0.4550
324.7060,209.0480,1.0000,693992811335500,-0.0520,0.4550
321.9930,210.6560,1.0000,693992811336300,-0.0520,0.4550
319.0960,212.2130,1.0000,693992827171100,-0.0520,0.4550
316.1690,213.6400,1.0000,693992827248800,-0.0520,0.4550
313.2420,214.8590,1.0000,693992827251000,-0.0520,0.4550
310.2540,215.9750,1.0000,693992843652800,-0.0520,0.4550
307.8140,216.6760,1.0000,693992843748900,-0.0520,0.4550
305.6800,217.1170,1.0000,693992843750900,-0.0520,0.4550
303.6980,217.4280,1.0000,693992843751600,-0.0340,0.4550
300.0390,217.8430,1.0000,693992860258700,-0.0340,0.4550
297.2650,217.9470,1.0000,693992860293400,-0.0340,0.4550
295.1300,217.8430,1.0000,693992876493800,-0.0340,0.4550
293.2700,217.6880,1.0000,693992876590500,-0.0340,0.4550
291.3800,217.3240,1.0000,693992876592100,-0.0340,0.4550
288.1480,216.5720,1.0000,693992876592800,-0.0340,0.4550
285.8910,215.8190,1.0000,693992876610300,-0.0340,0.4550
284.1530,214.9630,1.0000,693992892648600,-0.0340,0.4550
282.6590,214.2370,1.0000,693992892716500,-0.0340,0.4550
280.1900,212.6800,1.0000,693992892718400,-0.0340,0.4550
278.4520,211.4090,1.0000,693992892719000,-0.0340,0.4550
277.0490,210.2410,1.0000,693992908836400,-0.0340,0.4550
275.8900,209.1770,1.0000,693992908940300,-0.0340,0.4550
273.9080,206.8680,1.0000,693992908941900,-0.0340,0.4550
272.1700,204.4810,1.0000,693992925412200,-0.0340,0.4550
270.9200,202.6130,1.0000,693992925461700,-0.0340,0.4550
270.0670,200.9010,1.0000,693992925463200,-0.0340,0.4550
268.7550,198.1500,1.0000,693992925464000,-0.0340,0.4550
267.9630,196.0490,1.0000,693992925475400,-0.0340,0.4550
267.4140,194.2580,1.0000,693992941829100,-0.0340,0.4550
267.1090,192.5980,1.0000,693992941921700,-0.0340,0.4550
266.9260,190.7820,1.0000,693992958109800,-0.0340,0.4550
267.0480,188.9140,1.0000,693992958187900,-0.0340,0.4550
267.3220,186.8900,1.0000,693992958190100,-0.0340,0.4550
268.8470,182.0900,1.0000,693992958190700,-0.0340,0.4550
270.2490,178.8980,1.0000,693992974696900,-0.0340,0.4550
272.8110,174.8510,1.0000,693992974795400,-0.0340,0.4550
275.5550,171.2440,1.0000,693992991403900,-0.0340,0.4550
278.6650,167.9750,1.0000,693992991479400,-0.0340,0.4550
281.0130,165.7440,1.0000,693992991481500,-0.0340,0.4550
284.4580,162.8640,1.0000,693992991482400,0.0180,0.4550
287.0810,160.9960,1.0000,693992991483000,0.0180,0.4730
291.0140,158.6610,1.0000,693993007606900,0.0360,0.4720
293.6970,157.1560,1.0000,693993007702300,0.0530,0.4730
296.4110,155.7810,1.0000,693993023575200,0.0710,0.4730
298.4840,154.8210,1.0000,693993023640100,0.0880,0.4900
300.2530,154.1720,1.0000,693993023641600,0.0880,0.4900
301.7770,153.6530,1.0000,693993023642200,0.0880,0.4900
303.3320,153.1600,0.9850,693993023642800,0.0880,0.4900
304.8260,152.6930,0.9320,693993039633900,0.0880,0.4900
306.3810,152.2780,0.7770,693993039685300,0.0880,0.4900
307.7530,151.7330,0.6470,693993039687200,0.0880,0.4720
308.9730,151.1360,0.5390,693993039687900,0.0880,0.4540
244.6060,175.7590,0.2960,693993853009800,0.0700,0.4020
244.9420,175.8630,0.4470,693993853102600,0.0710,0.4190
245.2470,176.0180,0.5240,693993853104700,0.0710,0.4190
245.5520,176.1220,0.5630,693993853105700,0.0710,0.4190
245.8870,176.3040,0.5830,693993869672400,0.0710,0.4190
246.1920,176.4590,0.5930,693993869772300,0.0710,0.4190
246.5270,176.5630,0.5980,693993885799200,0.0710,0.4190
246.8020,176.6670,0.6020,693993885895800,0.0710,0.4190
247.0150,176.7710,0.6050,693993885897800,0.0710,0.4190
247.2290,176.8750,0.6090,693993885898400,0.0710,0.4190
247.3810,176.9270,0.6140,693993902772200,0.0710,0.4190
247.4730,177.0300,0.6210,693993902847100,0.0710,0.4190
247.6860,177.2120,0.6350,693993902869700,0.0710,0.4190
247.8080,177.3160,0.6420,693993902870300,0.0710,0.4190
247.8690,177.5750,0.6590,693993918706700,-0.0880,0.4210
247.6560,177.8860,0.6770,693993935599000,-0.0880,0.4210
247.3200,178.0940,0.6850,693993935698200,-0.0880,0.4210
246.9540,178.3790,0.6940,693993935700100,-0.0880,0.4210
246.3750,178.6390,0.7020,693993935700700,-0.0880,0.4210
245.7350,178.8460,0.7100,693993951733600,-0.0880,0.4210
244.9720,179.0540,0.7170,693993951813400,-0.0880,0.4210
244.2410,179.2360,0.7240,693993968685200,-0.0880,0.4210
243.3870,179.3390,0.7310,693993968784600,-0.0880,0.4210
242.5330,179.3910,0.7370,693993968786100,-0.0880,0.4210
241.6790,179.4430,0.7430,693993968786700,-0.0880,0.4210
240.8260,179.3910,0.7490,693993985015900,-0.0880,0.4210
239.9110,179.2360,0.7550,693993985074200,-0.0880,0.4210
239.0570,179.0540,0.7600,693993985075800,-0.0880,0.4210
237.7760,178.7430,0.7650,693993985076400,-0.0880,0.4210
236.6180,178.3280,0.7710,693994001269500,-0.0880,0.4210
235.4900,177.8350,0.7760,693994001366400,-0.0880,0.4210
234.4830,177.3160,0.7810,693994018192400,-0.0880,0.4210
233.5380,176.6670,0.7870,693994018228600,-0.0880,0.4210
232.6230,175.9660,0.7930,693994018230200,-0.0880,0.4210
231.7700,175.2400,0.7990,693994018230800,-0.0870,0.4370
231.0070,174.4880,0.8040,693994018231400,-0.0870,0.4550
230.3670,173.7350,0.8100,693994034582400,-0.0870,0.4550
229.9100,173.0350,0.8170,693994034702300,-0.0870,0.4550
229.4830,172.4640,0.8230,693994051380200,-0.0870,0.4550
229.0870,171.8150,0.8290,693994051443200,-0.0870,0.4550
228.7210,171.1670,0.8360,693994051445000,-0.0870,0.4550
228.4160,170.5960,0.8430,693994051445600,-0.0870,0.4550
228.2020,169.9470,0.8490,693994051446100,-0.0870,0.4550
227.9890,169.4280,0.8560,693994067538300,-0.0870,0.4720
227.9280,168.9350,0.8630,693994067620500,-0.0870,0.4720
227.8360,168.5200,0.8700,693994084464700,-0.0870,0.4720
227.8670,168.0790,0.8760,693994084565500,-0.0870,0.4720
227.9280,167.6640,0.8820,693994084567100,-0.0870,0.4720
228.0800,167.2490,0.8880,693994084585100,-0.0870,0.4720
228.3550,166.7040,0.8930,693994101400600,-0.0870,0.4720
228.7820,166.2370,0.8970,693994101504800,-0.0870,0.4720
229.2690,165.8480,0.9010,693994101506700,-0.0870,0.4720
229.8490,165.4840,0.9050,693994101507400,-0.0870,0.4720
230.4280,165.2770,0.9090,693994101507900,-0.0870,0.4720
231.0070,165.0950,0.9110,693994118057000,-0.0870,0.4720
231.5560,165.0430,0.9140,693994118130300,-0.0870,0.4720
232.0750,165.0950,0.9160,693994134297200,-0.0870,0.4720
232.8370,165.3290,0.9180,693994134407700,-0.0870,0.4720
233.5380,165.5880,0.9200,693994134409600,-0.0870,0.4720
234.6360,166.1590,0.9210,693994134410300,-0.0870,0.4720
235.6420,166.8080,0.9230,693994134426600,-0.0870,0.4720
236.5570,167.6120,0.9240,693994151088400,-0.0870,0.4720
237.4720,168.4160,0.9250,693994151167700,-0.0870,0.4720
238.2640,169.3240,0.9270,693994167239200,-0.0870,0.4720
238.9050,170.3360,0.9280,693994167338800,-0.0870,0.4720
239.5450,171.3480,0.9290,693994167340900,-0.0870,0.4720
240.0630,172.4120,0.9300,693994167341500,-0.0870,0.4720
240.4900,173.4760,0.9310,693994183237600,-0.0870,0.4720
240.8260,174.4360,0.9320,693994183288500,-0.0870,0.4720
240.9780,175.2920,0.9320,693994183290000,-0.0870,0.4720
240.9780,176.0700,0.9330,693994183290700,-0.0870,0.4720
240.9170,176.9270,0.9340,693994183291400,-0.0870,0.4720
240.7040,177.7830,0.9350,693994199459200,-0.0870,0.4720
240.3380,179.0540,0.9360,693994199559400,-0.0870,0.4720
239.7580,180.2480,0.9370,693994216613300,-0.0870,0.4720
238.9660,181.4670,0.9370,693994216711500,-0.0870,0.4720
238.1120,182.5830,0.9380,693994216713200,-0.0870,0.4720
237.0450,183.6980,0.9390,693994216713800,-0.0870,0.4720
235.8560,184.6580,0.9400,693994233207800,-0.0870,0.4720
234.5750,185.6180,0.9410,693994233272000,-0.0870,0.4720
232.1360,187.2270,0.9420,693994249520400,-0.0870,0.4720
230.2760,188.3430,0.9430,693994249612000,-0.0870,0.4720
228.7210,189.1210,0.9440,693994249630500,-0.0870,0.4720
227.3490,189.6660,0.9450,693994249631700,-0.0870,0.4720
225.9460,190.2110,0.9460,693994249632400,-0.0870,0.4720
224.5130,190.6260,0.9460,693994265686500,-0.0870,0.4720
223.1410,190.9890,0.9470,693994265776700,-0.0870,0.4720
221.7080,191.3270,0.9480,693994282691900,-0.0870,0.4720
220.3660,191.5340,0.9480,693994282788500,-0.0870,0.4720
219.2380,191.6900,0.9490,693994282790100,-0.0870,0.4720
218.2930,191.6900,0.9510,693994282790800,-0.0870,0.4720
217.4390,191.6380,0.9520,693994282791300,-0.0870,0.4720
216.5850,191.5860,0.9540,693994298708200,-0.0870,0.4720
215.7310,191.4820,0.9570,693994298781600,-0.0870,0.4720
214.8780,191.2750,0.9590,693994298798400,-0.0870,0.4720
213.6890,190.9370,0.9630,693994298799200,-0.0870,0.4720
212.7430,190.5740,0.9680,693994315579200,-0.0870,0.4720
211.9510,190.2110,0.9810,693994315676700,-0.0870,0.4720
210.9750,189.5620,0.9910,693994331665000,-0.0870,0.4720
210.0300,188.9140,1.0000,693994331761100,-0.0870,0.4720
209.1760,188.1870,1.0000,693994331762700,-0.0870,0.4720
208.3830,187.3310,1.0000,693994331763600,-0.0870,0.4720
207.6210,186.3710,1.0000,693994331764300,-0.0870,0.4720
206.8890,185.3590,1.0000,693994347668300,-0.0870,0.4720
206.2490,184.2430,1.0000,693994347705200,-0.0870,0.4720
205.6390,182.9980,1.0000,693994364547000,-0.0870,0.4720
205.1210,181.7780,1.0000,693994364651900,-0.0870,0.4720
204.6330,180.4550,1.0000,693994364653400,-0.0870,0.4720
204.2060,179.0540,1.0000,693994364654200,-0.0870,0.4720
203.7790,177.6790,1.0000,693994364654800,-0.0870,0.4720
203.4130,176.2000,1.0000,693994381185400,-0.0870,0.4720
203.1080,174.6430,1.0000,693994381255300,-0.0870,0.4720
202.8340,173.0350,1.0000,693994397441000,-0.0870,0.4720
202.4980,171.3480,1.0000,693994397505500,-0.0870,0.4720
202.1930,169.5840,1.0000,693994397507000,-0.0870,0.4720
201.9190,167.7160,1.0000,693994397507800,-0.0870,0.4720
201.6140,165.8480,1.0000,693994413764000,-0.0870,0.4900
201.3400,163.8240,1.0000,693994413863500,-0.0870,0.4900
200.7600,159.9840,1.0000,693994413865700,-0.0870,0.5060
200.2720,156.2740,1.0000,693994413866300,-0.0870,0.5060
199.8460,152.6410,1.0000,693994413867400,-0.0870,0.5060
199.4190,149.8650,1.0000,693994430047400,-0.0870,0.5060
199.0530,147.6340,1.0000,693994430117300,-0.0870,0.5060
198.8390,145.7650,1.0000,693994446368400,-0.0870,0.5060
198.5650,143.8970,1.0000,693994446411200,-0.0870,0.5060
198.2600,142.1330,1.0000,693994446412700,-0.0870,0.5060
197.9860,140.4460,1.0000,693994446413300,-0.0870,0.5240
197.7720,138.8900,1.0000,693994462586100,-0.0870,0.5240
197.5590,137.5150,1.0000,693994462703300,-0.0870,0.5240
197.2840,136.1650,1.0000,693994462706700,-0.0870,0.5240
197.1320,135.1020,1.0000,693994479518300,-0.0870,0.5240
197.0100,134.2450,1.0000,693994479578900,-0.0870,0.5240
196.8570,133.5190,1.0000,693994479580500,-0.0870,0.5240
196.7660,132.8180,1.0000,693994479581100,-0.0870,0.5240
196.6440,132.2220,1.0000,693994495924900,-0.0870,0.5240
196.5530,131.7550,1.0000,693994495988900,-0.0870,0.5420
196.4920,131.2620,1.0000,693994512503100,-0.0870,0.5420
196.4310,130.8980,1.0000,693994512567300,-0.0870,0.5420
196.3390,130.4830,1.0000,693994512569000,-0.0870,0.5420
196.2780,130.1460,1.0000,693994512570200,-0.0870,0.5420
196.2170,129.8350,1.0000,693994512586900,-0.0870,0.5420
196.1560,129.5750,1.0000,693994528530300,-0.0870,0.5420
196.1560,129.2900,1.0000,693994528633800,-0.0870,0.5420
196.1260,128.9780,1.0000,693994544937200,-0.0870,0.5420
196.3390,128.9270,1.0000,693994545010800,-0.0870,0.5420
196.5830,129.2380,0.9840,693994561224800,-0.0870,0.5420
196.9790,129.4710,0.9430,693994561340500,-0.0870,0.5240
218.3230,145.9730,0.8660,693994644086200,0.0000,0.3840
218.6590,146.0770,0.7980,693994644129800,0.0000,0.3840
218.9330,146.1810,0.7640,693994644131600,0.0000,0.3840
219.1460,146.3100,0.7460,693994659851700,0.0000,0.3840
219.2990,146.4140,0.7260,693994659950200,0.0000,0.3840
219.5120,146.5180,0.7260,693994676172100,0.0000,0.4010
219.6650,146.5700,0.7300,693994676286800,0.0000,0.4190
220.0310,146.6220,0.7490,693994676289100,0.0000,0.4540
220.2440,146.6220,0.7610,693994676289700,0.0000,0.4710
220.5190,146.6220,0.7740,693994692254800,0.0000,0.4710
221.0980,146.6220,0.7860,693994692354100,0.0000,0.4710
222.0130,146.6220,0.7990,693994708492500,0.0000,0.4710
223.5680,146.5180,0.8100,693994708598800,-0.0350,0.4720
225.3670,146.4140,0.8210,693994708617200,-0.0350,0.4720
227.2270,146.2320,0.8310,693994708618100,-0.0350,0.4720
229.3000,146.0250,0.8410,693994724658500,-0.0350,0.4720
233.2030,145.7140,0.8490,693994724755700,-0.0350,0.4720
235.9780,145.4540,0.8570,693994724757500,-0.0350,0.4720
238.1730,145.2210,0.8640,693994741457800,-0.0350,0.4720
239.9720,145.0650,0.8710,693994741520600,-0.0350,0.4720
241.7400,144.9090,0.8770,693994741522100,-0.0350,0.4720
243.4480,144.7530,0.8820,693994741522700,-0.0350,0.4720
245.0330,144.6500,0.8870,693994757700100,-0.0350,0.4720
246.3140,144.5980,0.8910,693994757786700,-0.0350,0.4720
247.3200,144.5460,0.8930,693994774709300,-0.0350,0.4720
248.1130,144.5460,0.8920,693994774804400,-0.0350,0.4720
248.7530,144.5460,0.8840,693994774805900,-0.0350,0.4720
249.3020,144.5980,0.8730,693994774806500,-0.0350,0.4720
249.6680,144.7530,0.8560,693994791435700,-0.0350,0.4720
249.9420,144.9090,0.8330,693994791510300,-0.0350,0.4720
250.0030,145.0650,0.8170,693994791512000,-0.0350,0.4720
249.8810,145.4020,0.7860,693994791512600,-0.0350,0.4720
249.3630,145.9210,0.7360,693994791513200,-0.0350,0.4720
248.2350,146.7770,0.6130,693994807707100,-0.0350,0.4720
245.6740,148.3860,0.5110,693994807739200,-0.0340,0.4900
242.8990,149.6570,0.4260,693994823956300,-0.0350,0.5070
165.2690,168.8830,0.2900,693995038842200,0.0000,0.4540
165.0550,168.0270,0.4350,693995038895900,0.0000,0.4710
164.8720,167.3520,0.5090,693995054628500,0.0000,0.4890
164.7200,166.7560,0.5470,693995054715300,0.0000,0.5060
164.6280,166.2890,0.5670,693995054733500,0.0000,0.5060
164.4760,165.8480,0.5790,693995054734400,0.0000,0.5060
164.4150,165.4840,0.5880,693995071636500,0.0000,0.5060
164.2930,165.0950,0.5990,693995071731900,0.0000,0.5060
164.2620,164.7840,0.6120,693995087849100,0.0000,0.5060
164.2020,164.5240,0.6270,693995087950400,0.0000,0.5060
164.1410,164.2650,0.6420,693995087952300,0.0000,0.5060
164.1410,164.0310,0.6570,693995087953300,0.0000,0.5060
164.0800,163.7200,0.6850,693995104447200,0.0000,0.5060
164.2020,163.4610,0.7070,693995104551800,0.0000,0.5060
164.4150,163.3050,0.7260,693995120603500,0.0000,0.5060
164.6890,163.3570,0.7410,693995136684100,0.0000,0.5060
165.1470,163.6160,0.7540,693995136781800,0.0000,0.5060
165.4820,163.8760,0.7590,693995136783500,0.0000,0.5060
165.9390,164.2650,0.7640,693995136784100,0.0000,0.5060
166.3660,164.7320,0.7690,693995153418500,0.0000,0.5060
166.7930,165.2770,0.7730,693995153480600,0.0000,0.5060
167.2200,165.8990,0.7780,693995169732500,0.0000,0.5060
167.8300,166.9630,0.7820,693995169832300,0.0000,0.5060
168.4090,167.9750,0.7850,693995169850900,0.0000,0.5060
168.8970,169.0390,0.7890,693995169851900,0.0180,0.5080
169.3240,170.1550,0.7930,693995186502400,0.0360,0.5070
169.6290,171.1670,0.7970,693995186536700,0.0540,0.5080
169.8420,172.0750,0.8000,693995202714400,0.0700,0.5060
169.9640,172.9310,0.8040,693995202814400,0.0700,0.5060
169.9950,173.7870,0.8080,693995202816000,0.0700,0.5060
169.9950,174.6950,0.8120,693995202816600,0.0700,0.5060
169.9030,175.6550,0.8160,693995202817200,0.0700,0.5060
169.5680,177.0300,0.8190,693995219478100,0.0700,0.5060
169.1110,178.3790,0.8230,693995219510900,0.0880,0.5060
168.5010,179.6510,0.8270,693995219512700,0.0880,0.5060
167.7690,180.8700,0.8300,693995219522800,0.0880,0.5060
166.9150,182.0380,0.8340,693995236432300,0.0880,0.5060
165.9390,183.0500,0.8370,693995236486300,0.0880,0.5060
164.9330,184.0100,0.8400,693995236488000,0.0880,0.5060
163.9270,184.8140,0.8430,693995253262500,0.0880,0.5060
162.7990,185.5150,0.8470,693995253307400,0.0880,0.5060
161.7320,186.0340,0.8500,693995253309200,0.1060,0.5070
160.7860,186.4230,0.8530,693995253309800,0.1060,0.5070
160.0240,186.6300,0.8550,693995253310800,0.1060,0.5070
159.2920,186.7860,0.8580,693995270179100,0.1060,0.5070
158.5000,186.7860,0.8610,693995270241200,0.1060,0.5070
157.7070,186.7860,0.8640,693995287023100,0.1060,0.5070
156.8840,186.6300,0.8670,693995287063800,0.1060,0.5070
155.7250,186.2670,0.8700,693995287066400,0.1060,0.5070
154.5970,185.7740,0.8730,693995287067000,0.1060,0.5070
153.5300,185.1250,0.8760,693995303908800,0.1060,0.5070
152.4320,184.4510,0.8800,693995303941900,0.1060,0.5070
151.3950,183.5950,0.8830,693995303943600,0.1060,0.5070
150.5110,182.6860,0.8860,693995320822200,0.1060,0.5070
149.6570,181.6230,0.8890,693995320856500,0.1060,0.5070
148.8040,180.5070,0.8920,693995320858400,0.1060,0.5070
147.9800,179.2360,0.8940,693995320859000,0.1060,0.5070
147.1880,177.9380,0.8970,693995320859700,0.1060,0.5070
146.3950,176.6670,0.8990,693995337687100,0.1060,0.5070
145.8760,175.3960,0.9010,693995337721600,0.1060,0.5070
145.2670,174.1500,0.9030,693995354569600,0.1060,0.5070
144.8400,173.0350,0.9050,693995354635000,0.1060,0.5070
144.4740,172.1780,0.9060,693995354636700,0.1060,0.5070
144.2600,171.4520,0.9080,693995354637600,0.1060,0.5070
144.0470,170.8550,0.9090,693995371439600,0.1060,0.5070
143.8330,170.3880,0.9110,693995371535900,0.1060,0.5070
143.6810,169.9990,0.9120,693995371538000,0.1060,0.5070
143.5590,169.7390,0.9130,693995371538800,0.1060,0.5070
143.4680,169.4280,0.9140,693995371539400,0.1060,0.5070
143.3460,169.2210,0.9150,693995388344900,0.1060,0.5070
143.3150,169.0390,0.9150,693995388427100,0.1060,0.5070
143.1930,168.8830,0.9160,693995405222000,0.1060,0.5070
143.1020,169.5320,0.9170,693995422114900,0.1060,0.5070
143.0410,169.9990,0.9180,693995422177000,0.1060,0.5070
142.9800,170.5440,0.9180,693995438984200,0.1060,0.5070
142.9190,171.2960,0.9180,693995439027400,0.1060,0.5070
142.7660,172.0750,0.9190,693995439029000,0.1060,0.5070
142.6140,172.9310,0.9190,693995439029700,0.1060,0.5070
142.4610,173.7870,0.9190,693995439030300,0.1060,0.5070
142.0650,175.1100,0.9190,693995455874100,0.1060,0.5070
141.7600,176.3560,0.9190,693995455918300,0.1060,0.5070
141.1810,177.5230,0.9190,693995472758900,0.1060,0.5070
140.5400,178.6910,0.9200,693995472803100,0.1060,0.5070
139.9610,179.7030,0.9200,693995472804800,0.1060,0.5070
139.3510,180.7150,0.9200,693995472805600,0.1060,0.5070
138.6810,181.6230,0.9200,693995472806300,0.1060,0.5070
137.9180,182.3750,0.9210,693995489678600,0.1060,0.5070
137.2780,182.9980,0.9210,693995489719400,0.1060,0.5070
136.5770,183.4910,0.9220,693995505705600,0.1060,0.5070
135.9970,183.8020,0.9220,693995505770500,0.1060,0.5070
135.3260,184.0620,0.9230,693995505774900,0.1060,0.5070
134.6250,184.2950,0.9240,693995505817900,0.1060,0.5070
133.9850,184.3470,0.9240,693995505818900,0.1060,0.5070
133.3450,184.2950,0.9250,693995522365500,0.1060,0.5070
132.5820,184.1910,0.9260,693995522399900,0.1060,0.5070
131.8500,183.9580,0.9270,693995538365900,0.1060,0.5070
130.7830,183.4390,0.9280,693995538400300,0.1060,0.5070
129.7770,182.7900,0.9290,693995538401900,0.1060,0.5070
128.9230,181.9860,0.9300,693995538402600,0.1220,0.5060
128.1310,181.0260,0.9310,693995554428700,0.1220,0.5060
127.4900,180.0140,0.9310,693995554462400,0.1220,0.5060
126.9410,178.9500,0.9320,693995554464000,0.1220,0.5060
126.5150,177.8350,0.9320,693995554465100,0.1220,0.5060
126.2100,176.8750,0.9330,693995554480700,0.1220,0.5060
125.9960,176.0700,0.9330,693995570839700,0.1220,0.5060
125.8130,175.3960,0.9330,693995570875400,0.1220,0.5060
125.7220,174.6950,0.9330,693995587703000,0.1220,0.5060
125.6000,174.0980,0.9330,693995587751500,0.1220,0.5060
125.5080,173.6310,0.9330,693995587753000,0.1220,0.5060
125.4470,173.1380,0.9330,693995587753600,0.1220,0.5060
125.3560,172.7750,0.9330,693995587754200,0.1220,0.5060
125.2950,172.4120,0.9320,693995603960500,0.1220,0.5060
125.2340,172.0750,0.9320,693995604059500,0.1220,0.5060
125.1730,171.8150,0.9310,693995620337000,0.1220,0.5060
125.1420,171.6080,0.9300,693995620449800,0.1220,0.5060
124.9600,171.3480,0.9280,693995620452500,0.1220,0.5060
124.8680,171.2440,0.9270,693995636754300,0.1220,0.5060
124.5020,171.3480,0.9260,693995653679900,0.1220,0.5060
124.2280,171.6080,0.9250,693995653719100,0.1220,0.5060
123.7090,172.0230,0.9250,693995653720200,0.1220,0.5060
123.1610,172.5680,0.9240,693995653720800,0.1220,0.5060
122.2460,173.3720,0.9240,693995653721300,0.1220,0.5060
121.3620,174.3320,0.9240,693995670438900,0.1220,0.5060
120.3860,175.2400,0.9240,693995670541800,0.1220,0.5060
119.4410,176.2520,0.9230,693995687192500,0.1220,0.5060
118.4650,177.2120,0.9230,693995687312600,0.1220,0.5060
117.4590,178.1460,0.9230,693995687314100,0.1220,0.5060
116.5130,179.0540,0.9230,693995687314700,0.1220,0.5060
115.5380,179.9620,0.9220,693995687315200,0.1220,0.5060
114.6230,180.7660,0.9220,693995703434900,0.1220,0.5060
113.7390,181.5190,0.9220,693995703485700,0.1220,0.5060
112.8240,182.2190,0.9220,693995703487200,0.1220,0.5060
112.0920,182.7380,0.9220,693995703487900,0.1220,0.5060
111.3910,183.1540,0.9220,693995719565600,0.1220,0.5060
110.7510,183.4910,0.9220,693995719664000,0.1220,0.5060
110.1100,183.7500,0.9230,693995719665500,0.1220,0.5060
109.4700,183.9580,0.9230,693995736629700,0.1220,0.5060
108.7690,184.1910,0.9230,693995736714700,0.1220,0.5060
108.1280,184.2430,0.9240,693995736716700,0.1410,0.5070
107.5490,184.2430,0.9250,693995736717400,0.1580,0.5070
106.8170,184.0620,0.9250,693995753466800,0.1580,0.5070
106.0550,183.8540,0.9260,693995753560500,0.1580,0.5070
104.9880,183.3350,0.9270,693995769877500,0.1580,0.5070
103.9210,182.6860,0.9280,693995769936900,0.1580,0.5070
102.9140,181.8300,0.9290,693995769938400,0.1580,0.5070
102.0000,180.8700,0.9300,693995769939200,0.1580,0.5070
101.1160,179.7030,0.9300,693995769940100,0.1580,0.5070
100.2010,178.4310,0.9310,693995786880100,0.1580,0.5070
98.5850,175.9660,0.9310,693995786977400,0.1580,0.5070
97.4260,174.0980,0.9320,693995786979200,0.1580,0.5070
96.5110,172.5160,0.9320,693995786979800,0.1580,0.5070
95.7800,171.0630,0.9320,693995803604500,0.1580,0.5070
94.9870,169.6360,0.9320,693995803661300,0.1580,0.5070
93.5230,166.9630,0.9320,693995820081700,0.1580,0.5070
92.5170,165.0430,0.9320,693995820176700,0.1580,0.5250
91.6630,163.6160,0.9310,693995820177900,0.1580,0.5420
90.9620,162.4490,0.9300,693995820178500,0.1580,0.5420
90.2910,161.2810,0.9300,693995820179100,0.1580,0.5420
89.5290,160.2690,0.9290,693995836665600,0.1580,0.5420
88.7360,159.0760,0.9280,693995836770300,0.1580,0.5420
88.0040,158.1160,0.9280,693995852805200,0.1580,0.5420
87.1810,157.2080,0.9270,693995852900100,0.1580,0.5420
86.3270,156.4290,0.9260,693995852901300,0.1580,0.5420
85.6870,155.7810,0.9250,693995852901900,0.1580,0.5420
85.0470,155.2620,0.9240,693995869341900,0.1580,0.5600
84.5280,154.8210,0.9230,693995869391500,0.1580,0.5600
83.9490,154.4570,0.9220,693995869392600,0.1580,0.5600
83.3700,154.1720,0.9210,693995869393200,0.1580,0.5600
82.7290,153.9640,0.9200,693995869393700,0.1580,0.5600
82.0890,153.8610,0.9190,693995885613400,0.1750,0.5590
81.4490,153.8610,0.9180,693995885708400,0.1750,0.5590
80.6250,154.0680,0.9170,693995902698800,0.1750,0.5590
79.4060,154.4050,0.9170,693995902789800,0.1750,0.5590
78.1860,155.0800,0.9160,693995902791400,0.1930,0.5600
76.9670,155.9880,0.9160,693995902792000,0.1930,0.5600
75.8380,157.0520,0.9160,693995918970400,0.1930,0.5600
74.8320,158.2970,0.9160,693995919064400,0.1930,0.5600
73.8560,159.6210,0.9160,693995934938200,0.1930,0.5600
73.0640,160.9960,0.9160,693995935005400,0.1930,0.5600
72.3930,162.3970,0.9160,693995935006900,0.1930,0.5600
71.8440,163.8240,0.9160,693995935007500,0.1930,0.5600
71.4780,165.1990,0.9160,693995935008400,0.1930,0.5600
71.3260,166.3920,0.9170,693995951655300,0.1930,0.5600
71.3260,167.3520,0.9170,693995951756400,0.1930,0.5600
71.4170,168.1830,0.9180,693995951758100,0.1930,0.5600
71.8440,169.4280,0.9180,693995968692900,0.1930,0.5600
72.4230,170.5440,0.9190,693995968791300,0.1930,0.5600
73.1860,171.5560,0.9200,693995968792600,0.1930,0.5600
74.0390,172.3600,0.9210,693995968793100,0.1930,0.5600
75.0460,173.0860,0.9210,693995984691400,0.1930,0.5600
76.2040,173.7350,0.9220,693995984783600,0.1930,0.5600
77.3320,174.2800,0.9220,693995984785300,0.1930,0.5600
78.5520,174.6950,0.9230,693995984785800,0.1930,0.5600
79.6800,175.1100,0.9230,693996000681100,0.1930,0.5600
80.6250,175.3960,0.9220,693996000766700,0.1930,0.5600
81.4490,175.6030,0.9210,693996016862700,0.1930,0.5600
82.0280,175.7590,0.9200,693996016955200,0.1930,0.5600
82.5160,175.9150,0.9190,693996016956500,0.1930,0.5600
82.9430,176.0700,0.9170,693996016957000,0.1930,0.5600
83.1870,176.2000,0.9150,693996016957500,0.1930,0.5600
83.3700,176.2520,0.9130,693996033648700,0.1930,0.5600
83.3700,176.3560,0.9120,693996033691500,0.1930,0.5600
82.9430,176.5630,0.9080,693996049817100,0.1930,0.5600
82.2420,176.7710,0.9060,693996049848400,0.1930,0.5600
81.3880,176.9780,0.9050,693996049849700,0.1930,0.5600
79.8940,177.3160,0.9030,693996066720500,0.1930,0.5600
78.2470,177.7310,0.9020,693996066834900,0.1930,0.5600
76.4790,178.1460,0.9010,693996066836500,0.1930,0.5600
74.6800,178.5870,0.9000,693996066837100,0.1930,0.5600
71.3560,179.4430,0.8980,693996066837600,0.1930,0.5600
69.1300,180.0660,0.8970,693996083585800,0.1930,0.5600
67.3010,180.6110,0.8960,693996083620800,0.2100,0.5600
65.7760,181.0780,0.8950,693996100474100,0.2100,0.5600
64.3430,181.6230,0.8940,693996100507800,0.2100,0.5600
62.9410,182.2190,0.8930,693996100508900,0.2100,0.5600
61.5990,182.7380,0.8930,693996100509500,0.2100,0.5600
60.3790,183.3870,0.8920,693996100510200,0.2100,0.5600
59.2210,184.0100,0.8910,693996116742900,0.2100,0.5600
58.0320,184.7620,0.8910,693996116834600,0.2100,0.5600
56.9640,185.4630,0.8900,693996132711100,0.2100,0.5600
55.9580,186.2670,0.8900,693996132781400,0.2100,0.5600
55.0740,186.9930,0.8890,693996132782600,0.2100,0.5600
54.1590,187.9020,0.8890,693996132783500,0.2100,0.5600
53.3060,188.7580,0.8890,693996148806400,0.2100,0.5600
52.5130,189.6140,0.8890,693996148902700,0.2100,0.5600
51.7500,190.6260,0.8890,693996148903900,0.2100,0.5600
51.0490,191.6900,0.8890,693996165683800,0.2100,0.5600
50.4090,192.8570,0.8900,693996165730300,0.2100,0.5600
49.8290,194.0770,0.8900,693996165731700,0.2100,0.5600
49.2500,195.3740,0.8910,693996165732700,0.2100,0.5600
48.7320,196.6450,0.8920,693996182750900,0.2100,0.5600
48.2440,197.9690,0.8930,693996182849800,0.2100,0.5600
47.8780,199.2660,0.8940,693996182851100,0.2100,0.5600
47.4820,200.5890,0.8950,693996182851600,0.2100,0.5600
47.1770,201.9640,0.8960,693996198740200,0.2100,0.5600
46.8410,203.4170,0.8970,693996198813400,0.2100,0.5600
46.5360,204.8960,0.8980,693996215614700,0.2100,0.5600
46.2620,206.4530,0.8990,693996215709400,0.2100,0.5600
46.0490,208.0360,0.9010,693996215711000,0.2100,0.5600
45.8960,209.6960,0.9030,693996215729700,0.2100,0.5600
45.7440,211.3050,0.9050,693996232582500,0.2100,0.5600
45.5610,212.9390,0.9080,693996232661600,0.2100,0.5600
45.5300,214.6520,0.9110,693996232663200,0.2100,0.5600
45.5300,216.4160,0.9150,693996248711000,0.2100,0.5600
45.5300,218.2320,0.9200,693996248789700,0.2100,0.5600
45.6220,219.9710,0.9260,693996248790900,0.2100,0.5600
45.6830,221.7870,0.9320,693996248791500,0.2100,0.5600
45.8350,223.5510,0.9390,693996265245600,0.2100,0.5600
46.0490,225.3680,0.9460,693996265321100,0.2100,0.5600
46.3230,227.0020,0.9530,693996265322700,0.2100,0.5600
46.6280,228.6630,0.9590,693996265323600,0.2100,0.5600
46.9020,230.3230,0.9650,693996281368100,0.2100,0.5430
47.1770,231.9060,0.9770,693996281441000,0.2100,0.5430
47.4820,233.5150,0.9820,693996281442400,0.2110,0.5250
47.7560,235.0710,0.9870,693996297338200,0.2110,0.5250
48.0310,236.5500,0.9910,693996297387500,0.2110,0.5250
48.3050,237.8740,0.9960,693996297388900,0.2100,0.5060
48.4570,238.9890,1.0000,693996297389400,0.2100,0.4890
48.6100,239.8970,1.0000,693996297390000,0.2100,0.4890
48.7320,240.7020,1.0000,693996314110200,0.2100,0.4890
48.8230,241.4540,1.0000,693996314186600,0.2100,0.4890
48.9450,242.1030,1.0000,693996329708800,0.2100,0.4890
48.9760,242.6220,1.0000,693996329788200,0.2100,0.4890
49.0980,243.1150,1.0000,693996329789500,0.2100,0.4890
49.1890,243.5300,1.0000,693996329790100,0.2110,0.4730
49.2500,243.8930,1.0000,693996345849700,0.2110,0.4550
49.3110,244.2300,1.0000,693996345903500,0.2110,0.4550
49.3110,244.4900,1.0000,693996361991600,0.2110,0.4550
49.3720,244.6970,0.9980,693996362057600,0.2110,0.4550
49.4640,245.1380,0.9600,693996362059500,0.2110,0.4550
49.5250,245.2940,0.9270,693996362060100,0.2110,0.4370
49.5860,245.4500,0.8700,693996378499700,0.2100,0.4190
49.6770,245.5540,0.7250,693996378568600,0.2090,0.4020
