696.8290,66.9990,0.0070,1304216376832600,0.3510,0.4200
696.5290,66.9990,0.0460,1304216392805400,0.3510,0.4200
696.2290,67.2180,0.1180,1304216392827500,0.3510,0.4200
696.4430,67.9110,0.1880,1304216425862700,0.3150,0.4190
696.6570,68.3490,0.2090,1304216425901300,0.3150,0.4190
697.1290,68.7860,0.2290,1304216425901900,0.3150,0.4190
697.7710,69.4070,0.2480,1304216425902400,0.3150,0.4190
698.5430,70.0640,0.2660,1304216441949200,0.3150,0.4190
699.7430,71.0490,0.2830,1304216441983900,0.3150,0.4190
701.0710,72.1070,0.2990,1304216441988800,0.3150,0.4190
702.4430,73.0550,0.3130,1304216457978600,0.3150,0.4190
703.7710,74.1130,0.3270,1304216458017100,0.3150,0.4190
705.1430,75.2450,0.3390,1304216458017800,0.3150,0.4190
706.3860,76.3760,0.3510,1304216458018200,0.3150,0.4190
707.7570,77.6530,0.3610,1304216474035700,0.3150,0.4190
709.0430,79.0030,0.3720,1304216474060100,0.3150,0.4190
710.1570,80.4990,0.3810,1304216490933500,0.3150,0.4190
711.1860,82.1410,0.3890,1304216490960700,0.3150,0.4190
712.1720,83.7820,0.3980,1304216490961500,0.3150,0.4380
713.0710,85.7160,0.4060,1304216490962100,0.3150,0.4540
713.8000,87.6140,0.4130,1304216490967500,0.3150,0.4720
714.4860,89.6200,0.4210,1304216507127500,0.3150,0.4720
715.0860,91.8100,0.4280,1304216507142900,0.3150,0.4720
715.6000,94.1080,0.4350,1304216507143500,0.3150,0.4720
715.9860,96.5890,0.4420,1304216507143900,0.3150,0.4720
716.3710,99.0700,0.4490,1304216523160700,0.3150,0.4720
716.5860,101.6240,0.4560,1304216523183200,0.3150,0.4720
716.6710,104.2510,0.4620,1304216540100600,0.3150,0.4720
716.6710,107.0970,0.4680,1304216540119500,0.3150,0.4720
716.5000,109.7970,0.4740,1304216540120100,0.3150,0.4720
715.8570,114.9420,0.4790,1304216540120700,0.3150,0.4720
715.2570,118.7730,0.4840,1304216540121100,0.3150,0.4720
714.0570,123.4070,0.4890,1304216557047200,0.3150,0.4720
712.6000,127.6760,0.4940,1304216557092100,0.3150,0.4720
710.9710,131.7260,0.5000,1304216574062600,0.3150,0.4720
709.0860,135.7030,0.5050,1304216574079000,0.3150,0.4720
706.9860,139.5340,0.5100,1304216574079700,0.3150,0.4720
704.7570,143.3650,0.5150,1304216574080200,0.3150,0.4540
702.1430,147.2320,0.5200,1304216590122000,0.3150,0.4540
699.4430,150.9180,0.5240,1304216590168400,0.3150,0.4380
696.4430,154.1280,0.5290,1304216590169000,0.3150,0.4190
693.3570,157.1930,0.5330,1304216607026700,0.3150,0.4380
690.0570,159.9660,0.5360,1304216607047900,0.3150,0.4540
686.7140,162.6660,0.5390,1304216607053100,0.3150,0.4720
683.2430,165.0740,0.5400,1304216607053600,0.3150,0.4720
680.5000,166.7890,0.5390,1304216623040400,0.3150,0.4720
676.8140,168.8320,0.5350,1304216623078100,0.3150,0.4720
674.0290,170.3280,0.5290,1304216623079100,0.3150,0.4720
671.6290,171.4590,0.5200,1304216639344800,0.3320,0.4710
669.7000,172.4080,0.5100,1304216639361200,0.3320,0.4710
667.9000,173.3200,0.4960,1304216639361900,0.3320,0.4710
666.1860,174.0500,0.4790,1304216639362300,0.3320,0.4710
664.8140,174.6700,0.4560,1304216655446500,0.3320,0.4710
663.8710,174.9620,0.4380,1304216655507500,0.3320,0.4710
663.1860,175.1080,0.3650,1304216655508200,0.3320,0.4710
662.5860,175.1080,0.3040,1304216655530600,0.3320,0.4710
662.2000,174.8890,0.2530,1304216671440200,0.3320,0.4710
669.8710,100.8580,0.0020,1304216834247600,0.3150,0.4720
670.0000,100.7120,0.0170,1304216834253600,0.3150,0.4720
670.2140,100.5660,0.0610,1304216834254500,0.3150,0.4720
670.3860,101.4050,0.1570,1304216866633700,0.3150,0.4720
670.3860,101.9890,0.1780,1304216866697700,0.3150,0.4720
670.3860,102.6820,0.1980,1304216866698400,0.3150,0.4720
670.3860,103.4120,0.2160,1304216866698800,0.3150,0.4720
670.3000,104.2510,0.2330,1304216882586200,0.3150,0.4720
670.3000,105.3460,0.2480,1304216882607500,0.3150,0.4720
670.3860,106.4770,0.2620,1304216898622200,0.3150,0.4720
670.4710,107.6080,0.2750,1304216898657100,0.3150,0.4720
670.6860,108.6660,0.2870,1304216898657800,0.3150,0.4720
670.9000,109.6150,0.2980,1304216898658200,0.3150,0.4720
671.3280,110.6000,0.3070,1304216914728400,0.3150,0.4720
671.8860,111.4390,0.3160,1304216914750700,0.3150,0.4720
672.5290,112.1690,0.3250,1304216914751400,0.3150,0.4720
673.4290,112.7160,0.3320,1304216914751800,0.3150,0.4720
674.5860,113.0080,0.3390,1304216931673200,0.3150,0.4720
675.8290,113.2270,0.3450,1304216931709600,0.3150,0.4720
677.9290,113.3730,0.3490,1304216931710200,0.3150,0.4720
680.0290,113.2270,0.3520,1304216947873000,0.3150,0.4720
682.1290,112.9350,0.3550,1304216947931700,0.3150,0.4720
684.1430,112.3880,0.3560,1304216947932300,0.3150,0.4720
686.0290,111.6580,0.3570,1304216947932800,0.3150,0.4720
687.6140,110.7460,0.3580,1304216947933300,0.3150,0.4720
688.9430,109.6150,0.3590,1304216963896400,0.3150,0.4720
689.9290,108.5200,0.3610,1304216963949600,0.3150,0.4720
690.4430,107.3890,0.3630,1304216980765400,0.3150,0.4720
690.6140,106.3310,0.3670,1304216980782000,0.3150,0.4720
690.5290,105.4190,0.3720,1304216980782800,0.3150,0.4720
690.2290,104.5430,0.3780,1304216980783400,0.3150,0.4720
689.3290,103.1930,0.3840,1304216997710600,0.3150,0.4720
688.2570,101.9160,0.3910,1304216997730800,0.3150,0.4720
686.9290,100.7850,0.3970,1304217013926500,0.3150,0.4720
685.4290,99.6540,0.4030,1304217013959600,0.3150,0.4720
683.8000,98.7050,0.4080,1304217013960200,0.3150,0.4720
682.1290,97.7930,0.4120,1304217013960600,0.3150,0.4720
680.3290,96.9540,0.4130,1304217013961000,0.3150,0.4720
678.7000,96.3700,0.4080,1304217030912900,0.3150,0.4720
677.2860,96.0780,0.3940,1304217030947000,0.3150,0.4720
676.0000,95.8590,0.3760,1304217030947900,0.3150,0.4720
675.1000,95.7860,0.3130,1304217047802000,0.3150,0.4720
674.2860,95.7140,0.2610,1304217047831600,0.3150,0.4720
673.5140,95.7860,0.2170,1304217047854900,0.3150,0.4720
630.1000,81.3010,0.0060,1304217460290900,0.3670,0.4190
630.3140,80.5720,0.0280,1304217476279800,0.3670,0.4190
630.5290,79.8780,0.0580,1304217476304600,0.3670,0.4190
630.7000,79.2950,0.0890,1304217476305300,0.3670,0.4190
630.7430,78.6740,0.1200,1304217476305700,-0.3140,0.4200
630.8290,78.2360,0.1490,1304217493157400,-0.2450,0.4200
631.0000,77.8720,0.1760,1304217493173500,-0.1920,0.4210
631.1290,77.5070,0.2000,1304217510115900,-0.1400,0.4200
631.2140,77.3240,0.2230,1304217510178400,-0.0880,0.4210
631.4290,77.1780,0.2630,1304217510180200,-0.0520,0.4200
631.7290,77.5800,0.2990,1304217527051100,0.0000,0.4190
631.8570,78.0910,0.3160,1304217527073400,0.0000,0.4190
632.0290,79.0760,0.3310,1304217543129700,0.0000,0.4190
632.1570,80.1700,0.3460,1304217543151700,0.0000,0.4190
632.3290,81.5200,0.3600,1304217543152400,0.0000,0.4190
632.3290,83.7090,0.3730,1304217543153000,0.0000,0.4360
632.3290,86.0450,0.3850,1304217543153400,0.0000,0.4540
632.2430,88.2700,0.3970,1304217560035800,0.0000,0.4710
631.9430,90.6780,0.4080,1304217560059300,0.0000,0.4710
631.5570,93.0870,0.4190,1304217576243800,0.0000,0.4710
631.1290,95.4580,0.4290,1304217576294000,0.0000,0.4710
630.4430,97.8660,0.4380,1304217576294600,0.0000,0.4710
629.6290,100.2010,0.4470,1304217576295100,0.0000,0.4710
627.8290,104.1780,0.4550,1304217576295500,0.0000,0.4710
626.4140,106.8420,0.4630,1304217592554800,0.0000,0.4710
625.0430,108.8850,0.4700,1304217592575200,0.0000,0.4710
623.8000,110.6000,0.4760,1304217592576000,0.0000,0.4710
621.0140,113.5190,0.4830,1304217592576400,0.0000,0.4710
618.9140,115.6350,0.4890,1304217609505000,0.0000,0.4710
616.9000,117.2040,0.4940,1304217609540300,0.0000,0.4710
614.9290,118.4080,0.5000,1304217626479000,0.0000,0.4710
611.3710,120.5610,0.5050,1304217626494000,0.0000,0.4710
608.5860,121.9840,0.5090,1304217626494600,0.0000,0.4710
606.3570,122.9690,0.5130,1304217626495000,0.0000,0.4710
604.3860,123.8080,0.5170,1304217626495400,0.0000,0.4710
602.5000,124.3920,0.5190,1304217642760700,0.0000,0.4710
601.0000,124.7570,0.5200,1304217642798200,0.0000,0.4710
599.8860,124.9760,0.5150,1304217658841000,0.0000,0.4710
598.9860,124.9760,0.5040,1304217658857600,0.0000,0.4710
598.3860,124.9030,0.4840,1304217658858300,0.0000,0.4710
598.0860,124.6110,0.4670,1304217658858800,0.0000,0.4710
598.0860,124.3190,0.3890,1304217658859200,0.0000,0.4710
598.6860,123.4070,0.2700,1304217675753600,0.0000,0.4710
612.1860,130.9230,0.0140,1304217791033400,0.1400,0.4550
612.4000,131.3610,0.0430,1304217791057500,0.1570,0.4550
612.7000,131.7260,0.0780,1304217807883600,0.1750,0.4550
613.1710,132.0180,0.1140,1304217807905100,0.1930,0.4550
613.6000,132.3460,0.1490,1304217807905800,0.1930,0.4550
614.2000,132.5650,0.1830,1304217807906200,0.1930,0.4550
614.8860,132.7110,0.2150,1304217823892000,0.1930,0.4550
615.8290,132.9300,0.2450,1304217823928500,0.1930,0.4550
616.8140,133.1490,0.2730,1304217840884200,0.1930,0.4550
617.8860,133.2950,0.2980,1304217840901500,0.1930,0.4550
619.0000,133.4410,0.3220,1304217840902200,0.2110,0.4550
620.1140,133.5500,0.3430,1304217840909500,0.2280,0.4540
621.1860,133.6960,0.3620,1304217840910100,0.2450,0.4550
622.3860,133.8420,0.3780,1304217857871500,0.2620,0.4540
623.5430,133.9150,0.3910,1304217857894100,0.2810,0.4550
624.7000,134.0610,0.3990,1304217874875700,0.2980,0.4550
625.7290,134.1340,0.4030,1304217874911600,0.2980,0.4550
626.8000,134.2800,0.4010,1304217874912300,0.2980,0.4550
627.8290,134.4260,0.3860,1304217874917800,0.2980,0.4550
628.7290,134.4260,0.3570,1304217890943300,0.2980,0.4550
629.5000,134.4990,0.2980,1304217890977300,0.2980,0.4550
630.1000,134.4990,0.2480,1304217890980300,0.2980,0.4550
630.7000,134.4260,0.2070,1304217890981900,0.2980,0.4550
599.9710,86.5550,0.1730,1304218041821300,0.2970,0.0000
599.5000,85.4970,0.2590,1304218041830200,0.2970,0.0000
599.2000,84.6950,0.3000,1304218057866800,0.2970,0.0000
598.9000,84.0010,0.3180,1304218057891600,0.2970,0.0000
598.6860,83.5630,0.3250,1304218073932800,0.2970,0.0000
598.5570,83.1990,0.3280,1304218073953900,0.2970,0.0000
598.4710,82.9430,0.3280,1304218073961000,0.2970,0.0000
598.2570,84.0010,0.3410,1304218107177700,0.2970,0.0000
598.1710,84.7680,0.3470,1304218107261900,0.2970,0.0000
598.0860,86.1180,0.3530,1304218107263100,0.2970,0.0000
598.0860,88.3430,0.3590,1304218124142800,0.2970,0.0000
598.0430,90.6780,0.3650,1304218124185600,0.2970,0.0000
597.9570,93.3050,0.3720,1304218124186400,0.2970,0.0000
597.8710,96.0050,0.3770,1304218124203900,0.2970,0.0000
597.7860,98.8510,0.3830,1304218140336100,0.2970,0.0000
597.6570,101.7700,0.3880,1304218140352200,0.2970,0.0000
597.4860,104.6890,0.3930,1304218140353000,0.2970,0.0000
597.2710,107.6080,0.3970,1304218157270400,0.2970,0.0000
596.9710,110.3810,0.4020,1304218157296600,0.2970,0.0000
596.5430,113.0810,0.4060,1304218157297300,0.2970,0.0000
595.9430,115.6350,0.4100,1304218157297800,0.2970,0.0000
595.2570,118.0070,0.4150,1304218173360000,0.2970,0.0000
594.4860,120.1230,0.4210,1304218173376400,0.2970,0.0000
593.5860,121.9840,0.4280,1304218189358500,0.2980,0.0350
592.5570,123.7350,0.4350,1304218189400500,0.2980,0.0700
591.4430,125.2310,0.4430,1304218189401300,0.2980,0.1050
590.3290,126.4720,0.4510,1304218189401700,0.2970,0.1390
589.0430,127.5300,0.4580,1304218189402200,0.2980,0.1750
587.9290,128.2230,0.4650,1304218205426300,0.2980,0.2100
586.9430,128.5880,0.4710,1304218205445300,0.2970,0.2270
586.1290,128.7340,0.4760,1304218205455100,0.2980,0.2450
585.2710,128.6610,0.4810,1304218205455600,0.2980,0.2630
584.6290,128.4420,0.4840,1304218222346400,0.2980,0.2800
583.7710,127.9310,0.4870,1304218222380200,0.2970,0.2970
583.1290,127.1650,0.4890,1304218238275200,0.2980,0.3150
582.0570,125.7420,0.4890,1304218238292300,0.2980,0.3320
581.2430,124.1000,0.4880,1304218238293100,0.2980,0.3500
580.5140,122.2030,0.4860,1304218238293600,0.2980,0.3670
579.9140,120.3420,0.4850,1304218238294000,0.2980,0.3840
579.4430,118.5540,0.4830,1304218254329600,0.2980,0.4030
579.0570,116.9850,0.4820,1304218254349100,0.2970,0.4190
578.8430,115.7080,0.4800,1304218270537400,0.2970,0.4190
578.6290,114.5770,0.4790,1304218270556300,0.2970,0.4190
578.4570,113.5190,0.4770,1304218270557000,0.2970,0.4190
578.4140,112.6430,0.4750,1304218270557500,0.2970,0.4190
578.4140,111.8770,0.4740,1304218286759200,0.2970,0.4190
578.4140,111.2200,0.4720,1304218286795900,0.2970,0.4190
578.4570,110.6000,0.4710,1304218286796900,0.2970,0.4190
578.7140,110.0890,0.4690,1304218302847700,0.2970,0.4190
578.9290,109.5420,0.4680,1304218302864000,0.2970,0.4190
579.2290,109.1770,0.4670,1304218302864800,0.2970,0.4190
579.6140,108.8120,0.4650,1304218302865300,0.2970,0.4190
580.0430,108.5200,0.4640,1304218318915300,0.2970,0.4190
580.5570,108.3740,0.4640,1304218318940600,0.2970,0.4190
581.1570,108.3010,0.4630,1304218336068000,0.2970,0.4190
581.7140,108.3740,0.4620,1304218336118000,0.2970,0.4190
582.3140,108.5200,0.4610,1304218336118600,0.2970,0.4190
582.8290,108.8120,0.4610,1304218336119200,0.2970,0.4190
583.4290,109.3230,0.4610,1304218336119600,0.2970,0.4190
583.9430,110.0160,0.4610,1304218352185800,0.2970,0.4190
584.2430,110.8920,0.4610,1304218352203200,0.2970,0.4190
584.3710,111.7310,0.4610,1304218352204000,0.2970,0.4190
584.3290,112.7890,0.4610,1304218352204600,0.2970,0.4190
584.0290,113.9200,0.4620,1304218368303100,0.2970,0.4190
583.2570,115.6350,0.4640,1304218368325900,0.2970,0.4190
582.3140,117.2770,0.4670,1304218385294400,0.2970,0.4190
581.0290,118.9190,0.4700,1304218385337200,0.2970,0.4190
579.5290,120.4150,0.4740,1304218385338000,0.2970,0.4190
577.8570,121.8380,0.4780,1304218385338700,0.2970,0.4190
576.0570,123.2610,0.4820,1304218401380300,0.2970,0.4190
574.1290,124.4650,0.4870,1304218401422000,0.2970,0.4190
572.2000,125.5960,0.4910,1304218401423500,0.2970,0.4190
570.1000,126.5810,0.4950,1304218401424300,0.2970,0.4190
568.0430,127.3110,0.4990,1304218418369500,0.2970,0.4190
565.9860,128.0770,0.5030,1304218418387000,0.2970,0.4190
564.0140,128.5150,0.5060,1304218418387700,0.2970,0.4190
562.0000,128.8800,0.5090,1304218435282000,0.2970,0.4190
560.4140,129.0260,0.5120,1304218435301100,0.2970,0.4190
559.0860,129.0260,0.5150,1304218435301900,0.2970,0.4190
557.8860,128.8070,0.5170,1304218435302500,0.2970,0.4190
556.6860,128.5150,0.5200,1304218435302900,0.2970,0.4190
555.1000,127.9310,0.5220,1304218452261300,0.2970,0.4190
553.6860,127.0190,0.5240,1304218452277600,0.2970,0.4190
552.2710,125.8150,0.5270,1304218468326000,0.2970,0.4190
550.9860,124.3920,0.5300,1304218468361500,0.2970,0.4190
549.9570,122.7500,0.5320,1304218468362200,0.2970,0.4190
548.8860,120.7800,0.5350,1304218468362800,0.2970,0.4190
548.0710,118.4810,0.5370,1304218468366900,0.2970,0.4190
547.0000,113.8110,0.5400,1304218484531500,0.2970,0.4190
546.4860,110.0160,0.5420,1304218484549800,0.2970,0.4190
546.2710,106.6230,0.5440,1304218500698600,0.2980,0.4370
546.4000,101.0770,0.5460,1304218500716800,0.2980,0.4370
546.9570,95.7860,0.5480,1304218500717700,0.2980,0.4370
547.6000,90.6780,0.5510,1304218500718200,0.2980,0.4370
548.5860,85.8990,0.5530,1304218516883200,0.2980,0.4370
549.6570,81.2280,0.5550,1304218516899600,0.2980,0.4370
550.6000,77.7260,0.5570,1304218516900500,0.2980,0.4370
551.4140,74.8800,0.5590,1304218516900900,0.2980,0.4370
552.8710,70.6110,0.5600,1304218533015400,0.2980,0.4370
553.7710,67.5090,0.5620,1304218533035300,0.2980,0.4370
554.5860,65.1380,0.5630,1304218549140900,0.2980,0.4370
555.2710,63.0950,0.5640,1304218549175500,0.2980,0.4370
555.9140,61.2340,0.5650,1304218549176200,0.2980,0.4370
556.5140,59.5190,0.5650,1304218549176600,0.2980,0.4370
556.9000,58.0960,0.5640,1304218565155100,0.2980,0.4370
557.2860,56.9650,0.5610,1304218565211300,0.3150,0.4380
557.5860,56.0530,0.5570,1304218565212100,0.3150,0.4380
557.8000,55.3230,0.5500,1304218581630100,0.3150,0.4380
558.0140,54.7030,0.5380,1304218581655700,0.3150,0.4380
558.1860,54.2650,0.5220,1304218581656400,0.3150,0.4380
558.3140,53.9730,0.5010,1304218581661200,0.3150,0.4380
558.5290,53.8270,0.4710,1304218597908800,0.3320,0.4360
509.4140,109.4690,0.0590,1304219074270300,0.2790,0.4360
509.5860,110.0160,0.0850,1304219090327600,0.2790,0.4360
509.7140,110.6730,0.1120,1304219090344200,0.2790,0.4360
509.9290,111.3660,0.1380,1304219090345000,0.2790,0.4360
510.1000,112.3150,0.1630,1304219090345400,0.2790,0.4360
510.2290,113.3730,0.1880,1304219106366100,-0.2440,0.4370
510.3140,114.4310,0.2110,1304219106382600,-0.1930,0.4380
510.4000,115.6350,0.2340,1304219122472800,-0.1570,0.4380
510.3140,116.9120,0.2540,1304219122513800,-0.1220,0.4370
510.1430,118.1890,0.2740,1304219122515000,-0.0870,0.4370
509.9290,120.1230,0.2920,1304219122517500,-0.0520,0.4370
509.5860,121.9840,0.3080,1304219122540000,-0.0520,0.4370
509.0290,123.7350,0.3230,1304219138508600,0.0000,0.4360
508.3860,125.3770,0.3360,1304219138532100,0.0000,0.4360
507.4860,126.8730,0.3480,1304219138532800,0.0000,0.4360
506.5000,128.2960,0.3590,1304219138533200,0.0000,0.4360
505.3860,129.5730,0.3690,1304219154609800,0.0000,0.4360
504.1860,130.7770,0.3780,1304219154644000,0.0000,0.4360
502.9860,131.7260,0.3870,1304219170738300,0.0000,0.4360
501.9140,132.4190,0.3960,1304219170755400,0.0000,0.4360
500.9710,133.0030,0.4030,1304219170777400,0.0000,0.4360
500.0710,133.3680,0.4100,1304219170777900,0.0000,0.4360
499.1710,133.6960,0.4170,1304219170778400,0.0000,0.4360
498.3140,133.8420,0.4230,1304219187692900,0.0000,0.4360
497.5000,133.9150,0.4290,1304219187733100,0.0000,0.4360
496.7710,133.9150,0.4340,1304219203915900,0.0000,0.4360
495.7860,133.6960,0.4390,1304219203934700,0.0000,0.4360
494.8860,133.2220,0.4430,1304219203935400,0.0000,0.4360
493.6000,132.3460,0.4470,1304219203935900,0.0000,0.4360
492.4000,131.1420,0.4510,1304219204014900,0.0000,0.4360
491.4570,129.5730,0.4540,1304219220894000,0.0000,0.4360
490.6000,127.6030,0.4560,1304219220940100,0.0000,0.4360
490.0000,125.3040,0.4580,1304219237785800,0.0000,0.4360
489.5710,122.6770,0.4590,1304219237806500,0.0000,0.4360
489.1000,117.4230,0.4600,1304219237807400,0.0000,0.4360
488.5860,112.2420,0.4590,1304219237807900,0.0000,0.4540
488.6710,108.0460,0.4580,1304219254733200,0.0000,0.4540
488.9710,102.4270,0.4580,1304219254751100,0.0000,0.4540
489.1860,96.9540,0.4570,1304219254751800,0.0000,0.4540
489.5710,92.9410,0.4570,1304219271710100,0.0000,0.4540
490.0860,89.6930,0.4560,1304219271728200,0.0000,0.4540
490.3000,86.9930,0.4550,1304219271728800,0.0000,0.4540
490.7710,84.3660,0.4550,1304219271735800,0.0000,0.4540
491.2000,81.9220,0.4540,1304219271736300,0.0000,0.4540
491.7570,79.7320,0.4530,1304219288621600,0.0000,0.4540
492.1860,77.7260,0.4530,1304219288657500,0.0000,0.4540
492.6570,75.9010,0.4530,1304219305643600,0.0000,0.4540
492.9570,74.6610,0.4520,1304219305739700,0.0000,0.4540
493.1710,73.6760,0.4520,1304219305756600,0.0000,0.4540
493.3860,72.9090,0.4520,1304219305757000,0.0000,0.4540
493.5570,72.3260,0.4520,1304219321975600,0.0000,0.4540
493.6860,72.0340,0.4520,1304219321995700,0.0000,0.4540
493.7710,71.7780,0.4530,1304219321996200,0.0000,0.4540
493.9000,72.9820,0.4590,1304219338025400,0.0000,0.4540
493.9000,74.1130,0.4610,1304219354155800,0.0000,0.4540
493.7710,75.3910,0.4620,1304219354188200,0.0000,0.4540
493.5570,77.7990,0.4640,1304219354188900,0.0000,0.4540
493.2570,80.0970,0.4650,1304219354189200,0.0000,0.4540
492.7860,82.6510,0.4670,1304219370238300,0.0000,0.4540
492.1860,85.2780,0.4690,1304219370252900,0.0000,0.4540
491.2860,89.9850,0.4710,1304219370253600,0.0000,0.4540
490.3000,93.3780,0.4720,1304219386297100,0.0000,0.4540
489.4860,96.2240,0.4740,1304219386318600,0.0000,0.4540
487.6860,100.4200,0.4760,1304219386319100,0.0000,0.4540
486.2710,103.4120,0.4780,1304219386319400,0.0000,0.4540
484.0860,106.9510,0.4810,1304219403220000,0.0000,0.4540
482.1570,109.3960,0.4850,1304219403260400,0.0000,0.4540
479.5430,112.3880,0.4880,1304219403261000,0.0000,0.4540
477.2710,114.5770,0.4920,1304219403261300,0.0000,0.4540
473.9710,117.1310,0.4970,1304219419332500,0.0000,0.4540
471.3570,118.8460,0.5010,1304219419377000,0.0000,0.4540
469.0430,120.1230,0.5040,1304219419378700,0.0000,0.4540
465.2290,122.0570,0.5080,1304219436284000,0.0000,0.4540
462.2290,123.3340,0.5110,1304219436299900,0.0000,0.4540
459.7000,124.2460,0.5140,1304219436300600,0.0000,0.4540
457.3000,124.9760,0.5170,1304219436301000,0.0000,0.4540
454.8140,125.6690,0.5190,1304219452561100,0.0000,0.4540
450.1000,126.7270,0.5210,1304219452584700,0.0000,0.4540
446.6290,127.2380,0.5230,1304219468566900,0.0000,0.4540
443.9710,127.5300,0.5250,1304219468602900,0.0000,0.4540
441.6140,127.6760,0.5270,1304219468603600,0.0000,0.4540
439.3860,127.6760,0.5280,1304219468603900,0.0000,0.4540
437.2860,127.6030,0.5300,1304219485542200,0.0000,0.4540
435.5710,127.5300,0.5310,1304219485598700,0.0000,0.4540
434.2000,127.3840,0.5320,1304219485599200,0.0000,0.4540
433.0860,127.1650,0.5320,1304219501564700,0.0000,0.4540
432.1000,127.0190,0.5320,1304219501581200,0.0000,0.4540
431.3710,126.8000,0.5310,1304219501585000,0.0000,0.4540
430.8570,126.4720,0.5290,1304219501585400,0.0000,0.4540
430.5570,126.1800,0.5260,1304219517620800,0.0000,0.4540
430.3860,125.8880,0.5240,1304219517677700,0.0000,0.4540
430.4710,125.5230,0.5220,1304219517678300,0.0000,0.4540
430.7710,125.0490,0.5200,1304219533636500,0.0000,0.4540
431.5000,124.4650,0.5180,1304219533687900,0.0000,0.4540
432.9570,123.6260,0.5140,1304219533688600,0.0000,0.4540
434.6710,122.8960,0.5110,1304219533688900,0.0000,0.4540
436.5570,122.3120,0.5070,1304219549741300,0.0000,0.4540
438.5710,121.8380,0.5030,1304219549763200,0.0000,0.4540
440.6710,121.6920,0.5000,1304219565729900,0.0000,0.4540
442.7710,121.9110,0.4960,1304219565751400,0.0000,0.4540
444.6140,122.3850,0.4930,1304219565751900,0.0000,0.4540
446.3290,123.1150,0.4890,1304219565752300,0.0000,0.4540
447.8290,124.2460,0.4860,1304219565752600,0.0000,0.4540
449.0290,125.7420,0.4840,1304219581835500,0.0000,0.4540
449.9290,127.3840,0.4820,1304219581852300,0.0000,0.4540
450.4000,129.3540,0.4810,1304219581852800,0.0000,0.4540
450.4860,131.4340,0.4800,1304219581853200,0.0000,0.4540
450.1000,133.6960,0.4800,1304219597866400,0.0000,0.4540
449.3290,135.9950,0.4800,1304219597922500,0.0000,0.4540
447.4000,140.1180,0.4810,1304219614784000,0.0000,0.4540
445.6860,142.8180,0.4820,1304219614830300,0.0000,0.4540
443.1140,146.0280,0.4830,1304219614830800,0.0000,0.4540
441.1000,148.2910,0.4840,1304219614831000,0.0000,0.4540
439.2140,150.0050,0.4820,1304219614831300,0.0000,0.4540
437.7140,151.2820,0.4750,1304219631023200,0.0000,0.4360
436.0000,152.4130,0.4600,1304219631039200,0.0000,0.4190
434.5000,153.3990,0.4330,1304219647182600,0.0000,0.4010
433.0000,154.2010,0.3610,1304219647263100,0.0000,0.4010
431.7570,154.6760,0.3010,1304219647263500,0.0000,0.4010
430.7710,154.8220,0.2510,1304219647263800,0.0000,0.4010
511.1290,58.1690,0.0190,1304219912946200,0.0000,0.4710
511.2140,57.9500,0.0490,1304219912955500,0.0000,0.4710
511.0000,57.4760,0.1460,1304219945752800,0.0000,0.4710
510.4000,57.3300,0.2000,1304219945777100,0.0000,0.4710
509.7140,57.4030,0.2240,1304219945777600,0.0000,0.4710
508.6000,57.5490,0.2460,1304219945777900,0.0000,0.4710
506.7140,57.8770,0.2660,1304219961989600,0.0000,0.4710
504.7860,58.2420,0.2840,1304219962004400,0.0000,0.4710
502.7290,58.6070,0.3000,1304219962016100,0.0000,0.4710
500.6710,59.0450,0.3150,1304219962016500,0.0000,0.4710
498.3140,59.6650,0.3270,1304219979016500,0.0000,0.4710
496.0860,60.2490,0.3360,1304219979039000,0.0000,0.4710
493.7710,60.9420,0.3410,1304219996068300,0.0000,0.4710
491.3710,61.5990,0.3430,1304219996114300,0.0000,0.4710
489.0570,62.3650,0.3380,1304219996115000,0.0000,0.4710
486.7860,63.0950,0.3260,1304219996115300,0.0000,0.4710
484.7710,63.7880,0.3090,1304219996115600,0.0000,0.4710
482.8860,64.2260,0.2790,1304220012119700,0.0000,0.4710
481.4710,64.5910,0.2330,1304220012143500,0.0000,0.4710
480.4430,64.8460,0.1940,1304220028974700,0.0000,0.4710
479.6710,64.8460,0.1610,1304220029011300,0.0000,0.4710
497.1140,34.7080,0.2220,1304220113096000,0.0000,0.4890
497.6710,33.8690,0.3330,1304220113134000,0.0000,0.4890
498.0140,33.2120,0.3890,1304220129850500,0.0000,0.4890
498.3140,32.6280,0.4160,1304220129866700,0.0000,0.4890
498.5710,32.2270,0.4300,1304220129867200,0.0000,0.4890
498.7860,31.8620,0.4360,1304220129867500,0.0000,0.4890
498.9140,31.6430,0.4400,1304220129867800,0.0000,0.4890
498.9140,31.4240,0.4450,1304220145923100,0.0000,0.4890
497.5000,32.1540,0.4530,1304220162068200,0.0000,0.4890
496.0000,32.8470,0.4560,1304220162090900,0.0000,0.4890
494.2860,33.6500,0.4590,1304220178975000,0.0000,0.4890
492.3570,34.4890,0.4610,1304220178994200,0.0000,0.4890
490.3860,35.4010,0.4640,1304220195050200,0.0000,0.4890
488.2860,36.2770,0.4660,1304220195129800,0.0000,0.4890
486.3570,37.2620,0.4660,1304220195131000,0.0000,0.4890
484.3860,38.3200,0.4610,1304220195131500,0.0000,0.4890
482.5860,39.4150,0.4490,1304220195132300,0.0000,0.4890
480.9570,40.6190,0.4310,1304220211228000,0.0000,0.4890
479.4570,41.8960,0.4020,1304220211244800,0.0000,0.4890
478.0430,43.3920,0.3350,1304220211245400,0.0000,0.4890
476.8430,44.8880,0.2790,1304220211245800,0.0000,0.4890
475.7290,46.4570,0.2320,1304220228150700,0.0000,0.4890
506.4140,72.6180,0.2580,1304220362358600,0.0000,0.3490
506.2000,73.2380,0.4770,1304220378985300,0.0000,0.4010
506.1140,73.6030,0.4960,1304220379044200,0.0000,0.4190
506.2000,74.0410,0.4980,1304220395274700,0.0000,0.4190
506.3290,74.2590,0.4980,1304220395294500,0.0000,0.4190
506.5000,74.5510,0.4980,1304220395295000,0.0000,0.4190
506.8000,75.0260,0.4990,1304220411271300,0.0000,0.4190
507.1000,75.4640,0.5000,1304220411362300,0.0000,0.4190
507.4000,75.9010,0.5010,1304220427284300,0.0000,0.4190
507.7000,76.5220,0.5020,1304220427300100,0.0000,0.4190
508.1290,77.2510,0.5040,1304220427300700,0.0000,0.4190
508.6000,78.0910,0.5040,1304220427308700,0.0000,0.4190
509.1140,78.9300,0.5030,1304220427312700,0.0000,0.4190
509.5860,79.7320,0.4960,1304220443381900,0.0000,0.4190
510.1000,80.5720,0.4840,1304220443423700,0.0000,0.4190
510.5290,81.4470,0.4650,1304220459407500,0.0000,0.4190
511.0000,82.2140,0.4490,1304220459426700,0.0000,0.4190
511.3000,83.0530,0.3740,1304220459427300,0.0000,0.4190
511.5140,83.7820,0.3120,1304220459427700,0.0000,0.4190
511.6000,84.3660,0.2600,1304220476351400,0.0000,0.4190
454.5140,75.6820,0.2480,1304220656959500,0.0000,0.2970
453.1860,74.8800,0.3700,1304220657004200,0.0000,0.3140
452.0290,74.2590,0.4290,1304220657012400,0.0000,0.3320
451.0860,74.0410,0.4550,1304220657012900,0.0000,0.3490
450.4000,73.8950,0.4660,1304220657013300,0.0000,0.3670
450.0140,73.8950,0.4690,1304220672843000,0.0000,0.3840
449.8000,73.9680,0.4660,1304220672886100,0.0000,0.3840
449.8000,74.3320,0.4600,1304220688942100,0.0000,0.3840
450.2290,75.0260,0.4560,1304220688961700,0.0000,0.3840
450.4860,75.5360,0.4550,1304220688962000,0.0000,0.3840
450.7000,76.1570,0.4540,1304220705159500,0.0000,0.3840
450.9140,76.7410,0.4530,1304220705199000,0.0000,0.3840
451.0860,77.5070,0.4530,1304220721227000,0.0000,0.3840
451.0860,78.2360,0.4530,1304220721265700,0.0000,0.3840
451.0000,79.4410,0.4530,1304220721317900,0.0000,0.3840
450.5290,81.0820,0.4540,1304220721340600,0.0000,0.3840
449.6290,82.7970,0.4540,1304220737443700,0.0000,0.4010
448.3000,84.6220,0.4530,1304220737459100,0.0000,0.4190
445.2140,87.6870,0.4500,1304220753308600,0.0000,0.4190
441.7860,90.4590,0.4440,1304220753355400,0.0000,0.4190
438.0140,92.9410,0.4330,1304220753356100,0.0000,0.4190
434.1570,95.1660,0.4150,1304220753356400,0.0000,0.4190
430.0860,97.0270,0.4000,1304220753356700,0.0000,0.4190
425.8860,98.9970,0.3330,1304220769471800,0.0000,0.4190
421.5570,100.4200,0.2770,1304220769489100,0.0000,0.4190
418.1710,101.2230,0.2310,1304220785582900,0.0000,0.4190
411.3570,61.3800,0.2160,1304220867846900,0.0000,0.4190
411.2290,60.0300,0.3230,1304220867859000,0.0000,0.4190
411.0570,58.8990,0.3760,1304220883804400,0.0000,0.4190
410.8430,58.0960,0.4010,1304220883837800,0.0000,0.4190
410.6290,57.5490,0.4130,1304220899902300,0.0000,0.4190
410.4570,57.1840,0.4180,1304220899961200,0.0000,0.4190
410.3290,57.0380,0.4200,1304220899961700,0.0000,0.4190
410.1570,56.9650,0.4210,1304220899962100,0.0000,0.4190
409.9430,57.9500,0.4230,1304220915980600,0.0000,0.4190
409.8140,59.0450,0.4240,1304220932021700,0.0000,0.4190
409.7290,61.1610,0.4260,1304220932040900,0.0000,0.4190
409.6430,63.7150,0.4280,1304220932041300,0.0000,0.4190
409.5570,66.7800,0.4300,1304220932041800,0.0350,0.4190
409.5140,72.9820,0.4310,1304220949032500,0.0710,0.4190
409.6430,79.3680,0.4330,1304220949046700,0.0880,0.4200
409.7290,85.4970,0.4350,1304220949047300,0.1050,0.4190
409.7290,91.5910,0.4370,1304220949047600,0.1230,0.4190
409.8570,97.4280,0.4380,1304220949047900,0.1410,0.4200
409.9430,101.7700,0.4400,1304220966014300,0.1570,0.4190
409.8570,105.3460,0.4410,1304220966049700,0.1750,0.4190
409.8140,108.3740,0.4420,1304220983004200,0.1930,0.4200
409.2140,113.6650,0.4440,1304220983029200,0.2100,0.4190
408.6140,117.2770,0.4460,1304220983029800,0.2280,0.4200
407.7140,120.1230,0.4500,1304220983030100,0.2450,0.4200
405.7430,124.2460,0.4560,1304221000032700,0.2630,0.4190
403.2140,127.9310,0.4620,1304221000111000,0.2800,0.4200
400.0000,131.2150,0.4700,1304221000111700,0.2970,0.4190
394.8140,135.1920,0.4780,1304221000112100,0.3150,0.4190
389.3290,138.4760,0.4860,1304221000112500,0.3330,0.4190
385.2140,140.4090,0.4940,1304221016031300,0.3330,0.4190
381.9140,141.5410,0.5030,1304221016085800,0.3330,0.4190
379.1710,142.2340,0.5140,1304221032900800,0.3330,0.4190
376.7710,142.5260,0.5260,1304221032939400,0.3510,0.4200
374.4570,142.5990,0.5370,1304221032945300,0.3670,0.4190
372.2710,142.3070,0.5480,1304221032946400,0.3670,0.4190
370.1710,141.6860,0.5580,1304221032948200,0.3670,0.4190
368.3710,140.6650,0.5670,1304221049945000,0.3670,0.4190
366.7860,139.0590,0.5710,1304221049961600,0.3860,0.4200
364.7710,135.2650,0.5730,1304221066063400,0.3860,0.4200
363.4430,130.6680,0.5670,1304221066078100,0.3860,0.4200
363.2290,126.5810,0.5560,1304221066078600,0.3860,0.4200
363.8290,120.7070,0.5400,1304221066079000,0.3860,0.4200
365.8860,112.9350,0.5180,1304221082395300,0.3860,0.4200
369.1430,106.2580,0.5020,1304221082410600,0.3850,0.4360
372.6570,100.1280,0.4190,1304221082411300,0.3850,0.4540
376.6000,94.9470,0.3490,1304221098557100,0.3850,0.4540
379.5570,91.8820,0.2910,1304221098590600,0.3850,0.4540
303.7430,124.8300,0.3090,1304221528768900,0.2280,0.3850
303.8710,124.9760,0.4610,1304221528814700,0.2450,0.3840
303.3570,125.5960,0.5760,1304221544685400,0.2450,0.3840
303.0570,125.8880,0.5770,1304221544707900,0.2450,0.3840
302.8430,126.0340,0.5720,1304221544708500,0.2450,0.3840
302.5430,126.2530,0.5680,1304221544723600,0.2450,0.3840
302.3290,126.3260,0.5650,1304221544724400,0.2450,0.3840
301.8570,126.3990,0.5620,1304221561627600,0.2450,0.3840
301.1710,126.1070,0.5600,1304221577881100,0.2450,0.3840
300.6570,125.8150,0.5590,1304221577903600,0.2630,0.3840
299.9290,125.3770,0.5590,1304221577904200,0.2800,0.3840
298.7290,124.4650,0.5590,1304221577904600,0.2810,0.4020
297.3570,123.4800,0.5590,1304221594831900,0.2810,0.4020
295.9430,122.3850,0.5600,1304221594848700,0.2800,0.4200
294.5290,121.1080,0.5600,1304221610824000,0.2800,0.4200
293.0290,119.6850,0.5600,1304221610856300,0.2970,0.4190
291.4430,118.1160,0.5590,1304221610861600,0.2970,0.4190
290.1140,116.3650,0.5570,1304221610861900,0.2970,0.4190
288.7430,114.6500,0.5550,1304221627813300,0.2970,0.4190
287.6290,112.8620,0.5520,1304221627827700,0.2970,0.4190
286.6430,111.1470,0.5500,1304221627828100,0.2970,0.4190
285.9140,109.5420,0.5470,1304221627828400,0.2970,0.4190
285.1430,108.0460,0.5430,1304221627828700,0.2970,0.4190
284.8000,106.8420,0.5380,1304221643847200,0.2970,0.4190
284.6290,105.8200,0.5330,1304221643868900,0.2970,0.4190
284.6290,104.9810,0.5280,1304221660808300,0.2970,0.4190
284.8430,104.3240,0.5230,1304221660822200,0.2970,0.4190
285.4000,103.4850,0.5190,1304221660822700,0.2980,0.4370
286.0430,102.9010,0.5150,1304221660826000,0.2450,0.4370
287.0290,102.2810,0.5110,1304221677757500,0.2620,0.4370
288.5290,101.6970,0.5080,1304221677792000,0.2790,0.4360
290.2430,101.1500,0.5050,1304221677792700,0.2790,0.4360
291.8290,100.9310,0.5020,1304221694701500,0.2790,0.4360
293.3290,100.7850,0.4990,1304221694745600,0.2790,0.4360
294.7430,100.8580,0.4960,1304221694747000,0.2790,0.4360
296.8430,101.0770,0.4920,1304221694748000,0.2790,0.4360
298.9430,101.4780,0.4890,1304221694748900,0.2790,0.4360
300.9570,101.9890,0.4850,1304221710746100,0.2790,0.4360
302.8430,102.7550,0.4820,1304221710765700,0.2790,0.4360
304.5570,103.7040,0.4790,1304221727735000,0.2790,0.4360
306.1430,104.8350,0.4770,1304221727750900,0.2790,0.4360
307.4710,106.1120,0.4750,1304221727751400,0.2790,0.4360
308.5430,107.5350,0.4730,1304221727751700,0.2790,0.4360
309.1860,109.1770,0.4730,1304221743781900,0.2790,0.4360
309.5710,110.6000,0.4730,1304221743796000,0.2790,0.4360
309.5710,112.0960,0.4740,1304221743796900,0.2790,0.4360
309.2710,114.0660,0.4760,1304221743797700,0.2790,0.4360
308.5860,116.0000,0.4790,1304221759747800,0.2790,0.4360
307.5570,117.9340,0.4820,1304221759763000,0.2790,0.4360
305.2430,121.4000,0.4850,1304221759763600,0.2790,0.4360
303.0570,123.7350,0.4890,1304221775939400,0.2790,0.4360
299.8430,126.3990,0.4930,1304221775979800,0.2790,0.4360
296.2430,128.6610,0.4970,1304221775980300,0.2790,0.4360
292.5140,130.7770,0.5010,1304221775980600,0.2790,0.4360
288.4430,132.4190,0.5050,1304221775980900,0.2790,0.4360
285.2290,133.5500,0.5080,1304221792853600,0.2790,0.4360
282.4000,134.3530,0.5130,1304221792868900,0.2790,0.4360
279.8290,134.8640,0.5170,1304221809828300,0.2790,0.4360
277.3860,135.3380,0.5220,1304221809887500,0.2790,0.4360
274.9000,135.6300,0.5260,1304221809888100,0.2790,0.4360
272.5000,135.8490,0.5310,1304221809888400,0.2790,0.4360
270.3140,135.8490,0.5350,1304221825936400,0.2790,0.4360
268.3000,135.7030,0.5390,1304221825972700,0.2790,0.4360
266.4570,135.3380,0.5440,1304221842041400,0.2790,0.4360
264.7860,134.7180,0.5490,1304221842054600,0.2790,0.4360
263.3710,133.7690,0.5540,1304221842055200,0.2790,0.4360
262.0000,132.4920,0.5580,1304221842055400,0.2790,0.4360
260.9710,130.8500,0.5630,1304221842055700,0.2790,0.4360
259.9860,128.9530,0.5670,1304221858092000,0.2790,0.4360
259.1710,126.6540,0.5710,1304221858122900,0.2790,0.4360
258.1430,121.9110,0.5750,1304221874397000,0.2790,0.4360
257.2430,117.0580,0.5780,1304221874442200,0.2790,0.4360
256.9430,112.8620,0.5810,1304221874442800,0.2790,0.4360
256.6860,107.0970,0.5840,1304221874447000,0.2810,0.4550
256.7710,100.7850,0.5860,1304221874447400,0.2810,0.4550
257.1570,92.2470,0.5890,1304221890727500,0.2810,0.4550
257.3710,86.3360,0.5910,1304221890769400,0.2810,0.4550
257.7570,80.4260,0.5920,1304221906930100,0.2810,0.4550
258.2710,74.6610,0.5930,1304221906970100,0.2810,0.4550
258.7430,69.1150,0.5930,1304221906970700,0.2810,0.4550
258.9570,64.9920,0.5920,1304221906971000,0.2810,0.4550
259.1710,61.7450,0.5890,1304221923050500,0.2810,0.4550
259.2570,59.2270,0.5860,1304221923064400,0.2810,0.4550
259.3430,56.8920,0.5820,1304221923064900,0.2810,0.4550
259.3430,55.1040,0.5770,1304221923065300,0.2810,0.4550
259.3860,53.7540,0.5690,1304221923069000,0.2810,0.4550
259.3430,52.6230,0.5550,1304221939448300,0.2810,0.4550
259.2570,51.8570,0.5340,1304221939482000,0.2810,0.4550
259.3430,51.4190,0.5170,1304221955701400,0.2810,0.4550
259.2570,51.2730,0.4310,1304221955743000,0.2810,0.4550
282.1860,78.0180,0.2740,1304222070010900,0.2450,0.3140
282.2290,78.2360,0.4100,1304222070037800,0.2620,0.3320
282.2290,78.4550,0.4770,1304222070038300,0.2800,0.3490
282.3140,78.7470,0.5230,1304222086448000,0.2980,0.3840
282.4860,79.0030,0.5280,1304222086470900,0.2980,0.3840
282.7860,79.0760,0.5290,1304222102560600,0.2980,0.3840
283.2140,79.2220,0.5280,1304222102580200,0.2980,0.3840
283.8140,79.3680,0.5270,1304222102580800,0.2980,0.3840
284.9290,79.5130,0.5260,1304222102581000,0.2980,0.3840
286.1290,79.5860,0.5250,1304222118635700,0.2980,0.3840
288.2290,79.7320,0.5240,1304222118669600,0.2980,0.3840
290.3290,79.9510,0.5220,1304222118675100,0.2980,0.3840
292.5570,80.2800,0.5160,1304222118675600,0.2980,0.3840
294.9140,80.4990,0.5070,1304222134797600,0.2980,0.3840
297.1430,80.7910,0.4930,1304222134811300,0.2980,0.3840
299.4570,81.1550,0.4700,1304222150983700,0.2980,0.3840
301.7290,81.5200,0.4490,1304222150999500,0.2980,0.3840
303.9570,81.9220,0.3740,1304222151000100,0.2980,0.3840
305.9290,82.2860,0.3120,1304222151000300,0.2980,0.3840
307.4710,82.5050,0.2600,1304222151000600,0.2980,0.3840
224.4140,98.1580,0.0090,1304222578064100,0.2630,0.4720
224.2000,97.9390,0.0780,1304222594928700,0.2630,0.4720
223.7290,98.9240,0.1850,1304222611113700,0.2630,0.4720
223.6000,99.5080,0.2090,1304222611128900,0.2630,0.4720
223.4290,100.6390,0.2320,1304222611129500,0.2630,0.4720
223.1290,101.7700,0.2540,1304222611129900,-0.2270,0.4730
222.8290,103.7040,0.2730,1304222611130400,-0.1740,0.4730
222.4860,105.6010,0.2900,1304222627208000,-0.1400,0.4720
222.0140,107.6080,0.3060,1304222627241000,-0.1040,0.4720
221.5860,109.5420,0.3200,1304222644157900,-0.0700,0.4730
221.0290,111.5850,0.3330,1304222644190600,-0.0350,0.4720
220.4290,113.5190,0.3450,1304222644191100,0.0000,0.4710
219.8290,115.4160,0.3550,1304222644191400,0.0000,0.4710
219.1860,117.2040,0.3650,1304222660448500,0.0000,0.4710
218.5860,118.8460,0.3740,1304222660482100,0.0000,0.4710
217.9860,120.4150,0.3830,1304222660482900,0.0000,0.4710
217.5140,121.6190,0.3920,1304222676608700,0.0000,0.4710
217.0860,122.6770,0.4000,1304222676622200,0.0000,0.4710
216.6140,123.4070,0.4080,1304222676622700,0.0000,0.4710
216.3140,124.1000,0.4160,1304222676623000,0.0000,0.4710
215.8860,124.7570,0.4230,1304222693639400,0.0000,0.4710
215.4140,125.3770,0.4300,1304222693702500,0.0000,0.4710
214.9860,125.8150,0.4370,1304222709671500,0.0000,0.4710
214.6000,126.1800,0.4430,1304222709712400,0.0000,0.4710
214.2140,126.5810,0.4500,1304222709717100,0.0000,0.4710
213.7000,126.8730,0.4550,1304222709717800,0.0000,0.4710
213.2710,127.0920,0.4610,1304222709718100,0.0000,0.4710
212.8000,127.1650,0.4670,1304222725770500,0.0000,0.4710
212.4140,127.2380,0.4720,1304222725808000,0.0000,0.4710
212.0710,127.2380,0.4780,1304222725808500,0.0000,0.4710
211.6000,127.0920,0.4820,1304222725808900,0.0000,0.4710
211.1710,126.8000,0.4870,1304222742751500,0.0000,0.4710
210.4000,126.3260,0.4910,1304222742769800,0.0000,0.4710
209.8000,125.7420,0.4950,1304222759703200,0.0000,0.4710
209.0710,124.9760,0.4980,1304222759718000,0.0000,0.4710
208.0860,123.7350,0.5010,1304222759718600,0.0000,0.4710
207.1860,122.3120,0.5040,1304222759722200,0.0000,0.4710
206.2860,120.7070,0.5070,1304222759722500,0.0000,0.4710
205.3860,118.9920,0.5090,1304222776745100,0.0000,0.4710
204.5710,117.2770,0.5110,1304222776758900,0.0000,0.4710
203.8860,115.5620,0.5120,1304222776759400,0.0000,0.4710
203.2430,113.9200,0.5140,1304222792722400,0.0000,0.4710
202.5570,112.3150,0.5150,1304222792743400,0.0000,0.4710
202.0430,111.0380,0.5160,1304222792744000,0.0000,0.4710
201.5710,109.9430,0.5170,1304222792744300,0.0000,0.4710
201.1860,109.0310,0.5180,1304222808775100,0.0000,0.4710
200.8430,108.1920,0.5190,1304222808829600,0.0000,0.4710
200.5430,107.3890,0.5200,1304222824995200,0.0000,0.4710
200.1570,106.6960,0.5200,1304222825029000,0.0000,0.4710
199.9430,106.1120,0.5210,1304222825029400,0.0000,0.4710
199.6860,105.6010,0.5220,1304222825029700,0.0000,0.4710
199.5570,105.2000,0.5230,1304222841127200,0.0000,0.4710
199.3430,104.7620,0.5240,1304222841165300,0.0000,0.4710
199.0860,104.4700,0.5240,1304222841165800,0.0000,0.4710
198.9570,104.2510,0.5230,1304222841185000,0.0000,0.4710
198.7430,104.1780,0.5230,1304222841185200,0.0000,0.4710
197.9710,104.6160,0.5220,1304222873385300,0.0000,0.4710
197.5860,105.0540,0.5220,1304222873424800,0.0000,0.4710
196.9860,105.8200,0.5220,1304222873425300,0.0000,0.4710
196.0860,107.1700,0.5220,1304222873430000,0.0000,0.4710
195.2290,108.5200,0.5220,1304222889856200,0.0000,0.4710
194.3290,109.8700,0.5220,1304222889873500,0.0000,0.4710
193.4290,111.2930,0.5230,1304222905976600,0.0000,0.4710
192.4430,112.7160,0.5240,1304222906030900,0.0000,0.4710
191.5430,114.0660,0.5260,1304222906031500,0.0360,0.4720
190.6430,115.2340,0.5290,1304222906031700,0.0530,0.4730
189.8710,116.2920,0.5310,1304222906032000,0.0880,0.4720
189.2290,117.1310,0.5340,1304222921965100,0.1050,0.4710
188.6290,117.7880,0.5370,1304222922015600,0.1230,0.4720
188.0710,118.4810,0.5400,1304222938985500,0.1410,0.4720
187.5570,119.0650,0.5440,1304222939047000,0.1570,0.4710
187.0430,119.5390,0.5470,1304222939047600,0.1750,0.4720
186.6140,119.9040,0.5510,1304222939047900,0.1930,0.4730
186.1430,120.1960,0.5540,1304222939048200,0.2110,0.4730
185.7570,120.4880,0.5570,1304222955520100,0.2280,0.4720
185.3290,120.6340,0.5600,1304222955579100,0.2450,0.4720
184.8570,120.7070,0.5620,1304222955579600,0.2450,0.4720
184.4290,120.7070,0.5640,1304222955579900,0.2450,0.4720
183.9570,120.6340,0.5660,1304222971733000,0.2450,0.4720
183.4430,120.3420,0.5670,1304222971753300,0.2450,0.4720
182.7570,119.9770,0.5680,1304222987774900,0.2450,0.4720
182.1140,119.2840,0.5690,1304222987831200,0.2450,0.4720
181.4290,118.6270,0.5690,1304222987831700,0.2630,0.4720
180.8290,117.7880,0.5680,1304222987832100,0.2800,0.4730
179.8430,116.5110,0.5680,1304222987832300,0.2800,0.4730
179.0290,115.4160,0.5670,1304223003742200,0.2800,0.4730
178.4290,114.5040,0.5670,1304223003756900,0.2800,0.4730
177.9140,113.7380,0.5670,1304223020787000,0.2800,0.4730
177.4000,113.0810,0.5670,1304223020801700,0.2800,0.4730
176.9290,112.5700,0.5670,1304223020802200,0.2800,0.4730
176.6290,112.0960,0.5660,1304223020802500,0.2800,0.4730
176.3290,111.7310,0.5650,1304223036825200,0.2800,0.4730
176.0290,111.3660,0.5640,1304223036877000,0.2800,0.4730
175.8140,111.1470,0.5630,1304223036881000,0.2800,0.4730
175.5140,110.9650,0.5620,1304223053808100,0.2800,0.4730
175.0000,111.0380,0.5610,1304223053823100,0.2800,0.4730
174.6140,111.2930,0.5610,1304223053823500,0.2800,0.4730
174.1430,111.5850,0.5600,1304223070007500,0.2800,0.4730
173.7140,111.9500,0.5600,1304223070022000,0.2800,0.4730
173.2000,112.4970,0.5600,1304223086189400,0.2800,0.4730
172.5140,113.0810,0.5610,1304223086203200,0.2800,0.4730
171.8290,113.7380,0.5610,1304223086203600,0.2800,0.4730
171.1430,114.5040,0.5620,1304223086204000,0.2800,0.4730
170.1140,115.7080,0.5640,1304223086204300,0.2800,0.4730
169.0000,116.8390,0.5650,1304223103079800,0.2800,0.4730
167.8860,117.9340,0.5670,1304223103134300,0.2980,0.4720
166.7290,118.9920,0.5690,1304223103134900,0.2980,0.4720
165.8290,119.8310,0.5710,1304223103135200,0.2980,0.4720
165.1000,120.5610,0.5730,1304223119188500,0.2980,0.4720
164.4140,121.1080,0.5750,1304223119202800,0.2980,0.4720
163.8140,121.6920,0.5770,1304223135355200,0.2980,0.4720
163.3000,122.1300,0.5790,1304223135371500,0.2980,0.4720
162.8710,122.5310,0.5810,1304223135372200,0.2980,0.4720
162.4000,122.8230,0.5840,1304223135372500,0.2980,0.4720
161.9710,123.0420,0.5860,1304223135372800,0.2980,0.4720
161.5000,123.3340,0.5870,1304223151641100,0.2980,0.4720
160.9860,123.4800,0.5890,1304223151658300,0.2980,0.4720
160.5140,123.6260,0.5910,1304223167635100,0.2980,0.4720
160.0000,123.7350,0.5920,1304223167649200,0.2980,0.4720
159.5710,123.7350,0.5930,1304223167649700,0.2980,0.4720
159.0140,123.6260,0.5940,1304223167650000,0.2980,0.4720
158.5000,123.5530,0.5940,1304223184639800,0.2980,0.4720
157.9860,123.3340,0.5950,1304223184657500,0.2980,0.4720
157.3860,123.1150,0.5950,1304223184658400,0.2980,0.4720
156.8710,122.8960,0.5950,1304223200754500,0.2980,0.4720
156.3140,122.6040,0.5950,1304223200790500,0.2980,0.4720
155.8860,122.3850,0.5950,1304223200791000,0.2980,0.4720
155.4140,122.1300,0.5950,1304223200796000,0.2980,0.4720
154.9860,121.9110,0.5950,1304223217748500,0.2980,0.4720
154.6000,121.6920,0.5950,1304223217765700,0.2980,0.4720
154.2570,121.5460,0.5950,1304223217766200,0.2980,0.4720
153.9570,121.3270,0.5950,1304223217766500,0.2980,0.4720
153.6570,121.2540,0.5950,1304223217766800,0.2980,0.4720
153.4000,121.1080,0.5950,1304223234708200,0.2980,0.4720
152.9710,120.8530,0.5950,1304223250731200,0.2980,0.4720
152.7570,120.7070,0.5940,1304223250747500,0.2980,0.4720
152.3710,120.5610,0.5940,1304223250748200,0.2980,0.4720
152.1570,120.4150,0.5940,1304223250748500,0.2980,0.4720
151.8570,120.2690,0.5940,1304223267045000,0.2980,0.4720
151.5570,120.0500,0.5940,1304223283269300,0.2980,0.4720
151.2570,119.8310,0.5940,1304223283286100,0.2980,0.4720
150.9570,119.5390,0.5940,1304223299389300,0.2980,0.4720
150.7860,119.2840,0.5940,1304223315815500,0.2980,0.4720
150.6570,118.9190,0.5930,1304223315828400,0.2980,0.4720
150.3570,118.5540,0.5930,1304223315829000,0.2980,0.4720
150.1000,118.0070,0.5920,1304223315829300,0.2980,0.4720
149.8000,117.5690,0.5920,1304223315829500,0.2980,0.4720
149.4570,117.0580,0.5910,1304223331867500,0.2980,0.4720
148.9000,116.3650,0.5900,1304223331899500,0.2980,0.4720
148.3860,115.7080,0.5880,1304223331904000,0.2980,0.4720
147.7000,115.1610,0.5870,1304223331904400,0.3150,0.4720
146.9710,114.6500,0.5850,1304223348871500,0.3150,0.4720
146.1570,114.2850,0.5830,1304223348909900,0.3320,0.4710
145.3860,114.0660,0.5820,1304223365839300,0.3320,0.4710
144.5710,113.9930,0.5810,1304223365854700,0.3320,0.4710
143.8430,114.0660,0.5790,1304223365855300,0.3320,0.4710
142.7710,114.2120,0.5780,1304223365855700,0.3320,0.4710
141.7430,114.5770,0.5770,1304223365855900,0.3320,0.4710
140.6710,115.0150,0.5760,1304223382821000,0.3320,0.4710
139.2570,115.8540,0.5750,1304223382873100,0.3320,0.4710
138.2290,116.5110,0.5740,1304223398897600,0.3320,0.4710
137.2430,117.2040,0.5730,1304223398912200,0.3320,0.4710
136.5570,117.7880,0.5710,1304223398912700,0.3320,0.4710
136.0430,118.4080,0.5700,1304223398913100,0.3320,0.4710
135.5710,118.9920,0.5690,1304223414971800,0.3320,0.4710
135.2710,119.6120,0.5680,1304223414988600,0.3320,0.4710
135.0570,120.0500,0.5660,1304223414989100,0.3320,0.4710
134.9710,120.5610,0.5650,1304223414989400,0.3320,0.4710
134.9290,121.0350,0.5630,1304223414989700,0.3320,0.4710
134.9290,121.4000,0.5610,1304223431057200,0.3320,0.4710
134.9710,121.7650,0.5580,1304223431077900,0.3320,0.4710
134.9710,122.0570,0.5560,1304223447093500,0.3320,0.4710
134.9710,122.3850,0.5540,1304223447156100,0.3320,0.4710
135.0570,122.6770,0.5530,1304223447172300,0.3320,0.4710
134.9710,123.1150,0.5530,1304223463420500,0.3320,0.4710
134.8430,123.3340,0.5540,1304223463440700,0.3320,0.4710
134.6290,123.4800,0.5550,1304223463441200,0.3320,0.4710
134.2430,123.7350,0.5560,1304223479438300,0.3320,0.4710
133.5570,123.8810,0.5570,1304223479455600,0.3320,0.4710
132.5710,124.1000,0.5580,1304223479456300,0.3320,0.4710
131.3710,124.2460,0.5600,1304223479482600,0.3320,0.4710
129.4430,124.4650,0.5610,1304223495635500,0.3320,0.4710
127.2570,124.6840,0.5630,1304223495648900,0.3320,0.4710
124.9430,124.9760,0.5650,1304223511653100,0.3320,0.4710
122.5430,125.3770,0.5660,1304223511691600,0.3320,0.4710
120.1000,125.7420,0.5680,1304223511692200,0.3320,0.4710
117.5290,126.1070,0.5690,1304223511692500,0.3320,0.4710
115.0000,126.6540,0.5700,1304223527666500,0.3320,0.4710
112.4290,127.1650,0.5710,1304223527706300,0.3320,0.4710
109.9000,127.7490,0.5720,1304223527707200,0.3320,0.4710
107.5000,128.5150,0.5730,1304223527707900,0.3320,0.4710
105.1860,129.2450,0.5740,1304223527708600,0.3320,0.4710
103.0000,130.1570,0.5750,1304223543810800,0.3320,0.4710
100.9860,131.0690,0.5750,1304223543846000,0.3320,0.4710
99.1860,132.0180,0.5750,1304223559843100,0.3320,0.4710
97.5570,133.2220,0.5750,1304223559877000,0.3320,0.4710
96.0570,134.5720,0.5750,1304223559877500,0.3320,0.4710
94.6860,135.9950,0.5750,1304223559877800,0.3320,0.4710
93.5710,137.5640,0.5750,1304223575890700,0.3320,0.4710
92.5000,139.3880,0.5750,1304223575905300,0.3330,0.4540
91.6000,141.2490,0.5750,1304223575906000,0.3330,0.4540
90.8710,143.2550,0.5750,1304223592106400,0.3330,0.4540
90.1860,145.5180,0.5750,1304223592157500,0.3320,0.4360
89.5860,147.9260,0.5750,1304223592174100,0.3330,0.4190
89.1570,150.4800,0.5750,1304223592174400,0.3320,0.4020
88.7710,153.1800,0.5750,1304223608078800,0.3330,0.4190
88.3860,155.8430,0.5750,1304223608112200,0.3330,0.4190
88.0860,158.6890,0.5750,1304223624162400,0.3330,0.4190
87.7860,161.5350,0.5760,1304223624200300,0.3330,0.4190
87.5710,164.3080,0.5760,1304223624200800,0.3330,0.4190
87.4860,167.0810,0.5770,1304223624201100,0.3330,0.4190
87.4430,169.7080,0.5780,1304223624201300,0.3330,0.4190
87.4430,172.1160,0.5790,1304223641120000,0.3330,0.4190
87.4430,174.3050,0.5810,1304223641157300,0.3330,0.4190
87.3570,176.0930,0.5820,1304223657303300,0.3330,0.4190
87.4430,177.5160,0.5840,1304223657383300,0.3330,0.4190
87.4430,178.6470,0.5860,1304223657384200,0.3330,0.4190
87.4430,179.6690,0.5880,1304223657409900,0.3330,0.4190
87.3570,180.5080,0.5900,1304223673513500,0.3330,0.4190
87.3570,181.1650,0.5920,1304223673527200,0.3330,0.4190
87.3570,181.8580,0.5950,1304223673527600,0.3330,0.4190
87.3570,182.4420,0.5970,1304223673527900,0.3330,0.4190
87.3570,182.9890,0.6000,1304223673528200,0.3330,0.4190
87.2710,183.4270,0.6020,1304223689605100,0.3330,0.4190
87.2710,183.8650,0.6050,1304223689624900,0.3330,0.4190
87.1860,184.1930,0.6070,1304223705960500,0.3330,0.4190
87.1860,184.4850,0.6090,1304223705980400,0.3330,0.4190
87.1430,185.0690,0.6110,1304223705981200,0.3330,0.4190
87.1430,185.2880,0.6080,1304223723001000,0.3330,0.4190
87.0570,185.7620,0.5920,1304223723072800,0.3330,0.4190
87.0570,186.1270,0.5460,1304223739264700,0.3330,0.4190
