703.6430,88.1240,0.0110,1304237384388400,0.0000,0.2620
703.4710,87.8320,0.0310,1304237384400700,0.0000,0.2790
703.4290,87.5410,0.0550,1304237400407100,0.0000,0.2970
703.2570,87.0660,0.1050,1304237416543600,0.0000,0.3320
703.1720,86.8470,0.1300,1304237416600100,0.0000,0.3490
703.2570,86.4090,0.2010,1304237432640900,0.0000,0.3840
703.6430,86.2630,0.2430,1304237448909600,0.0000,0.3840
704.0710,86.4090,0.2800,1304237448989200,0.0000,0.3840
704.5430,86.5550,0.2970,1304237448989800,0.0000,0.3840
704.9710,86.9200,0.3130,1304237448990200,0.0000,0.3840
705.6570,87.4680,0.3280,1304237465244600,0.0000,0.3840
706.3430,88.0510,0.3420,1304237465284700,0.0000,0.4010
706.9860,88.6720,0.3550,1304237465285500,0.0000,0.4190
707.6710,89.4010,0.3680,1304237465285900,0.0000,0.4360
708.7860,90.5320,0.3790,1304237481337500,0.0000,0.4540
709.7710,91.8100,0.3900,1304237481400500,0.0000,0.4710
710.7570,93.2320,0.4000,1304237497395500,0.0000,0.4890
711.7000,94.6550,0.4100,1304237497415700,0.0000,0.5060
712.5570,96.2240,0.4180,1304237497416300,0.0000,0.5060
713.3710,98.0120,0.4260,1304237497416600,0.0000,0.5060
714.1860,99.8000,0.4330,1304237497416900,0.0000,0.5060
714.9570,101.8430,0.4410,1304237514383300,0.0000,0.5060
715.6000,103.9960,0.4470,1304237514409700,0.0000,0.5060
716.1570,106.2580,0.4540,1304237530400900,0.0000,0.5060
716.5860,108.6660,0.4600,1304237530422100,0.0000,0.5060
716.8860,111.1470,0.4670,1304237530422600,0.0000,0.5060
717.0570,113.8110,0.4730,1304237530422900,0.0000,0.5060
717.1000,116.5840,0.4780,1304237530423300,0.0000,0.5060
716.8860,119.5390,0.4840,1304237547485700,0.0000,0.5060
716.3710,124.7570,0.4900,1304237547533100,0.0000,0.5060
715.5570,128.4420,0.4950,1304237564379800,0.0000,0.5060
714.3570,133.0030,0.5010,1304237564398600,0.0000,0.5060
712.8570,137.2720,0.5060,1304237564399200,0.0000,0.4890
711.4430,140.2630,0.5110,1304237564399600,0.0000,0.4890
709.3860,144.0950,0.5160,1304237581297600,0.0000,0.4890
707.2430,147.7800,0.5210,1304237581332500,0.0000,0.4710
704.8430,151.2090,0.5260,1304237581333200,0.0000,0.4540
702.0570,154.6030,0.5300,1304237597498400,0.0000,0.4360
699.1430,157.5220,0.5340,1304237597534600,0.0000,0.4540
695.8430,160.3680,0.5380,1304237597539000,0.0000,0.4710
692.5430,162.8120,0.5410,1304237597539300,0.0000,0.4710
689.0290,165.2930,0.5440,1304237613540200,0.0000,0.4710
685.5140,167.4820,0.5450,1304237613579600,0.0000,0.4710
682.9000,169.0510,0.5430,1304237613580500,0.0000,0.4710
680.8000,170.2550,0.5380,1304237613581000,0.0000,0.4710
679.0000,171.2040,0.5280,1304237629605900,0.0000,0.4710
677.4140,172.1890,0.5140,1304237629622000,0.0000,0.4710
676.0000,172.8820,0.4920,1304237629622700,0.0000,0.4710
675.0140,173.4660,0.4620,1304237646586300,0.0000,0.4710
674.2860,173.7580,0.3850,1304237646603900,0.0000,0.4710
673.8140,173.7580,0.3210,1304237646605400,0.0000,0.4710
673.5140,173.6120,0.2670,1304237646611200,0.0000,0.4710
680.5430,111.8770,0.0090,1304237794981000,0.1230,0.4720
680.5430,111.5850,0.0260,1304237810765600,0.1230,0.4720
680.5430,111.2200,0.0670,1304237810810500,0.1410,0.4720
680.1140,112.1690,0.1700,1304237843312300,0.1750,0.4720
679.9000,113.0810,0.1870,1304237843348700,0.1750,0.4720
679.6430,114.1390,0.2030,1304237843349300,0.1750,0.4720
679.5140,115.3430,0.2170,1304237843349600,0.1750,0.4720
679.4290,116.6570,0.2300,1304237860289300,0.1750,0.4720
679.3860,118.0070,0.2420,1304237860329400,0.1750,0.4720
679.4290,119.4300,0.2540,1304237860329800,0.1750,0.4720
679.6000,120.7800,0.2640,1304237877243900,0.1750,0.4720
679.9430,122.6770,0.2740,1304237877296900,0.1750,0.4720
680.5000,124.3920,0.2830,1304237877297400,0.1750,0.4720
681.1000,125.5960,0.2910,1304237877297700,0.1750,0.4720
682.2140,126.7270,0.2990,1304237894218400,0.1750,0.4720
683.2430,127.4570,0.3070,1304237894267100,0.1750,0.4720
684.4000,127.8220,0.3140,1304237910197400,0.1750,0.4720
685.5140,128.0040,0.3200,1304237910211600,0.1750,0.4720
686.8000,128.0040,0.3260,1304237910212200,0.1750,0.4720
688.6430,127.6030,0.3320,1304237910212500,0.1930,0.4730
690.4430,126.9460,0.3370,1304237910212800,0.2110,0.4730
692.1570,126.0340,0.3410,1304237926238100,0.2110,0.4730
693.6570,124.8300,0.3450,1304237926257400,0.2110,0.4730
694.8570,123.4800,0.3480,1304237942242900,0.2110,0.4730
695.7570,121.9840,0.3510,1304237942256500,0.2110,0.4730
696.3570,120.3420,0.3540,1304237942257000,0.2110,0.4730
696.5710,118.8460,0.3570,1304237942257200,0.2110,0.4730
696.3570,117.6420,0.3620,1304237959246500,0.2110,0.4730
695.9290,116.5840,0.3680,1304237959296600,0.2110,0.4730
694.8570,115.2340,0.3750,1304237959297000,0.2110,0.4730
693.3570,114.0660,0.3820,1304237959297300,0.2110,0.4730
691.5570,113.1540,0.3890,1304237959297600,0.2110,0.4730
689.4570,112.6430,0.3960,1304237976138900,0.2110,0.4730
687.3140,112.1690,0.4000,1304237976157500,0.2110,0.4730
685.0000,111.9500,0.3990,1304237992357700,0.2110,0.4730
682.8140,111.9500,0.3800,1304237992388200,0.2110,0.4730
680.7140,111.9500,0.3160,1304237992388800,0.2110,0.4730
679.0000,112.0230,0.2630,1304237992389000,0.2110,0.4730
677.5860,111.9500,0.2200,1304238008479300,0.2110,0.4730
652.4710,85.6430,0.2640,1304238189948800,0.0000,0.3840
651.7430,84.7680,0.3960,1304238189969300,0.0000,0.4010
650.9710,84.0010,0.4590,1304238206748000,0.0000,0.4190
650.2860,83.4910,0.4890,1304238206798700,0.0000,0.4190
649.6860,83.1990,0.5020,1304238206822500,0.0000,0.4190
649.1710,82.9430,0.5040,1304238206822800,0.0000,0.4190
648.7860,82.7970,0.5000,1304238206823000,0.0000,0.4190
648.4860,82.7240,0.4940,1304238222912000,0.0000,0.4190
648.2710,82.7240,0.4890,1304238222938600,0.0000,0.4190
647.8860,83.1260,0.4790,1304238239176100,0.0000,0.4190
647.8860,83.4180,0.4770,1304238239242000,0.0000,0.4190
647.8860,84.1470,0.4760,1304238256088600,0.0000,0.4190
647.9710,85.2050,0.4760,1304238256122400,0.0000,0.4360
648.0570,86.4820,0.4760,1304238256122900,0.0000,0.4540
648.3570,88.4890,0.4760,1304238256123200,0.0000,0.4710
648.4430,90.6050,0.4760,1304238256123500,0.0000,0.4890
648.4860,92.9410,0.4760,1304238272083300,0.0000,0.4890
648.6570,95.3120,0.4760,1304238272103300,0.0000,0.4890
648.5710,97.7200,0.4770,1304238288244200,0.0000,0.4890
648.3570,100.2010,0.4780,1304238288264500,0.0000,0.4890
648.0570,102.6820,0.4790,1304238288265100,0.0000,0.4890
647.5860,105.1270,0.4800,1304238288265500,0.0000,0.4890
647.0290,107.6080,0.4810,1304238304360100,0.0000,0.4890
646.1710,109.9430,0.4820,1304238304375600,0.0000,0.4890
645.2710,112.1690,0.4840,1304238304376100,0.0000,0.4890
644.1570,114.2850,0.4860,1304238320692900,0.0000,0.4890
642.9570,116.2190,0.4890,1304238320729400,0.0000,0.4890
640.4710,119.3570,0.4920,1304238320729900,0.0000,0.4890
638.5430,121.4000,0.4960,1304238320730400,0.0000,0.4890
636.9140,122.8960,0.5000,1304238337669300,0.0000,0.4890
635.3290,123.9540,0.5030,1304238337703900,0.0000,0.4890
633.9140,124.7570,0.5070,1304238337704400,0.0000,0.4890
632.2430,125.4500,0.5110,1304238337704800,0.0000,0.4890
631.0000,125.8150,0.5150,1304238354644900,0.0000,0.4890
629.9290,125.9610,0.5180,1304238354694700,0.0000,0.4890
628.9430,125.8880,0.5220,1304238354695300,0.0000,0.4890
628.0000,125.7420,0.5250,1304238371638600,0.0000,0.4890
627.1430,125.3040,0.5280,1304238371675500,0.0000,0.4890
626.3290,124.6840,0.5310,1304238371696300,0.0000,0.4890
625.3430,123.5530,0.5330,1304238371696600,0.0000,0.4890
624.4000,122.1300,0.5350,1304238388580400,0.0000,0.4890
623.6290,120.4880,0.5370,1304238388624700,0.0000,0.4890
622.9430,118.7730,0.5390,1304238405493000,0.0000,0.4890
622.5140,116.9120,0.5400,1304238405507200,0.0000,0.4890
622.1290,115.0150,0.5410,1304238405507900,0.0000,0.4890
621.7000,113.1540,0.5410,1304238405508200,0.0000,0.4890
621.5290,111.5850,0.5420,1304238405508600,0.0000,0.4890
621.4000,110.3080,0.5420,1304238421627100,0.0000,0.4890
621.3140,109.2500,0.5420,1304238421640900,0.0000,0.4890
621.2290,108.3010,0.5420,1304238421641400,0.0000,0.4890
621.3140,107.4620,0.5420,1304238437720600,0.0000,0.4890
621.3140,106.6960,0.5410,1304238437756300,0.0000,0.4890
621.4000,106.0390,0.5410,1304238437756900,0.0000,0.4890
621.5290,105.4190,0.5410,1304238437757200,0.0000,0.4890
621.7000,104.8350,0.5400,1304238454706800,0.0000,0.4890
621.9140,104.2510,0.5400,1304238454743500,0.0000,0.4890
622.2140,103.7770,0.5390,1304238470893500,0.0000,0.4890
622.6000,103.4120,0.5390,1304238470916600,0.0000,0.4890
622.9430,103.1200,0.5380,1304238470917100,0.0000,0.4890
623.4140,102.9010,0.5380,1304238470917400,0.0000,0.4890
623.8000,102.7550,0.5380,1304238470917700,0.0000,0.4890
624.1430,102.6820,0.5370,1304238486991300,0.0000,0.4890
624.4430,102.6820,0.5360,1304238487028300,0.0000,0.4890
624.7430,102.8280,0.5360,1304238487028800,0.0000,0.4890
625.1290,103.0470,0.5350,1304238487029100,0.0000,0.4890
625.4290,103.3390,0.5350,1304238503248200,0.0000,0.4890
625.6430,103.8500,0.5350,1304238503294100,0.0000,0.4890
625.7290,104.3970,0.5340,1304238519245700,0.0000,0.4890
625.6430,104.9810,0.5340,1304238519261300,0.0000,0.4890
625.5140,105.9660,0.5340,1304238519261800,0.0000,0.4890
625.0430,107.0240,0.5330,1304238519262100,0.0000,0.4890
624.3140,108.5930,0.5330,1304238535468700,0.0000,0.4890
623.2000,110.1620,0.5330,1304238535509200,0.0000,0.4890
621.9140,111.6580,0.5330,1304238551549200,0.0000,0.4890
620.5000,113.1540,0.5330,1304238551563100,0.0000,0.4890
618.8290,114.6500,0.5330,1304238551563600,0.0000,0.4890
617.1140,116.0000,0.5330,1304238551563900,0.0000,0.4890
615.3140,117.3500,0.5330,1304238551564200,0.0000,0.4890
613.3860,118.5540,0.5330,1304238567680200,0.0000,0.4890
611.5000,119.7580,0.5330,1304238567698700,0.0000,0.4890
609.5710,120.7800,0.5330,1304238584588100,0.0000,0.4890
607.6860,121.6920,0.5330,1304238584601500,0.0000,0.4890
605.8860,122.5310,0.5330,1304238584602000,0.0000,0.4890
604.0860,123.1880,0.5330,1304238584602300,0.0000,0.4890
602.3710,123.8080,0.5330,1304238600662900,0.0000,0.4890
600.6570,124.2460,0.5330,1304238600678000,0.0000,0.4890
599.1570,124.5380,0.5330,1304238600678600,0.0000,0.4890
597.7430,124.6840,0.5330,1304238600678900,0.0000,0.4890
596.4570,124.6840,0.5340,1304238600679200,0.0000,0.4890
595.1710,124.6840,0.5340,1304238616783900,0.0000,0.4890
593.8430,124.5380,0.5340,1304238616798700,0.0000,0.4890
591.9570,124.1730,0.5340,1304238633832900,0.0000,0.4890
590.0710,123.6260,0.5350,1304238633846900,0.0000,0.4890
588.2710,122.9690,0.5360,1304238633847400,0.0000,0.4890
586.6430,122.0570,0.5370,1304238633847600,0.0000,0.4890
585.1430,120.9620,0.5380,1304238633852300,0.0000,0.4890
583.9430,119.6120,0.5390,1304238650725400,0.0000,0.4890
582.8290,117.8610,0.5400,1304238650741300,0.0000,0.4890
582.0570,115.8540,0.5420,1304238667664600,0.0000,0.4890
581.6290,113.5190,0.5430,1304238667696800,0.0000,0.4890
581.4570,110.8190,0.5440,1304238667697400,0.0000,0.4890
581.6290,105.2730,0.5450,1304238667697800,0.0000,0.4890
582.1430,99.5810,0.5460,1304238667698200,0.0180,0.4900
582.7430,93.8890,0.5470,1304238683718000,0.0530,0.4900
583.4710,88.3430,0.5480,1304238683754800,0.0880,0.4900
584.2430,83.0530,0.5490,1304238700714700,0.1230,0.4900
584.6710,79.1490,0.5500,1304238700746200,0.1410,0.4900
585.0570,75.9740,0.5520,1304238700746800,0.1580,0.4900
585.2290,73.5300,0.5550,1304238700747100,0.1750,0.4890
585.3570,71.1950,0.5580,1304238700747400,0.1930,0.4900
585.4430,69.0420,0.5610,1304238717713100,0.2100,0.4890
585.4430,67.3640,0.5630,1304238717745300,0.2270,0.4890
585.4430,66.0860,0.5660,1304238717745800,0.2460,0.4900
585.4430,65.0650,0.5680,1304238717746100,0.2630,0.4890
585.4430,64.2260,0.5700,1304238734687900,0.2800,0.4890
585.4430,63.5690,0.5700,1304238734705900,0.2980,0.5070
585.4430,63.0220,0.5660,1304238750851800,0.2980,0.5070
585.5290,62.6570,0.5590,1304238750870600,0.2980,0.5070
585.5710,62.4380,0.5490,1304238750874500,0.2980,0.5070
585.7430,62.2920,0.5330,1304238750874800,0.2980,0.5070
586.4710,63.0220,0.4070,1304238766901700,0.2980,0.5070
586.9430,64.0070,0.3390,1304238782902700,0.2980,0.5070
587.5430,65.6490,0.2820,1304238782916400,0.2980,0.5070
608.9710,151.3550,0.2930,1304238898362900,0.1400,0.3140
608.8000,151.6470,0.4290,1304238898392400,0.1580,0.3320
608.5860,151.9030,0.4900,1304238914223300,0.1750,0.3320
608.4140,152.1220,0.5180,1304238914268200,0.1930,0.3320
608.2860,152.3410,0.5290,1304238931200600,0.1930,0.3320
608.5860,152.7050,0.5330,1304238931264600,0.1930,0.3320
609.1860,152.6320,0.5350,1304238947744500,0.1930,0.3320
609.7000,152.5590,0.5370,1304238947788400,0.1930,0.3320
610.4710,152.4130,0.5380,1304238947788900,0.1930,0.3320
611.5000,152.2680,0.5400,1304238964688000,0.1930,0.3320
612.7860,152.1220,0.5420,1304238964722100,0.1930,0.3320
614.9290,151.8300,0.5430,1304238964722700,0.1930,0.3320
617.1140,151.5010,0.5440,1304238981662700,0.2100,0.3330
619.3860,151.2090,0.5400,1304238981677800,0.2280,0.3330
621.7860,150.9910,0.5310,1304238981682900,0.2280,0.3500
624.1430,150.6990,0.5150,1304238981683300,0.2280,0.3670
626.5000,150.4800,0.4890,1304238997656100,0.2280,0.3670
628.6430,150.2240,0.4070,1304238997695000,0.2280,0.3670
630.7430,150.0050,0.3390,1304239014599900,0.2280,0.3670
632.5430,149.6410,0.2830,1304239014625200,0.2280,0.3670
552.2710,110.8920,0.2180,1304239461136900,0.0880,0.4720
552.4000,110.7460,0.3260,1304239461143200,0.1050,0.4710
552.7000,111.1470,0.4260,1304239493689000,0.1230,0.4720
552.7860,111.3660,0.4260,1304239493711000,0.1230,0.4720
552.8710,111.6580,0.4260,1304239509653900,0.1230,0.4720
552.8710,111.9500,0.4260,1304239509692900,0.1230,0.4720
552.8710,112.3150,0.4260,1304239509693500,0.1230,0.4720
552.9140,112.8620,0.4270,1304239509693800,0.1230,0.4720
552.9140,113.4460,0.4270,1304239526557200,0.1230,0.4720
552.8710,114.1390,0.4280,1304239526577800,0.1230,0.4720
552.6140,115.0880,0.4290,1304239542676200,0.1230,0.4720
552.2710,116.0000,0.4300,1304239542692700,0.1230,0.4720
551.7140,116.9850,0.4310,1304239542693300,0.1230,0.4720
550.9000,118.4080,0.4320,1304239542693700,0.1230,0.4720
549.7860,119.7580,0.4330,1304239542694000,0.1410,0.4720
548.5000,121.1080,0.4340,1304239558702100,0.1570,0.4710
547.0860,122.3120,0.4350,1304239558734700,0.1750,0.4720
545.5860,123.4070,0.4360,1304239575681900,0.1930,0.4730
544.1710,124.4650,0.4380,1304239575697500,0.1930,0.4730
542.6710,125.3770,0.4400,1304239575698100,0.1930,0.4730
541.3430,126.1800,0.4420,1304239575701600,0.1930,0.4730
540.1860,126.8000,0.4440,1304239575702000,0.1930,0.4730
539.2430,127.2380,0.4470,1304239592665500,0.2110,0.4730
538.3860,127.5300,0.4500,1304239592687400,0.2110,0.4730
537.6570,127.7490,0.4520,1304239608705200,0.2110,0.4730
536.9710,127.9310,0.4550,1304239608738300,0.2110,0.4730
536.3710,128.0040,0.4580,1304239608738800,0.2110,0.4730
535.8570,127.9310,0.4620,1304239608739100,0.2110,0.4730
535.2570,127.8220,0.4650,1304239625657000,0.2110,0.4730
534.6570,127.5300,0.4690,1304239625698000,0.2110,0.4730
533.9710,127.0190,0.4730,1304239625699000,0.2110,0.4730
533.3710,126.3260,0.4770,1304239642680400,0.2110,0.4730
532.8570,125.3770,0.4800,1304239642722200,0.2110,0.4730
532.1710,123.8080,0.4830,1304239642723100,0.2110,0.4730
531.6570,121.9110,0.4860,1304239642725300,0.2110,0.4730
531.2710,119.7580,0.4890,1304239658721600,0.2110,0.4730
530.9710,117.3500,0.4910,1304239658737000,0.2110,0.4730
530.8430,114.6500,0.4930,1304239658737500,0.2110,0.4730
530.6710,111.8040,0.4950,1304239658737800,0.2110,0.4730
530.6710,106.2580,0.4970,1304239658738100,0.2110,0.4730
530.6710,101.9890,0.4980,1304239674797300,0.2110,0.4730
530.6710,98.4870,0.5000,1304239674849700,0.2110,0.4730
530.8430,95.5310,0.5010,1304239691806900,0.2110,0.4730
530.9290,92.6850,0.5030,1304239691825100,0.2110,0.4730
530.9290,90.0950,0.5060,1304239691825600,0.2110,0.4730
530.9710,87.6870,0.5080,1304239691825900,0.2110,0.4730
531.0570,85.4970,0.5110,1304239691826100,0.2110,0.4730
531.1430,83.7820,0.5140,1304239708744300,0.2110,0.4730
531.1430,82.3590,0.5170,1304239708807200,0.2110,0.4730
531.2290,81.2280,0.5190,1304239724779600,0.2110,0.4730
531.2290,80.2800,0.5220,1304239724800000,0.2110,0.4730
531.2710,79.4410,0.5240,1304239724800500,0.2110,0.4730
531.2710,78.7470,0.5260,1304239724800900,0.2110,0.4730
531.3570,78.1640,0.5280,1304239740911000,0.2110,0.4730
531.3570,77.6530,0.5290,1304239740975100,0.2110,0.4730
531.3570,77.1780,0.5300,1304239740975700,0.2110,0.4730
531.4430,76.8860,0.5310,1304239756961600,0.2110,0.4730
531.4430,76.5950,0.5330,1304239757002500,0.2110,0.4730
531.3570,77.8720,0.5370,1304239773845500,0.2110,0.4730
531.1430,79.0760,0.5380,1304239773895400,0.2110,0.4730
530.8430,81.2280,0.5390,1304239773895900,0.2110,0.4550
530.4570,83.6360,0.5400,1304239790217200,0.2110,0.4730
530.0290,86.1180,0.5410,1304239790251600,0.2110,0.4730
528.8710,90.6780,0.5420,1304239807113300,0.2110,0.4730
527.6710,95.0930,0.5420,1304239807136800,0.2110,0.4730
526.5570,98.4870,0.5430,1304239807137500,0.2110,0.4730
525.0140,102.5730,0.5440,1304239807156000,0.2110,0.4730
523.5570,105.6740,0.5460,1304239823202000,0.2110,0.4730
521.5430,109.3960,0.5480,1304239823215600,0.2110,0.4730
519.7430,112.0960,0.5500,1304239839238900,0.2110,0.4730
517.3000,115.4160,0.5520,1304239839254800,0.2280,0.4720
514.4290,118.3350,0.5550,1304239839255400,0.2450,0.4720
512.1140,120.5610,0.5590,1304239839255800,0.2450,0.4720
508.8140,123.1880,0.5620,1304239839256100,0.2450,0.4720
505.2140,125.5960,0.5650,1304239855252200,0.2450,0.4720
501.2710,127.7490,0.5680,1304239855283400,0.2450,0.4720
497.3710,129.7190,0.5710,1304239871361100,0.2450,0.4720
493.2570,131.3610,0.5730,1304239871378100,0.2450,0.4720
489.9570,132.4920,0.5760,1304239871378600,0.2450,0.4720
487.0000,133.2950,0.5780,1304239871378900,0.2450,0.4720
484.4710,133.9150,0.5800,1304239871379200,0.2450,0.4720
481.7710,134.4260,0.5820,1304239887692600,0.2450,0.4720
478.9860,134.7910,0.5840,1304239887768700,0.2450,0.4720
476.1570,135.0460,0.5860,1304239887769500,0.2450,0.4720
473.3290,135.1190,0.5870,1304239903737600,0.2450,0.4720
470.6710,135.1190,0.5890,1304239903774700,0.2450,0.4720
468.0570,134.9730,0.5900,1304239903775300,0.2450,0.4720
465.6570,134.6450,0.5910,1304239919780000,0.2450,0.4720
463.5570,134.2800,0.5920,1304239919820600,0.2450,0.4720
461.7140,133.9150,0.5940,1304239919821100,0.2450,0.4720
460.3430,133.4410,0.5950,1304239919821500,0.2450,0.4720
459.3140,132.9300,0.5960,1304239919821800,0.2450,0.4720
458.7140,132.4920,0.5970,1304239935867200,0.2450,0.4720
458.2430,131.9450,0.5970,1304239935883000,0.2450,0.4720
458.2000,131.5070,0.5980,1304239952722500,0.2450,0.4720
458.2430,130.9960,0.5980,1304239952739600,0.2450,0.4720
458.5430,130.5220,0.5980,1304239952740200,0.2450,0.4720
459.3140,129.9380,0.5990,1304239952740500,0.2450,0.4720
460.1290,129.5000,0.5990,1304239969735200,0.2450,0.4720
461.2430,129.0260,0.5990,1304239969754400,0.2450,0.4720
462.9570,128.6610,0.5980,1304239969755100,0.2450,0.4720
464.6290,128.5150,0.5960,1304239985947000,0.2450,0.4720
466.2140,128.5880,0.5940,1304239985961200,0.2450,0.4720
468.1430,128.9530,0.5920,1304239985961700,0.2450,0.4720
469.9430,129.5730,0.5900,1304239985962000,0.2450,0.4720
471.5290,130.5220,0.5880,1304240002891100,0.2450,0.4720
472.8570,131.7990,0.5860,1304240002906500,0.2450,0.4720
473.8430,133.2950,0.5850,1304240019025000,0.2450,0.4720
474.3570,135.1920,0.5830,1304240019041000,0.2450,0.4720
474.4430,137.1990,0.5820,1304240019041500,0.2450,0.4720
474.0570,139.5340,0.5810,1304240019046400,0.2450,0.4720
472.7710,143.9490,0.5800,1304240019046900,0.2450,0.4550
470.9710,147.9990,0.5800,1304240035155900,0.2450,0.4550
468.9140,151.9030,0.5800,1304240035168800,0.2450,0.4370
466.6430,155.3320,0.5790,1304240035169200,0.2450,0.4550
464.7140,157.7410,0.5790,1304240035169600,0.2450,0.4550
463.0430,159.6740,0.5790,1304240052120300,0.2450,0.4720
461.5430,161.2430,0.5760,1304240052134300,0.2450,0.4720
460.0430,162.6660,0.5700,1304240068409600,0.2450,0.4720
458.5430,164.0160,0.5570,1304240068424800,0.2450,0.4720
457.1290,165.2930,0.5360,1304240068425300,0.2450,0.4720
456.0140,166.2780,0.5190,1304240068425700,0.2450,0.4720
455.0290,167.0080,0.4320,1304240068428900,0.2450,0.4720
454.3000,167.4090,0.3600,1304240084666600,0.2450,0.4720
453.7430,167.4820,0.3000,1304240084683500,0.2450,0.4720
543.7000,55.2500,0.2250,1304240331885100,0.1750,0.4360
544.9860,54.7030,0.3380,1304240331903700,0.1750,0.4550
545.9710,54.3380,0.3950,1304240331904300,0.1750,0.4720
546.7000,53.9730,0.4230,1304240331904600,0.1750,0.4720
547.3000,53.7540,0.4360,1304240331904900,0.1750,0.4720
547.8570,53.4990,0.4430,1304240348806600,0.1750,0.4720
548.2860,53.4260,0.4460,1304240348834100,0.1750,0.4720
548.5860,53.3530,0.4480,1304240364787200,0.1750,0.4720
548.8000,53.3530,0.4490,1304240364831900,0.1750,0.4720
548.8860,53.6810,0.4530,1304240381018800,0.1930,0.4730
547.9860,54.3380,0.4580,1304240381038600,0.2110,0.4730
547.0860,54.7760,0.4620,1304240381039100,0.2110,0.4730
545.5860,55.4690,0.4670,1304240381039400,0.2110,0.4730
543.8710,56.0530,0.4730,1304240397978900,0.2110,0.4730
541.9860,56.6730,0.4780,1304240398001100,0.2110,0.4730
539.9710,57.2570,0.4840,1304240414935700,0.2280,0.4720
537.9570,57.8770,0.4890,1304240414971400,0.2450,0.4720
535.7710,58.3880,0.4940,1304240414976400,0.2450,0.4720
533.6710,58.9720,0.4980,1304240414976700,0.2450,0.4720
531.5290,59.5190,0.5030,1304240414977000,0.2450,0.4720
529.4290,59.9570,0.5060,1304240431871000,0.2450,0.4720
527.4570,60.3950,0.5090,1304240431904100,0.2450,0.4720
525.7430,60.8690,0.5100,1304240448861300,0.2450,0.4720
524.2430,61.1610,0.5080,1304240448876100,0.2630,0.4720
523.0430,61.4530,0.5010,1304240448876700,0.2800,0.4730
522.0570,61.5990,0.4920,1304240448877000,0.2800,0.4730
521.3290,61.7450,0.4770,1304240448877300,0.2800,0.4730
520.7290,61.8180,0.4550,1304240465773400,0.2800,0.4730
520.2570,61.8910,0.4260,1304240465860600,0.2800,0.4730
520.0430,61.7450,0.3550,1304240481937400,0.2800,0.4730
519.9570,61.3800,0.2460,1304240481953200,0.2800,0.4730
533.9290,37.4810,0.1950,1304240531249300,0.2800,0.4730
534.6570,36.1310,0.2950,1304240547962000,0.2800,0.4730
535.0860,35.0730,0.3480,1304240547982600,0.2800,0.4730
535.3430,34.3430,0.3760,1304240547983100,0.2800,0.4730
535.4710,33.7230,0.3920,1304240564219400,0.2800,0.4730
535.5570,33.2850,0.4010,1304240564245700,0.2800,0.4730
535.4710,33.0660,0.4080,1304240564246200,0.2800,0.4730
535.0860,32.9200,0.4190,1304240580239800,0.2800,0.4730
534.5710,32.9930,0.4250,1304240580253300,0.2800,0.4730
533.6710,33.4310,0.4310,1304240597139500,0.2800,0.4730
531.9570,34.2700,0.4380,1304240597175500,0.2800,0.4730
530.0290,35.2190,0.4440,1304240597176100,0.2800,0.4730
526.2570,37.1890,0.4500,1304240597196500,0.2800,0.4730
522.6140,39.1230,0.4560,1304240597197000,0.2800,0.4730
519.8290,40.5460,0.4620,1304240613361700,0.2800,0.4730
517.6430,41.8960,0.4670,1304240613377400,0.2800,0.4730
515.8430,42.9540,0.4720,1304240629367700,0.2800,0.4730
514.1290,44.0850,0.4760,1304240629388100,0.2800,0.4730
512.6290,45.3620,0.4750,1304240629388700,0.2800,0.4730
511.3000,46.6390,0.4640,1304240629389000,0.2800,0.4730
510.1430,47.9890,0.4420,1304240629389300,0.2800,0.4730
509.2000,49.4120,0.4220,1304240646314100,0.2800,0.4730
508.6860,50.7260,0.3510,1304240646339600,0.2800,0.4730
508.5140,51.7840,0.2930,1304240663324300,0.2800,0.4730
508.5140,52.6960,0.2440,1304240663372400,0.2800,0.4730
544.8570,74.6610,0.0450,1304240795811000,0.1400,0.3850
545.1570,74.8070,0.1160,1304240811940900,0.1400,0.3850
545.3710,74.8800,0.1500,1304240811964400,0.1400,0.3850
545.7570,75.0990,0.2140,1304240827937100,0.1400,0.3850
545.9710,75.3180,0.2440,1304240827980200,0.1400,0.3850
546.1000,75.4640,0.2730,1304240827980800,0.1400,0.3850
546.4000,75.7550,0.3000,1304240827981100,0.1400,0.3850
546.6570,76.1570,0.3250,1304240827981500,0.1400,0.3850
546.9570,76.5220,0.3480,1304240844404200,0.1400,0.3850
547.2570,76.9590,0.3690,1304240844426900,0.1400,0.3850
547.4710,77.4340,0.3890,1304240861239600,0.1400,0.3850
547.7710,77.9450,0.4060,1304240861259300,0.1400,0.3850
548.0710,78.4550,0.4210,1304240861265200,0.1400,0.3850
548.3710,79.0760,0.4320,1304240861265600,0.1400,0.3850
548.7570,79.8050,0.4370,1304240877403100,0.1400,0.3850
549.0570,80.6450,0.4300,1304240877418100,0.1400,0.3850
549.2710,81.3740,0.4000,1304240893465400,0.1400,0.3850
549.4000,82.1410,0.3340,1304240893526300,0.1400,0.3850
549.4000,82.7240,0.2780,1304240893527200,0.1400,0.3850
549.3570,83.3450,0.2320,1304240893527500,0.1410,0.3670
484.1710,73.9680,0.3010,1304241058765800,0.1410,0.2280
481.9860,73.3110,0.4500,1304241058786400,0.1570,0.2620
479.8860,72.6180,0.5180,1304241074562900,0.1750,0.2980
477.9570,72.1800,0.5470,1304241090857900,0.1930,0.3150
476.4570,72.1070,0.5580,1304241090898500,0.2100,0.3330
475.3430,72.1070,0.5590,1304241090899100,0.2100,0.3500
474.5710,72.3260,0.5510,1304241090899400,0.2100,0.3670
474.0570,72.6180,0.5440,1304241090899700,0.2100,0.3850
473.6710,72.9090,0.5390,1304241107865000,0.2100,0.3850
473.5430,73.3840,0.5340,1304241107906300,0.2100,0.3850
473.4570,73.8950,0.5300,1304241123976700,0.2100,0.3850
473.4570,74.4780,0.5270,1304241124012500,0.2100,0.3850
473.4570,75.1720,0.5250,1304241124017100,0.2100,0.3850
473.5430,76.3030,0.5240,1304241124017600,0.2100,0.3850
473.6290,77.4340,0.5230,1304241140078900,0.2100,0.3850
473.5430,78.6740,0.5230,1304241140112900,0.2100,0.3850
473.4570,80.0240,0.5230,1304241140113400,0.2100,0.3850
473.2430,82.0680,0.5230,1304241140114000,0.2090,0.4020
472.6430,84.0010,0.5240,1304241140114200,0.2100,0.4190
471.8710,85.9720,0.5240,1304241156114400,0.2110,0.4370
470.7570,87.9780,0.5240,1304241156168100,0.2110,0.4370
469.5140,89.8390,0.5250,1304241173156100,0.2110,0.4370
466.8140,93.0870,0.5230,1304241173172100,0.2270,0.4360
464.7140,95.3120,0.5180,1304241173172700,0.2450,0.4370
462.8290,96.9540,0.5100,1304241173176800,0.2450,0.4370
461.0290,98.2310,0.4980,1304241173177100,0.2450,0.4370
459.1430,99.5810,0.4810,1304241189141000,0.2450,0.4370
457.3000,100.7850,0.4610,1304241189196500,0.2450,0.4370
455.3290,101.7700,0.4370,1304241205288900,0.2450,0.4370
453.4860,102.6820,0.4140,1304241205328000,0.2620,0.4370
451.6860,103.1930,0.3920,1304241205328600,0.2790,0.4360
450.2290,103.4120,0.3720,1304241205328900,0.2790,0.4360
449.1140,103.4120,0.3550,1304241221363400,0.2790,0.4360
448.2140,103.1930,0.3390,1304241221380100,0.2790,0.4360
447.4860,102.7550,0.3240,1304241221380700,0.2790,0.4360
446.8000,101.9890,0.3120,1304241237502100,0.2790,0.4360
445.9860,100.4200,0.3010,1304241237517400,0.2810,0.4550
445.2140,98.3770,0.2930,1304241237534200,0.2810,0.4550
444.6140,96.0050,0.2870,1304241237534600,0.2810,0.4550
444.1860,93.3050,0.2850,1304241253685300,0.2980,0.4550
443.5860,88.1240,0.2850,1304241253699700,0.2980,0.4550
443.2000,84.0740,0.2860,1304241253700200,0.2980,0.4550
443.0710,80.6450,0.2890,1304241253700500,0.2980,0.4550
442.9000,77.7990,0.2950,1304241270600600,0.2980,0.4550
442.8140,74.9530,0.3030,1304241270618600,0.2980,0.4550
442.8140,72.2530,0.3130,1304241286724200,0.2980,0.4720
442.7710,69.9180,0.3260,1304241286763200,0.2980,0.4720
442.6860,67.8380,0.3390,1304241286763700,0.2980,0.4720
442.6000,66.3420,0.3530,1304241286764100,0.2980,0.4720
442.6000,65.1380,0.3660,1304241286764400,0.2980,0.4720
442.5140,64.2990,0.3780,1304241303027000,0.2980,0.4720
442.5140,63.7150,0.3890,1304241303041100,0.2980,0.4720
442.5140,63.3130,0.3990,1304241319027400,0.2980,0.4720
442.6000,63.2400,0.4080,1304241319042400,0.2980,0.4720
442.8140,64.2990,0.4310,1304241319043300,0.2980,0.4720
443.0710,65.6490,0.4380,1304241335961500,0.2980,0.4720
443.5000,68.0570,0.4440,1304241335998700,0.2980,0.4720
444.1860,73.5300,0.4490,1304241352006200,0.2980,0.4720
444.8710,79.3680,0.4540,1304241352024800,0.2980,0.4550
445.3000,85.2050,0.4590,1304241352025300,0.2980,0.4720
445.6000,91.3350,0.4640,1304241352025700,0.2980,0.4720
445.8140,97.5740,0.4680,1304241367988300,0.2980,0.4720
445.7290,103.4850,0.4710,1304241368003500,0.2980,0.4720
445.5140,109.2500,0.4750,1304241368004200,0.2980,0.4720
445.0860,114.5040,0.4800,1304241368004500,0.2980,0.4720
444.2710,119.4300,0.4840,1304241384216900,0.2980,0.4720
443.3710,122.9690,0.4900,1304241384230600,0.2980,0.4720
441.7000,127.2380,0.4980,1304241401243600,0.2980,0.4720
439.6000,130.9960,0.5070,1304241401303500,0.2980,0.4720
437.0710,134.5720,0.5170,1304241401304300,0.2980,0.4720
432.6570,138.9870,0.5290,1304241401304800,0.2980,0.4720
427.5570,142.8910,0.5410,1304241401305100,0.2980,0.4720
421.8570,146.3570,0.5530,1304241418155600,0.2980,0.4720
415.7710,149.4950,0.5650,1304241418171100,0.2980,0.4720
409.5570,152.1950,0.5770,1304241434272200,0.2980,0.4550
405.1000,153.7630,0.5880,1304241434308700,0.2980,0.4550
400.4290,155.0410,0.6000,1304241434309500,0.2980,0.4550
396.7860,155.5510,0.6110,1304241434309800,0.2980,0.4550
393.8290,155.6240,0.6220,1304241434310200,0.2980,0.4550
391.3860,155.3320,0.6330,1304241451201900,0.2980,0.4550
389.0290,154.6030,0.6440,1304241451238700,0.2980,0.4550
385.3860,152.4860,0.6530,1304241467230400,0.2980,0.4550
382.7710,149.4950,0.6610,1304241467267200,0.2980,0.4550
381.0140,145.5910,0.6650,1304241467267800,0.2980,0.4550
380.5860,141.6130,0.6660,1304241467268100,0.2980,0.4550
380.9710,135.8490,0.6620,1304241467268400,0.2980,0.4550
382.9000,127.6030,0.6530,1304241483480500,0.2980,0.4720
386.0710,120.0500,0.6400,1304241483550100,0.2980,0.4720
389.8860,113.5190,0.6240,1304241499572600,0.2980,0.4720
394.0860,107.9000,0.6020,1304241499587800,0.2980,0.4720
398.5000,103.1200,0.5850,1304241499588400,0.2980,0.4720
402.0140,100.1280,0.4870,1304241499588800,0.2800,0.4730
406.8570,96.0780,0.4060,1304241515545600,0.2800,0.4730
410.1140,93.2320,0.3380,1304241515559800,0.2620,0.4540
327.2710,138.4760,0.2720,1304241940354600,0.0880,0.3500
327.4860,138.7680,0.4060,1304241956234800,0.0880,0.3670
327.6140,138.9870,0.4700,1304241956294900,0.1050,0.3850
327.7000,139.3150,0.5000,1304241972559800,0.1230,0.3840
327.7000,139.5340,0.5140,1304241972594000,0.1230,0.3840
327.7860,139.8990,0.5220,1304241972595100,0.1230,0.3840
327.5710,140.1910,0.5210,1304241988594700,0.1230,0.4020
326.8860,140.0450,0.5220,1304242004644600,0.1570,0.4190
325.9860,139.6070,0.5240,1304242021541900,0.1570,0.4190
325.1710,139.2420,0.5260,1304242021578700,0.1750,0.4190
324.2710,138.6950,0.5280,1304242021579600,0.1750,0.4190
322.9000,137.8190,0.5290,1304242037578200,0.1750,0.4190
321.4000,136.9070,0.5300,1304242037592800,0.1930,0.4200
319.9000,135.7760,0.5320,1304242037602800,0.1930,0.4200
318.4000,134.6450,0.5330,1304242037603200,0.1930,0.4200
316.9860,133.3680,0.5340,1304242053661100,0.1930,0.4200
315.5710,132.0180,0.5350,1304242053695700,0.2100,0.4190
314.3710,130.7770,0.5360,1304242053696400,0.2100,0.4190
313.3430,129.5730,0.5360,1304242053696700,0.2100,0.4190
312.5710,128.5150,0.5370,1304242070003500,0.2100,0.4190
311.9710,127.6030,0.5370,1304242070017400,0.2100,0.4190
311.5860,126.8000,0.5360,1304242086925200,0.2100,0.4190
311.4570,126.1070,0.5340,1304242086983500,0.2100,0.4190
311.3710,125.4500,0.5320,1304242086984300,0.2100,0.4190
311.4570,124.8300,0.5310,1304242086984800,0.2100,0.4190
311.6710,124.3190,0.5290,1304242087013300,0.2100,0.4190
312.1430,123.5530,0.5270,1304242103841800,0.2100,0.4190
312.7430,122.9690,0.5250,1304242103886200,0.2100,0.4190
313.4710,122.3850,0.5240,1304242120865200,0.2100,0.4190
314.3710,121.9110,0.5220,1304242120879800,0.2100,0.4190
315.3570,121.5460,0.5210,1304242120880500,0.2100,0.4190
316.4710,121.3270,0.5200,1304242120881100,0.2100,0.4190
317.7570,121.2540,0.5190,1304242120881400,0.2100,0.4190
319.0000,121.2540,0.5180,1304242136992100,0.2100,0.4190
320.9710,121.6190,0.5170,1304242137028500,0.2100,0.4190
322.8570,122.0570,0.5160,1304242153990900,0.2100,0.4190
324.4860,122.7500,0.5150,1304242154007200,0.2100,0.4190
326.0710,123.5530,0.5140,1304242154008000,0.2100,0.4190
327.4860,124.5380,0.5130,1304242154008300,0.2100,0.4190
328.6000,125.7420,0.5120,1304242154008700,0.2100,0.4190
329.5860,127.0920,0.5110,1304242170051000,0.2100,0.4190
330.2710,128.5150,0.5110,1304242170067500,0.2100,0.4190
330.5710,129.8650,0.5110,1304242170068300,0.2100,0.4190
330.5710,131.1420,0.5100,1304242170068700,0.2100,0.4190
330.3140,132.3460,0.5100,1304242186061300,0.2100,0.4190
329.5860,134.2070,0.5100,1304242186095600,0.2100,0.4190
328.6860,135.9220,0.5110,1304242202083800,0.2100,0.4190
327.4000,137.6370,0.5130,1304242202106300,0.2100,0.4190
325.8140,139.3880,0.5150,1304242202110100,0.2100,0.4190
322.8570,142.0150,0.5170,1304242202110500,0.2100,0.4190
320.3710,143.8030,0.5200,1304242202110800,0.2100,0.4190
318.2710,145.0800,0.5240,1304242218144500,0.2100,0.4190
316.3860,146.0280,0.5270,1304242218167200,0.2100,0.4190
314.3710,146.8680,0.5310,1304242235112100,0.2100,0.4190
312.3570,147.5610,0.5350,1304242235128800,0.2100,0.4190
310.2570,148.1450,0.5390,1304242235129300,0.2100,0.4190
308.2430,148.5820,0.5440,1304242235129600,0.2100,0.4190
306.2710,148.8010,0.5490,1304242251328900,0.2100,0.4190
304.6430,148.8740,0.5540,1304242251361900,0.2100,0.4190
303.2710,148.8010,0.5590,1304242251365600,0.2100,0.4190
302.0290,148.6550,0.5640,1304242267494900,0.2100,0.4190
300.3570,148.1450,0.5700,1304242267510200,0.2100,0.4190
298.8570,147.5610,0.5750,1304242267510700,0.2100,0.4190
297.4430,146.6490,0.5810,1304242267511000,0.2100,0.4190
296.1570,145.5180,0.5860,1304242283682400,0.2100,0.4190
295.1290,144.1680,0.5910,1304242283723800,0.2100,0.4190
294.1430,142.4530,0.5960,1304242299967900,0.2100,0.4190
293.3290,140.4820,0.6010,1304242299999800,0.2100,0.4190
292.7290,138.2570,0.6050,1304242300000400,0.2100,0.4190
292.2570,135.5570,0.6080,1304242300000700,0.2100,0.4190
291.9140,130.0840,0.6120,1304242300001000,0.2100,0.4190
291.5290,124.5380,0.6140,1304242316152300,0.2100,0.4190
291.5290,118.7000,0.6170,1304242316167100,0.2110,0.4370
291.6140,112.7890,0.6190,1304242316167700,0.2110,0.4550
291.7000,106.5500,0.6210,1304242316168100,0.2110,0.4730
292.0000,97.9390,0.6230,1304242332152600,0.2110,0.4730
292.1290,92.2470,0.6250,1304242332182800,0.2110,0.4730
292.2140,86.6280,0.6280,1304242348317100,0.2280,0.4720
292.1290,82.4320,0.6300,1304242348352400,0.2450,0.4720
292.0430,79.0760,0.6330,1304242348353000,0.2450,0.4720
291.8290,76.3760,0.6350,1304242348353400,0.2450,0.4720
291.6140,73.7490,0.6370,1304242365300600,0.2450,0.4720
291.3140,71.4140,0.6390,1304242365341100,0.2450,0.4720
291.0140,69.3340,0.6410,1304242365341900,0.2450,0.4720
290.8000,67.7650,0.6430,1304242365342500,0.2450,0.4720
290.6290,66.5610,0.6390,1304242382212400,0.2450,0.4720
290.5000,65.6490,0.6290,1304242382235500,0.2450,0.4720
290.4140,64.9920,0.6150,1304242382236100,0.2450,0.4720
290.4140,64.5910,0.5940,1304242398401000,0.2450,0.4720
290.5000,64.3720,0.5790,1304242398455900,0.2450,0.4720
291.1430,64.7370,0.3790,1304242398456900,0.2450,0.4720
291.6140,64.9920,0.3160,1304242415425000,0.2450,0.4720
306.3570,90.2410,0.2930,1304242480951400,0.2280,0.3670
306.3570,90.8240,0.4390,1304242496817700,0.2280,0.3850
306.3570,91.2620,0.5110,1304242496841700,0.2270,0.4010
306.3570,91.6640,0.5460,1304242512934700,0.2280,0.4200
306.4430,91.9550,0.5630,1304242512960600,0.2270,0.4360
306.4430,92.1740,0.5710,1304242512961300,0.2280,0.4540
306.6570,92.4660,0.5750,1304242512961900,0.2270,0.4890
306.8290,92.6120,0.5760,1304242529237500,0.2280,0.5060
307.1710,92.6850,0.5750,1304242545371700,0.2280,0.5060
307.4710,92.6850,0.5750,1304242545403500,0.2280,0.5060
307.9430,92.6120,0.5750,1304242545404400,0.2280,0.5060
308.5860,92.6120,0.5750,1304242545405100,0.2280,0.5060
309.7430,92.5390,0.5750,1304242562290500,0.2280,0.5060
310.9430,92.3200,0.5720,1304242562312500,0.2280,0.5060
312.3570,92.2470,0.5660,1304242579214400,0.2280,0.5060
314.5430,92.1740,0.5550,1304242579243900,0.2280,0.5060
316.6000,92.1010,0.5370,1304242579244600,0.2280,0.5060
318.3570,92.1740,0.5100,1304242579244900,0.2280,0.5060
319.9000,92.1740,0.4900,1304242579245200,0.2280,0.5060
321.2710,92.3200,0.4080,1304242596189100,0.2280,0.5060
322.4710,92.4660,0.3400,1304242596226100,0.2280,0.5060
323.5000,92.6120,0.2830,1304242596235000,0.2280,0.5060
240.0570,109.2500,0.0060,1304242992743200,0.1750,0.4720
240.4430,109.1040,0.0420,1304243009602600,0.1750,0.4720
240.9140,109.5420,0.1120,1304243025711800,0.1750,0.4720
241.0430,110.0160,0.1360,1304243025748100,0.1750,0.4720
241.1290,110.6000,0.1590,1304243025748600,0.1750,0.4720
241.2570,111.6580,0.1810,1304243041692800,0.1750,0.4720
241.4290,112.7890,0.2020,1304243041707300,0.1750,0.4720
241.4290,114.1390,0.2200,1304243041711000,0.1750,0.4720
241.4290,115.6350,0.2380,1304243057780500,0.1750,0.4720
241.4290,117.9340,0.2540,1304243057802200,0.1750,0.4720
241.2570,120.1960,0.2680,1304243057802700,0.1750,0.4720
241.1290,122.5310,0.2810,1304243057803000,0.1750,0.4720
240.9570,124.7570,0.2920,1304243073903300,0.1750,0.4720
240.7430,126.9460,0.3030,1304243073919500,0.1750,0.4720
240.4430,129.0260,0.3130,1304243089905800,0.1750,0.4720
240.1430,131.0690,0.3230,1304243089928000,0.1750,0.4720
239.7570,133.0030,0.3320,1304243089928500,0.1750,0.4720
239.3290,134.7180,0.3410,1304243089928800,0.1750,0.4720
238.9430,136.2140,0.3510,1304243105933300,0.1750,0.4720
238.3430,137.8190,0.3600,1304243105972500,0.1750,0.4720
237.8290,139.0590,0.3690,1304243105974500,0.1750,0.4720
237.2290,140.1910,0.3790,1304243122229400,0.1750,0.4720
236.7140,141.1030,0.3880,1304243122251300,0.1750,0.4720
236.1140,142.0150,0.3980,1304243122251900,0.1750,0.4720
235.6000,142.8180,0.4070,1304243122252200,0.1750,0.4720
234.9140,143.5840,0.4160,1304243138350900,0.1750,0.4720
234.3140,144.1680,0.4250,1304243138369400,0.1750,0.4720
233.8000,144.6050,0.4340,1304243138370000,0.1750,0.4720
233.3290,144.9340,0.4420,1304243138370300,0.1750,0.4720
232.9000,145.1530,0.4500,1304243155342600,0.1750,0.4720
232.5140,145.2990,0.4570,1304243155406400,0.1750,0.4720
232.0430,145.3720,0.4640,1304243155407100,0.1750,0.4720
231.7000,145.2990,0.4710,1304243171447400,0.1750,0.4720
231.2290,145.1530,0.4770,1304243171537000,0.1750,0.4720
230.8000,144.7880,0.4820,1304243171537600,0.1750,0.4720
230.3290,144.3860,0.4870,1304243171537900,0.1750,0.4720
229.8140,143.8030,0.4910,1304243187788100,0.1750,0.4720
229.3000,142.9640,0.4950,1304243187813300,0.1750,0.4720
228.7000,142.1610,0.4990,1304243203865300,0.1750,0.4720
228.0140,140.7380,0.5030,1304243203964600,0.1750,0.4720
227.2860,139.2420,0.5060,1304243203981200,0.1750,0.4720
226.6000,137.6370,0.5080,1304243203986800,0.1750,0.4720
226.1290,136.2860,0.5110,1304243203987500,0.1930,0.4730
225.7000,135.1190,0.5130,1304243220000800,0.1930,0.4730
225.3140,134.0610,0.5150,1304243220023200,0.1930,0.4730
224.9290,133.0030,0.5170,1304243220024200,0.1930,0.4730
224.5860,132.0180,0.5180,1304243220024500,0.1930,0.4730
224.2860,131.0690,0.5200,1304243236324600,0.1930,0.4730
223.9860,130.0840,0.5210,1304243236343300,-0.1740,0.4730
223.6000,129.2450,0.5220,1304243252364800,-0.1400,0.4720
223.3860,128.5150,0.5230,1304243252378100,-0.1040,0.4720
223.0860,127.8220,0.5240,1304243252378600,-0.0700,0.4730
222.9140,127.2380,0.5250,1304243252378900,-0.0520,0.4730
222.7000,126.7270,0.5260,1304243268468400,-0.0350,0.4720
222.4860,126.2530,0.5270,1304243268482300,-0.0350,0.4720
222.3140,125.8150,0.5270,1304243284546400,0.0000,0.4710
222.1000,125.4500,0.5280,1304243284572500,0.0000,0.4710
221.9290,125.1580,0.5280,1304243284573000,0.0000,0.4710
221.8860,124.9030,0.5290,1304243284573400,0.0000,0.4710
221.5860,124.7570,0.5290,1304243300682000,0.0000,0.4710
220.9860,125.5230,0.5300,1304243316739300,0.0000,0.4710
220.5140,126.1800,0.5300,1304243316779300,0.0000,0.4710
220.0860,127.0920,0.5300,1304243316781000,0.0000,0.4710
219.6140,128.0040,0.5300,1304243316782100,0.0000,0.4710
218.8000,129.4270,0.5300,1304243333676500,0.0000,0.4710
218.0710,130.9230,0.5310,1304243333689600,0.0000,0.4710
217.3000,132.3460,0.5320,1304243349853400,0.0000,0.4710
216.4000,133.7690,0.5340,1304243349867700,0.0000,0.4710
215.7140,134.8640,0.5360,1304243349868200,0.0000,0.4710
215.1140,135.9220,0.5390,1304243349868500,0.0000,0.4710
214.6000,136.7610,0.5410,1304243349868800,0.0000,0.4710
214.0000,137.4910,0.5440,1304243366857000,0.0000,0.4710
213.5710,138.2570,0.5480,1304243366874300,0.0000,0.4710
213.0140,138.9140,0.5510,1304243366874900,0.0000,0.4710
212.5860,139.3880,0.5540,1304243366875200,0.0000,0.4710
212.2000,139.8260,0.5570,1304243383117500,0.0000,0.4710
211.7710,140.1180,0.5600,1304243383151800,0.0000,0.4710
211.3860,140.3360,0.5630,1304243399239800,0.0000,0.4710
210.9570,140.4090,0.5660,1304243399253700,0.0000,0.4710
210.3570,140.4820,0.5690,1304243399254300,0.0000,0.4710
209.7570,140.4090,0.5710,1304243399254600,0.0000,0.4710
209.0710,140.1910,0.5730,1304243415449900,0.0000,0.4710
208.3000,139.7530,0.5750,1304243415467700,0.0000,0.4710
207.4860,139.3150,0.5760,1304243431586300,0.0000,0.4710
206.6710,138.6950,0.5760,1304243431647700,0.0000,0.4710
205.9000,138.0380,0.5770,1304243431648200,0.0000,0.4710
205.2570,137.4180,0.5770,1304243431652300,0.0000,0.4710
204.5710,136.7610,0.5760,1304243447742800,0.0000,0.4710
203.8860,136.2140,0.5760,1304243447763100,0.0000,0.4710
203.3710,135.7030,0.5750,1304243447763800,0.0000,0.4710
202.9430,135.3380,0.5740,1304243464686200,0.0000,0.4710
202.5570,134.9730,0.5730,1304243464704700,0.0000,0.4710
202.1710,134.6450,0.5720,1304243464705300,0.0000,0.4710
201.8710,134.4260,0.5710,1304243464705600,0.0000,0.4710
201.4860,134.2070,0.5690,1304243464705900,0.0000,0.4710
201.1860,134.1340,0.5680,1304243480962800,0.0000,0.4710
200.8430,134.0610,0.5670,1304243480980600,0.0000,0.4710
199.9860,134.2070,0.5650,1304243480981300,0.0000,0.4710
199.4710,134.3530,0.5640,1304243497064900,0.0000,0.4710
198.9570,134.5720,0.5640,1304243497082000,0.0000,0.4710
198.3570,134.7910,0.5630,1304243513976200,0.0000,0.4710
197.5860,135.2650,0.5620,1304243513992600,0.0000,0.4710
196.8570,135.6300,0.5620,1304243513993200,0.0000,0.4710
196.0430,136.1410,0.5620,1304243513993600,0.0000,0.4710
195.2290,136.6150,0.5630,1304243530126900,0.0000,0.4710
194.3290,137.1260,0.5630,1304243530186800,0.0000,0.4710
193.4710,137.5640,0.5640,1304243530187300,0.0000,0.4710
192.6570,138.0380,0.5650,1304243546155600,0.0000,0.4710
191.8430,138.4760,0.5660,1304243546205200,0.0000,0.4710
191.0710,138.9140,0.5670,1304243546205900,0.0000,0.4710
190.2570,139.3150,0.5690,1304243546206700,0.0000,0.4710
189.5290,139.6800,0.5700,1304243562218100,0.0000,0.4710
188.8430,139.9720,0.5710,1304243562253100,0.0000,0.4710
188.2430,140.2630,0.5720,1304243562269400,0.0180,0.4730
187.7290,140.4820,0.5730,1304243562269800,0.0360,0.4720
187.2140,140.7380,0.5740,1304243578372500,0.0530,0.4730
186.7430,140.9570,0.5750,1304243578408500,0.0710,0.4730
186.2290,141.1030,0.5770,1304243594533500,0.0880,0.4720
185.7570,141.2490,0.5780,1304243594584600,0.1050,0.4710
185.3290,141.3950,0.5790,1304243594585200,0.1230,0.4720
184.9430,141.5410,0.5800,1304243594588800,0.1410,0.4720
184.4290,141.6860,0.5820,1304243594589500,0.1570,0.4710
184.0430,141.7590,0.5830,1304243610593300,0.1750,0.4720
183.6570,141.8320,0.5850,1304243610627900,0.1750,0.4720
183.3570,141.9050,0.5870,1304243626737300,0.1750,0.4720
183.0140,142.0150,0.5890,1304243626754200,0.1750,0.4720
182.4570,142.0880,0.5930,1304243626755100,0.1750,0.4720
182.1570,142.0880,0.5950,1304243642746800,0.1750,0.4720
181.8570,142.1610,0.5970,1304243642802600,0.1750,0.4720
181.2570,142.2340,0.6000,1304243642803700,0.1750,0.4720
181.0430,142.2340,0.6010,1304243658807800,0.1750,0.4720
180.5290,142.3070,0.6040,1304243674905600,0.1750,0.4720
180.2290,142.3070,0.6050,1304243674946400,0.1930,0.4730
179.7570,142.3070,0.6080,1304243674947300,0.1930,0.4730
179.3290,142.3070,0.6100,1304243691383000,0.1930,0.4730
178.8140,142.2340,0.6140,1304243707463600,0.1930,0.4730
178.6000,142.0880,0.6150,1304243707478600,0.1930,0.4730
178.0000,141.6860,0.6180,1304243707479400,0.1930,0.4730
177.6140,141.3220,0.6190,1304243723452500,0.1930,0.4730
177.1430,140.9570,0.6200,1304243723509400,0.1930,0.4730
176.5430,140.2630,0.6200,1304243723510200,0.1930,0.4730
175.8140,139.6070,0.6200,1304243739503600,0.2110,0.4730
174.7000,138.6220,0.6200,1304243739546800,0.2110,0.4730
173.5000,137.5640,0.6180,1304243739547300,0.2110,0.4730
172.2140,136.6150,0.6170,1304243739547700,0.2110,0.4730
170.8860,135.7030,0.6150,1304243755549900,0.2110,0.4730
169.7290,135.1190,0.6130,1304243755599900,0.2110,0.4730
168.6140,134.7180,0.6120,1304243771764200,0.2110,0.4730
167.6290,134.4990,0.6100,1304243771778400,0.2110,0.4730
166.7290,134.4260,0.6080,1304243771778900,0.2110,0.4730
165.8290,134.4260,0.6070,1304243771779300,0.2110,0.4730
164.8860,134.6450,0.6050,1304243771779600,0.2110,0.4730
163.9860,135.0460,0.6040,1304243788096000,0.2110,0.4730
163.0000,135.4840,0.6020,1304243788141000,0.2110,0.4730
162.2710,136.0680,0.6010,1304243788141600,0.2110,0.4730
161.4140,136.8340,0.6000,1304243788142000,0.2110,0.4730
160.7710,137.5640,0.5990,1304243804110700,0.2110,0.4730
160.2140,138.4030,0.5990,1304243804131500,0.2110,0.4730
159.8710,139.3150,0.5980,1304243820208700,0.2110,0.4730
159.4860,140.1910,0.5980,1304243820243500,0.2110,0.4730
159.1860,141.1030,0.5970,1304243820244000,0.2110,0.4730
158.9710,141.9050,0.5970,1304243820244400,0.2110,0.4730
158.8860,142.6720,0.5970,1304243820244700,0.2110,0.4730
158.7140,143.3650,0.5960,1304243836221100,0.2110,0.4730
158.6710,143.9490,0.5960,1304243836244900,0.2110,0.4730
158.5860,144.4590,0.5950,1304243852503100,0.2110,0.4730
158.4140,145.0070,0.5950,1304243852541500,0.2110,0.4730
158.2860,145.5180,0.5960,1304243852558800,0.2110,0.4730
158.0710,145.9550,0.5960,1304243852559300,0.2110,0.4730
157.6860,146.4300,0.5960,1304243868644600,0.2110,0.4730
157.0000,146.9410,0.5970,1304243868684800,0.2110,0.4730
156.1860,147.4510,0.5970,1304243868686400,0.2110,0.4730
155.1140,147.8530,0.5970,1304243884974300,0.2110,0.4730
153.2710,148.2910,0.5980,1304243884988500,0.2110,0.4730
151.3000,148.5820,0.5980,1304243884989000,0.2110,0.4730
149.1570,148.8740,0.5980,1304243884989700,0.2280,0.4720
146.8860,149.0570,0.5980,1304243901837500,0.2450,0.4720
144.2710,149.2760,0.5990,1304243901853000,0.2450,0.4720
141.5710,149.4220,0.5990,1304243901853600,0.2450,0.4720
138.9570,149.4950,0.5990,1304243901854000,0.2450,0.4720
136.4710,149.7140,0.5990,1304243918096900,0.2450,0.4720
133.9430,149.9320,0.5990,1304243918149700,0.2450,0.4720
131.6290,150.1510,0.5990,1304243918150300,0.2450,0.4720
129.3570,150.5530,0.5980,1304243934272300,0.2450,0.4720
127.2570,150.9180,0.5980,1304243934286900,0.2450,0.4720
125.3290,151.4280,0.5980,1304243934287500,0.2450,0.4720
123.4430,152.0490,0.5980,1304243934287800,0.2450,0.4720
121.8140,152.7050,0.5970,1304243951210600,0.2450,0.4720
120.2290,153.5450,0.5970,1304243951230400,0.2450,0.4720
118.8140,154.6030,0.5970,1304243967288200,0.2450,0.4550
117.6140,155.7700,0.5960,1304243967303100,0.2450,0.4550
116.4140,157.0470,0.5960,1304243967303600,0.2450,0.4720
115.3000,158.6160,0.5960,1304243967303900,0.2450,0.4720
114.3140,160.2950,0.5960,1304243967304300,0.2450,0.4720
113.4140,162.1550,0.5960,1304243984249400,0.2450,0.4720
112.7290,164.0890,0.5970,1304243984283000,0.2450,0.4720
112.0000,166.1320,0.5970,1304243984283600,0.2450,0.4720
111.4000,168.2850,0.5970,1304244000523800,0.2450,0.4720
110.8860,170.6200,0.5980,1304244000548500,0.2450,0.4720
110.4140,173.0280,0.5980,1304244000549000,0.2450,0.4720
110.0290,175.5460,0.5990,1304244017581200,0.2450,0.4720
109.6860,178.1730,0.6010,1304244017595100,0.2450,0.4720
109.3860,180.8730,0.6030,1304244017595600,0.2450,0.4720
109.0860,183.5730,0.6050,1304244017595900,0.2450,0.4720
108.8290,186.2730,0.6080,1304244033615200,0.2450,0.4720
108.6140,188.9000,0.6100,1304244033628500,0.2450,0.4720
108.3140,191.5270,0.6120,1304244050679900,0.2450,0.4720
108.1860,193.9350,0.6150,1304244050710500,0.2450,0.4720
107.9290,196.3070,0.6190,1304244050711100,0.2450,0.4720
107.6290,198.4960,0.6220,1304244050711400,0.2450,0.4720
107.3290,200.5030,0.6270,1304244050715400,0.2450,0.4720
107.0290,202.4730,0.6310,1304244066711600,0.2450,0.4720
106.8140,203.9690,0.6350,1304244066743600,0.2450,0.4720
106.6000,205.1730,0.6380,1304244083695900,0.2450,0.4720
106.3860,206.1950,0.6410,1304244083710300,0.2450,0.4720
106.2140,207.1800,0.6440,1304244083710900,0.2450,0.4720
106.0860,207.9460,0.6470,1304244083711200,0.2450,0.4720
105.9140,208.6030,0.6500,1304244083711500,0.2450,0.4720
105.7860,209.1860,0.6520,1304244099995700,0.2450,0.4720
105.6140,209.7340,0.6530,1304244100010400,0.2450,0.4720
105.4860,210.2450,0.6500,1304244100011000,0.2450,0.4720
105.3140,210.6090,0.6420,1304244100014400,0.2450,0.4720
105.1860,211.0110,0.6290,1304244117055900,0.2450,0.4720
105.0140,211.2300,0.6080,1304244117071100,0.2450,0.4720
104.8860,211.3760,0.5920,1304244133068600,0.2450,0.4720
104.7140,211.5220,0.4930,1304244133107200,0.2450,0.4720
