682.7940,113.5920,0.0110,694010240835200,0.0000,0.4710
682.6410,113.3070,0.0780,694010240851700,0.0000,0.4710
682.4890,113.1510,0.1550,694010256569300,0.0000,0.4710
682.3670,112.9960,0.2300,694010272760000,0.0000,0.4710
682.2140,112.8400,0.3620,694010289776600,0.0000,0.4710
682.3670,113.5410,0.5210,694010322552500,0.0000,0.4710
682.4890,113.9560,0.5440,694010322650100,0.0000,0.4710
682.5800,114.3970,0.5660,694010322652500,0.0000,0.4710
682.7330,115.0710,0.5870,694010322653300,0.0000,0.4710
682.9160,115.8240,0.6070,694010322654100,0.0000,0.4710
683.1290,116.6280,0.6260,694010338799200,0.0000,0.4710
683.4340,117.9510,0.6450,694010338867600,0.0000,0.4710
683.7080,119.2750,0.6630,694010355640700,0.0000,0.4710
683.9830,120.6760,0.6810,694010355742800,0.0000,0.4710
684.2880,122.1550,0.6990,694010355744800,0.0000,0.4710
684.5620,123.7630,0.7160,694010355745500,0.0000,0.4710
684.9280,125.4240,0.7320,694010372671400,0.0000,0.4710
685.3550,127.1100,0.7480,694010372761900,0.0000,0.4710
685.6290,128.9270,0.7630,694010372764800,0.0000,0.4710
685.9040,130.7950,0.7770,694010389151400,0.0000,0.4710
686.1170,132.7150,0.7910,694010389252200,0.0000,0.4710
686.2700,134.7900,0.8040,694010389254500,0.0000,0.4710
686.3310,136.9180,0.8160,694010389255300,0.0000,0.4710
686.2700,139.0970,0.8270,694010405613400,0.0000,0.4540
686.2090,143.0410,0.8380,694010405666300,0.0000,0.4540
685.9950,145.8170,0.8480,694010405668300,0.0000,0.4540
685.2940,149.2940,0.8570,694010405668900,0.0000,0.4540
684.4100,152.6410,0.8660,694010421824900,0.0000,0.4540
683.1290,155.7290,0.8740,694010421926400,0.0000,0.4540
680.8420,159.7240,0.8820,694010421928400,0.0000,0.4540
679.0130,162.2930,0.8900,694010438261300,0.0000,0.4540
675.9330,165.7440,0.8970,694010438296400,0.0000,0.4540
673.5240,167.9750,0.9040,694010438297800,0.0000,0.4540
670.0480,171.0630,0.9110,694010438298700,0.0000,0.4540
666.4500,173.8390,0.9170,694010454500000,0.0000,0.4540
662.7000,176.4080,0.9230,694010454597400,0.0000,0.4540
658.4920,178.7950,0.9290,694010470529600,0.0000,0.4540
654.4980,181.2080,0.9340,694010470623900,0.0000,0.4540
650.4120,183.5430,0.9400,694010470626000,0.0000,0.4540
646.2040,185.8780,0.9450,694010470626700,0.0000,0.4540
641.9660,188.0570,0.9510,694010470627300,0.0000,0.4540
637.6670,190.2630,0.9560,694010486545300,0.0000,0.4540
634.6790,191.8450,0.9610,694010486652900,0.0000,0.4360
630.3190,194.0770,0.9650,694010486655500,0.0000,0.4190
625.8970,196.0490,0.9700,694010486656300,0.0000,0.4010
622.5740,197.3980,0.9790,694010502615600,0.0180,0.3850
617.5730,199.0320,0.9840,694010502691300,0.0180,0.3850
612.6030,200.4340,0.9870,694010519449500,0.0350,0.3840
607.3890,201.5490,0.9880,694010519545400,0.0350,0.3840
601.6870,202.3540,0.9840,694010519546700,0.0350,0.3840
597.3880,202.6130,0.9760,694010519547300,0.0350,0.3840
591.1980,202.8210,0.9640,694010535653300,0.0350,0.3840
585.4360,202.3540,0.9430,694010535734100,0.0350,0.3840
581.4410,202.0680,0.9150,694010552654800,0.0350,0.3670
577.4470,201.4970,0.8970,694010552741900,0.0530,0.3670
572.3850,200.3300,0.8680,694010552743300,0.0710,0.3680
569.3360,199.2140,0.8320,694010552744000,0.0710,0.3680
566.6230,197.8130,0.7880,694010552744500,0.0710,0.3680
564.8850,196.4900,0.7320,694010568977100,0.0880,0.3670
563.7570,195.2180,0.6100,694010569027200,0.0880,0.3670
563.1160,193.9730,0.5080,694010569028700,0.0880,0.3670
562.7500,192.4940,0.4240,694010569029400,0.0880,0.3670
647.5160,136.7100,0.0060,694010839441200,-0.0520,0.4200
647.5160,136.2690,0.0320,694010839489300,-0.0520,0.4200
647.5160,135.8020,0.0670,694010856046100,-0.0520,0.4200
647.5160,135.3350,0.1040,694010856077900,-0.0520,0.4200
647.6680,134.8420,0.1430,694010856079300,-0.0520,0.4200
647.8810,134.2450,0.1830,694010856080000,-0.0520,0.4200
648.0030,133.7260,0.2220,694010856080600,-0.0520,0.4200
648.0950,133.2850,0.2610,694010872946500,-0.0520,0.4200
648.2170,132.9220,0.2980,694010872984300,-0.0520,0.4200
648.2170,132.5590,0.3350,694010889827300,-0.0520,0.4200
648.1560,132.2740,0.3690,694010889860400,-0.0520,0.4200
648.0640,132.0140,0.4010,694010889861700,-0.0520,0.4200
647.8510,131.7550,0.4310,694010889862600,-0.0520,0.4200
647.5760,131.5470,0.4600,694010889863200,-0.0520,0.4200
647.0890,131.4430,0.4870,694010906712300,-0.0520,0.4200
646.6310,131.3910,0.5140,694010906746800,-0.0700,0.4200
645.8080,131.3910,0.5390,694010906748500,-0.0880,0.4210
644.3750,131.5990,0.5630,694010923606800,-0.0880,0.4210
642.8200,131.8580,0.5850,694010923641100,-0.0880,0.4210
641.0820,132.3510,0.6070,694010923642900,-0.0880,0.4210
637.8800,133.4150,0.6270,694010923643500,-0.0880,0.4210
635.7460,134.3750,0.6460,694010940499300,-0.0880,0.4210
632.8190,135.7500,0.6640,694010940539300,-0.0880,0.4210
630.3490,137.3070,0.6820,694010940540600,-0.0880,0.4210
628.6110,138.6820,0.6980,694010940541300,-0.0880,0.4210
626.3240,140.7580,0.7140,694010957383500,-0.0880,0.4210
624.8300,142.4180,0.7280,694010957417100,-0.0880,0.4210
623.7630,143.8970,0.7420,694010974266000,-0.0880,0.4210
622.9700,145.2980,0.7550,694010974302700,-0.0880,0.4210
622.2080,146.6730,0.7670,694010974303900,-0.0880,0.4210
621.7810,148.1520,0.7780,694010974304500,-0.0880,0.4210
621.4760,149.6050,0.7890,694010974305100,-0.0880,0.4210
621.4760,150.8770,0.7990,694010991238700,-0.0880,0.4210
621.6900,152.2000,0.8080,694010991295900,-0.0880,0.4210
622.1160,153.5490,0.8170,694010991297800,-0.0880,0.4210
622.7870,154.6130,0.8250,694011008047800,-0.0880,0.4210
623.7020,155.6250,0.8320,694011008089300,-0.0880,0.4210
624.8610,156.4810,0.8390,694011008090700,-0.0880,0.4210
626.1110,157.1040,0.8450,694011008091300,-0.0880,0.4210
627.6050,157.5450,0.8510,694011024942100,-0.0880,0.4210
629.1290,157.8040,0.8560,694011025005200,-0.0880,0.4210
630.6230,157.8560,0.8610,694011041833000,-0.0880,0.4210
632.1790,157.7010,0.8650,694011041892300,-0.0880,0.4210
633.6120,157.3890,0.8690,694011041894500,-0.0880,0.4210
635.0450,156.8960,0.8720,694011041895100,-0.0880,0.4210
636.2340,156.1960,0.8750,694011041895700,-0.0880,0.4210
637.4530,155.3140,0.8780,694011058714700,-0.0880,0.4210
638.3990,154.1720,0.8810,694011058873900,-0.0880,0.4210
639.1000,152.8490,0.8830,694011058877200,-0.0880,0.4210
640.4420,150.0720,0.8850,694011075582900,-0.0880,0.4210
640.9290,147.8410,0.8870,694011075633000,-0.0880,0.4210
641.2950,145.8690,0.8890,694011075634500,-0.0880,0.4210
641.5090,144.0530,0.8900,694011075635600,-0.0880,0.4210
641.6610,142.0810,0.8920,694011092484700,-0.0880,0.4210
641.8140,140.1090,0.8930,694011092530000,-0.1050,0.4370
641.7530,138.1370,0.8940,694011109381000,-0.1050,0.4550
641.8750,136.1650,0.8950,694011109451000,-0.1050,0.4550
641.8140,134.3230,0.8950,694011109453000,-0.1050,0.4550
641.7220,132.5590,0.8950,694011109453700,-0.1040,0.4720
641.4480,130.8460,0.8960,694011109454700,-0.1220,0.4720
641.2340,129.2900,0.8960,694011126247900,-0.1220,0.4720
640.8070,127.8630,0.8970,694011126288600,-0.1220,0.4720
640.4420,126.4880,0.8970,694011126289900,-0.1220,0.4720
639.7400,125.2940,0.8980,694011126290700,-0.1220,0.4720
639.0390,124.2300,0.8980,694011126291300,-0.1220,0.4720
638.3070,123.2700,0.8990,694011143147700,-0.1220,0.4720
637.3010,122.4920,0.8990,694011143210800,-0.1220,0.4720
636.2640,121.7910,0.8990,694011160037200,-0.1220,0.4720
635.2280,121.2470,0.8950,694011160099800,-0.1220,0.4720
634.2520,120.8830,0.8880,694011160101000,-0.1220,0.4720
633.4590,120.7280,0.8750,694011160101700,-0.1220,0.4720
632.6970,120.6760,0.8570,694011160102200,-0.1220,0.4720
631.8430,120.7790,0.8320,694011176917300,-0.1220,0.4720
631.0500,120.8830,0.8160,694011177103300,-0.1220,0.4720
630.1970,121.0910,0.7880,694011193805500,-0.1220,0.4720
629.0380,121.5320,0.7500,694011193887300,-0.1220,0.4720
627.9100,121.9990,0.6250,694011193890100,-0.1220,0.4720
626.9040,122.4920,0.5200,694011193891000,-0.1220,0.4720
625.8970,123.0110,0.4340,694011193891900,-0.1220,0.4720
607.9690,125.4760,0.3020,694011347324100,0.0000,0.4010
607.5420,125.2420,0.4530,694011362680000,0.0000,0.4190
607.1760,125.0860,0.5280,694011362754500,0.0000,0.4190
606.8710,124.9310,0.5650,694011362756600,0.0000,0.4190
606.5350,124.8790,0.5820,694011379561300,0.0000,0.4190
606.3220,124.7750,0.5900,694011379709600,0.0000,0.4190
606.1700,124.7750,0.5930,694011379794900,0.0000,0.4190
605.8950,124.7230,0.5930,694011396442500,-0.0340,0.4200
605.6510,124.6710,0.5950,694011413346000,-0.0520,0.4200
605.4380,124.9310,0.6110,694011430354300,-0.0520,0.4200
605.3160,125.0860,0.6170,694011430446400,-0.0520,0.4200
605.2550,125.2940,0.6240,694011447103300,-0.0520,0.4200
605.2240,125.6310,0.6300,694011447142800,-0.0520,0.4200
605.1020,126.0460,0.6370,694011447144200,-0.0520,0.4200
605.0110,126.4880,0.6430,694011447144900,-0.0520,0.4200
604.8280,127.1100,0.6490,694011447145500,-0.0520,0.4200
604.6750,127.8110,0.6550,694011464003800,-0.0520,0.4200
604.5230,128.5630,0.6610,694011464045000,-0.0520,0.4200
604.4620,129.3680,0.6670,694011464046700,-0.0520,0.4200
604.4010,130.1980,0.6720,694011464047800,-0.0520,0.4200
604.5230,131.1060,0.6780,694011480875400,-0.0520,0.4200
604.7970,132.4550,0.6840,694011480940300,-0.0520,0.4200
605.1630,133.7260,0.6900,694011480942300,-0.0520,0.4200
605.4380,134.9980,0.6960,694011497904900,-0.0520,0.4200
605.8950,136.2690,0.7010,694011497939600,-0.0520,0.4200
606.3830,137.5150,0.7070,694011497940900,-0.0520,0.4200
606.8100,138.6820,0.7120,694011497941500,-0.0520,0.4200
607.1150,139.6420,0.7160,694011497942100,-0.0520,0.4200
607.3280,140.4460,0.7200,694011514664500,-0.0520,0.4200
607.5110,141.1210,0.7240,694011514731900,-0.0520,0.4200
607.5420,141.7180,0.7280,694011530664700,-0.0520,0.4200
607.5110,142.2370,0.7310,694011530709700,-0.0520,0.4200
607.3890,142.6780,0.7350,694011530711500,-0.0520,0.4200
607.2370,143.0410,0.7390,694011530712200,-0.0520,0.4200
606.8100,143.5340,0.7430,694011530712800,-0.0520,0.4200
606.2310,144.0010,0.7460,694011547090000,-0.0520,0.4200
605.5290,144.3900,0.7500,694011547162600,-0.0520,0.4200
604.2490,144.8050,0.7530,694011563728500,-0.0520,0.4200
602.7550,145.1690,0.7570,694011563789200,-0.0520,0.4200
600.9560,145.5060,0.7600,694011563791000,-0.0520,0.4200
599.0350,145.7650,0.7640,694011563791800,-0.0700,0.4200
595.1930,146.1290,0.7670,694011580145100,-0.0880,0.4210
592.3570,146.3620,0.7700,694011580211200,-0.0880,0.4210
590.0700,146.5700,0.7740,694011580213200,-0.0880,0.4210
588.1190,146.7250,0.7770,694011596425300,-0.0880,0.4210
586.1370,146.8810,0.7800,694011596461900,-0.0880,0.4210
584.2160,147.0890,0.7830,694011596464000,-0.0880,0.4210
582.4170,147.3220,0.7860,694011596465100,-0.0880,0.4210
580.6490,147.5300,0.7900,694011613003100,-0.0880,0.4210
579.0020,147.8410,0.7930,694011613070600,-0.0880,0.4210
577.5080,148.1520,0.7960,694011613072500,-0.0880,0.4210
576.1660,148.5420,0.8000,694011613073300,-0.0880,0.4210
574.9470,148.9050,0.8030,694011629504300,-0.0880,0.4210
573.8190,149.3980,0.8080,694011629577100,-0.0880,0.4210
572.9650,149.8130,0.8120,694011646334200,-0.0880,0.4210
572.3250,150.2280,0.8170,694011646408600,-0.0880,0.4210
571.8060,150.7210,0.8220,694011646410500,-0.0880,0.4210
571.3180,151.2660,0.8270,694011646411400,-0.0880,0.4210
570.8910,151.7850,0.8320,694011646412000,-0.0880,0.4210
570.6170,152.4340,0.8370,694011662466000,-0.0880,0.4210
570.4650,153.1080,0.8420,694011662503700,-0.0880,0.4210
570.4040,153.9120,0.8470,694011678595500,-0.0880,0.4210
570.4650,154.7690,0.8520,694011678710300,-0.0880,0.4210
570.8000,156.0400,0.8570,694011678713400,-0.0880,0.4210
571.2570,157.3890,0.8620,694011678714200,-0.0880,0.4210
571.8980,158.7120,0.8670,694011694583500,-0.0880,0.4210
572.6900,160.0880,0.8710,694011694682900,-0.0880,0.4210
573.5440,161.4370,0.8750,694011694684700,-0.0880,0.4210
574.3980,162.8120,0.8790,694011710578500,-0.0880,0.4210
576.2270,165.1470,0.8830,694011710652000,-0.0880,0.4210
577.4470,166.7560,0.8860,694011710653900,-0.0880,0.4210
578.3620,168.0270,0.8890,694011710654900,-0.0880,0.4210
579.0940,169.0910,0.8920,694011726899300,-0.0880,0.4210
579.6730,170.1030,0.8950,694011726996800,-0.0880,0.4210
580.0690,170.9590,0.8970,694011726998500,-0.0880,0.4210
580.3130,171.7110,0.8990,694011726999200,-0.0880,0.4210
580.4350,172.3600,0.9010,694011727000400,-0.0880,0.4210
580.4960,172.8790,0.9030,694011743121300,-0.0880,0.4210
580.3740,173.4240,0.9050,694011743210600,-0.0880,0.4210
580.2220,173.8390,0.9070,694011759778300,-0.0880,0.4210
579.8560,174.3320,0.9090,694011759818200,-0.0880,0.4210
579.3070,174.7990,0.9110,694011759819500,-0.0880,0.4210
578.7280,175.1620,0.9130,694011759820100,-0.0880,0.4210
577.9960,175.4990,0.9150,694011776689700,-0.0880,0.4210
576.8070,175.8110,0.9160,694011776762400,-0.0880,0.4210
575.4350,175.9660,0.9180,694011793236300,-0.0880,0.4210
574.1540,176.0180,0.9190,694011793331800,-0.0880,0.4210
572.5990,175.9150,0.9200,694011793333100,-0.0880,0.4210
571.0130,175.7070,0.9210,694011793333700,-0.0880,0.4210
569.3360,175.3960,0.9230,694011793334200,-0.0880,0.4210
567.6900,174.9550,0.9240,694011809622400,-0.0880,0.4210
565.9520,174.4880,0.9250,694011809717900,-0.0880,0.4210
562.9030,173.3720,0.9260,694011826510900,-0.0880,0.4210
560.7680,172.4640,0.9270,694011826609100,-0.0880,0.4210
559.1830,171.6590,0.9290,694011826626400,-0.0880,0.4210
557.8410,170.8550,0.9300,694011826627200,-0.0880,0.4210
556.5610,169.9990,0.9320,694011826628100,-0.0880,0.4210
555.4320,169.0910,0.9340,694011842635200,-0.0880,0.4210
554.3650,168.0270,0.9360,694011842701800,-0.0880,0.4210
553.4200,166.9110,0.9390,694011859631900,-0.0880,0.4210
552.5660,165.6400,0.9410,694011859727600,-0.0880,0.4210
551.8040,164.2650,0.9430,694011859728900,-0.0880,0.4210
551.1640,162.7600,0.9450,694011859729500,-0.0880,0.4210
550.7060,161.1510,0.9480,694011875766600,-0.0880,0.4210
550.3710,159.4650,0.9490,694011875858800,-0.0880,0.4210
550.0970,157.4930,0.9510,694011875860600,-0.0880,0.4210
549.9440,155.4170,0.9530,694011875878300,-0.0880,0.4210
549.9440,153.1600,0.9550,694011875879000,-0.0880,0.4210
549.9440,150.8770,0.9560,694011892693400,-0.0880,0.4210
550.1580,146.8290,0.9570,694011892790400,-0.0880,0.4210
550.4930,143.0410,0.9580,694011909400600,-0.0880,0.4210
550.7980,140.2650,0.9590,694011909462100,-0.0880,0.4210
551.1640,138.1370,0.9600,694011909463500,-0.0880,0.4210
551.4380,136.3990,0.9610,694011909464200,-0.0870,0.4370
551.8650,134.6860,0.9610,694011925638700,-0.0870,0.4550
552.3530,133.1300,0.9620,694011925732300,-0.0870,0.4720
552.8710,131.6510,0.9620,694011925733800,-0.0870,0.4720
553.4200,130.3280,0.9630,694011925751600,-0.0870,0.4720
553.9990,129.1340,0.9630,694011925752400,-0.0870,0.4720
554.5790,128.0180,0.9640,694011942177700,-0.0870,0.4720
555.1580,127.0580,0.9640,694011942272700,-0.0870,0.4720
555.7070,126.2540,0.9650,694011958365000,-0.0870,0.4720
556.2250,125.6830,0.9650,694011958399100,-0.0870,0.4720
556.7130,125.2420,0.9650,694011958400400,-0.0870,0.4720
557.2620,124.8790,0.9650,694011958401000,-0.0870,0.4720
557.6890,124.6710,0.9660,694011958401500,-0.0870,0.4720
558.1460,124.5160,0.9660,694011974636800,-0.0870,0.4720
558.5730,124.5160,0.9660,694011974708800,-0.0870,0.4720
559.0000,124.5680,0.9650,694011990738000,-0.0870,0.4720
559.4880,124.7230,0.9650,694011990854400,-0.0870,0.4720
560.0370,125.0350,0.9650,694011990855900,-0.0870,0.4720
560.6160,125.5280,0.9650,694011990856500,-0.0870,0.4720
561.4090,126.3320,0.9650,694012006686200,-0.0870,0.4720
562.1100,127.2660,0.9650,694012006759100,-0.0870,0.4720
562.6890,128.2780,0.9650,694012023637700,-0.0870,0.4720
563.0550,129.2380,0.9650,694012023733600,-0.0870,0.4720
563.3300,130.0940,0.9650,694012023735300,-0.0870,0.4720
563.4210,131.0020,0.9650,694012023736200,-0.0870,0.4720
563.4820,131.9100,0.9650,694012023736800,-0.0870,0.4720
563.3910,132.8700,0.9650,694012040543300,-0.0870,0.4720
562.9640,134.3750,0.9640,694012040670300,-0.0870,0.4720
562.3230,135.8540,0.9640,694012040672100,-0.0870,0.4720
560.7680,138.5780,0.9640,694012040672700,-0.0870,0.4720
558.7560,140.8100,0.9640,694012057356000,-0.0870,0.4720
556.6220,142.8330,0.9640,694012057450100,-0.0870,0.4720
554.2130,144.4940,0.9650,694012057451500,-0.0870,0.4720
551.6520,145.9210,0.9650,694012073271000,-0.0870,0.4720
548.7850,147.1410,0.9650,694012073332900,-0.0700,0.4730
546.4990,147.9450,0.9650,694012073334300,-0.0700,0.4730
544.5780,148.4900,0.9650,694012073334900,-0.0700,0.4730
542.8090,148.8530,0.9660,694012089643300,-0.0700,0.4730
540.8880,149.1640,0.9660,694012089758700,-0.0700,0.4730
538.9670,149.3460,0.9660,694012105848100,-0.0700,0.4730
537.0160,149.3980,0.9660,694012106042000,-0.0700,0.4730
535.0950,149.3980,0.9670,694012106043600,-0.0700,0.4730
533.1740,149.2160,0.9670,694012106044200,-0.0700,0.4730
531.3450,148.9050,0.9670,694012106044700,-0.0700,0.4730
529.6070,148.5420,0.9670,694012121917600,-0.0700,0.4730
527.9900,147.9450,0.9680,694012121979400,-0.0700,0.4730
526.4350,147.3740,0.9680,694012138295000,-0.0700,0.4730
525.0630,146.6220,0.9690,694012138372900,-0.0700,0.4730
523.8440,145.7650,0.9700,694012138374300,-0.0700,0.4730
522.7160,144.8570,0.9710,694012138375000,-0.0700,0.4730
521.7090,143.8970,0.9730,694012154852700,-0.0700,0.4730
520.8560,142.8850,0.9740,694012154955100,-0.0700,0.4730
520.0630,141.7700,0.9780,694012154956600,-0.0700,0.4730
519.3620,140.6020,0.9810,694012170772200,-0.0700,0.4730
518.7820,139.3310,0.9840,694012170843900,-0.0700,0.4730
518.3550,137.9820,0.9880,694012170845200,-0.0700,0.4730
517.9890,136.5030,0.9930,694012170846000,-0.0700,0.4730
517.7760,134.9460,0.9970,694012187647200,-0.0700,0.4730
517.6540,133.2340,1.0000,694012187745900,-0.0700,0.4730
517.6540,131.4430,1.0000,694012187747900,-0.0700,0.4730
517.6540,129.5750,1.0000,694012187748500,-0.0700,0.4730
517.7760,127.4990,1.0000,694012187749200,-0.0700,0.4730
518.0810,123.8150,1.0000,694012204424600,-0.0700,0.4730
518.2940,121.0390,1.0000,694012204527000,-0.0700,0.4730
518.5080,118.7040,1.0000,694012221112700,-0.0700,0.4730
518.6300,116.6280,1.0000,694012221212300,-0.0700,0.4730
518.9350,112.6840,1.0000,694012221213700,-0.0690,0.4900
519.0870,109.7010,1.0000,694012221214300,-0.0690,0.4900
519.2090,107.2360,1.0000,694012237150900,-0.0690,0.4900
519.2700,105.1080,1.0000,694012237214900,-0.0870,0.4900
519.2700,102.9810,1.0000,694012253641600,-0.0870,0.4900
519.2700,100.8010,1.0000,694012253734000,-0.0870,0.5060
519.2700,98.7250,1.0000,694012253735500,-0.0870,0.5060
519.2700,96.6500,1.0000,694012253753000,-0.0870,0.5060
519.2090,94.6260,1.0000,694012253754000,-0.0870,0.5060
519.2090,92.7060,1.0000,694012269890100,-0.0870,0.5060
519.2090,90.7860,1.0000,694012269986400,-0.0870,0.5060
519.2700,89.0220,1.0000,694012269988000,-0.0870,0.5060
519.3000,87.3610,1.0000,694012269988600,-0.0870,0.5060
519.4220,85.9340,1.0000,694012286644300,-0.0870,0.5060
519.4830,84.7660,1.0000,694012286744200,-0.0870,0.5060
519.5140,83.8060,1.0000,694012286745800,-0.0870,0.5060
519.5750,83.0540,1.0000,694012302733800,-0.0870,0.5060
519.6360,82.4050,1.0000,694012302805500,-0.0870,0.5060
519.7270,81.8860,1.0000,694012302823000,-0.0870,0.5060
519.7880,81.4710,1.0000,694012302823800,-0.0870,0.5060
519.8490,81.1340,1.0000,694012319633000,-0.0870,0.5060
520.0020,80.8750,1.0000,694012319729400,-0.0870,0.5060
520.2150,80.8230,0.9820,694012335765800,-0.0870,0.5060
520.4290,80.8750,0.9490,694012335859700,-0.0870,0.5060
520.8560,81.0820,0.8990,694012335861100,-0.0870,0.5060
521.6480,81.9380,0.7490,694012335861700,-0.0870,0.5060
522.5630,83.0020,0.6240,694012335862200,-0.0870,0.5060
523.5690,84.1180,0.5200,694012352447300,-0.0870,0.4900
580.1610,167.9750,0.0070,694012733650300,0.0530,0.4200
579.9470,167.8190,0.0450,694012733666500,0.0530,0.4200
579.7950,167.6640,0.0950,694012733668300,0.0530,0.4200
579.6730,167.5080,0.1490,694012733669100,0.0530,0.4200
579.5810,167.3520,0.2040,694012749317500,0.0530,0.4200
579.4290,167.2490,0.2580,694012749383500,0.0530,0.4200
579.3070,166.9630,0.3610,694012765411300,0.0530,0.4200
579.7950,166.4960,0.4940,694012782307500,0.0530,0.4200
580.3130,166.2370,0.5320,694012782368000,0.0530,0.4200
581.0750,165.9510,0.5670,694012782382200,0.0530,0.4200
582.4480,165.5360,0.5990,694012782384100,0.0350,0.4190
584.0640,165.1470,0.6280,694012798548800,0.0180,0.4200
585.8630,164.8880,0.6540,694012798647900,0.0180,0.4200
587.7830,164.6800,0.6780,694012798649700,0.0180,0.4200
589.5820,164.4720,0.7000,694012814997400,0.0180,0.4200
591.5640,164.3170,0.7200,694012815057400,0.0180,0.4200
593.3940,164.1870,0.7380,694012815059000,0.0180,0.4200
595.2540,164.0830,0.7540,694012815059700,0.0180,0.4200
596.9920,163.9790,0.7680,694012831847900,0.0180,0.4200
598.7600,163.9790,0.7800,694012831928400,0.0180,0.4200
600.3150,163.9280,0.7900,694012848348200,0.0180,0.4200
601.5350,163.9280,0.7950,694012848456100,0.0180,0.4200
602.5410,163.9790,0.7930,694012848457800,0.0180,0.4200
603.3030,164.0830,0.7770,694012848458600,0.0180,0.4200
603.7610,164.1870,0.7510,694012848459200,0.0180,0.4200
604.0960,164.3170,0.7310,694012864934700,0.0180,0.4200
604.2490,164.4720,0.6870,694012865338100,0.0180,0.4200
604.2490,164.6280,0.5720,694012880819300,0.0180,0.4200
474.5090,141.7700,0.3040,694013195435900,0.0000,0.1920
474.5090,140.8620,0.4580,694013195454500,0.0000,0.2270
474.5090,140.2130,0.5360,694013195475200,0.0180,0.2630
474.5400,139.6940,0.5760,694013211981500,0.0180,0.2810
474.5400,139.3830,0.5960,694013212077700,0.0180,0.2980
474.6010,139.0970,0.6060,694013212134900,0.0180,0.3150
474.6620,138.8900,0.6120,694013212137900,0.0180,0.3330
474.7530,138.7340,0.6160,694013228628200,0.0180,0.3500
474.9060,138.5780,0.6280,694013244604100,0.0350,0.3840
475.5150,138.9420,0.6700,694013244679400,0.0350,0.3840
475.9420,139.3830,0.6820,694013261402400,0.0350,0.3840
476.4000,139.9020,0.6940,694013261473900,0.0350,0.3840
477.2530,140.7580,0.7050,694013277646200,0.0350,0.3840
478.0770,141.7180,0.7170,694013277761800,0.0350,0.3840
478.8690,142.7820,0.7280,694013277763400,0.0350,0.3840
479.7230,143.9490,0.7380,694013277764000,0.0350,0.3840
480.5160,145.1690,0.7470,694013293631500,0.0350,0.3840
481.2480,146.3620,0.7550,694013293681700,0.0360,0.4020
481.8880,147.5300,0.7630,694013293683400,0.0350,0.4190
482.4370,148.7490,0.7700,694013293684200,0.0350,0.4190
482.8030,149.9170,0.7770,694013293684900,0.0350,0.4190
483.0770,150.9290,0.7840,694013310623000,0.0350,0.4190
483.1690,151.8890,0.7900,694013310717100,0.0350,0.4190
483.1380,152.7450,0.7960,694013326893700,0.0350,0.4190
482.9250,153.6530,0.8010,694013327006300,0.0350,0.4190
482.4980,154.9240,0.8070,694013327008800,0.0350,0.4190
481.7970,156.1440,0.8120,694013327009900,0.0350,0.4190
480.9430,157.2080,0.8170,694013327010500,0.0350,0.4190
479.8150,158.2970,0.8210,694013343037200,0.0350,0.4190
478.5950,159.1790,0.8240,694013343133600,0.0530,0.4200
477.1620,159.9840,0.8280,694013359686500,0.0710,0.4190
474.3870,161.2810,0.8310,694013359720500,0.0710,0.4190
472.1920,162.0080,0.8340,694013359722300,0.0710,0.4190
470.3930,162.4490,0.8370,694013359723100,0.0710,0.4190
468.7460,162.6560,0.8400,694013375957500,0.0710,0.4190
467.1000,162.8120,0.8420,694013376057500,0.0880,0.4200
465.3920,162.8120,0.8440,694013376059900,0.0880,0.4200
463.6850,162.7080,0.8470,694013376060600,0.0880,0.4200
462.0380,162.4490,0.8490,694013391809000,0.1050,0.4190
460.4220,162.0080,0.8510,694013391873000,0.1050,0.4190
458.9890,161.4370,0.8540,694013408038200,0.1050,0.4190
457.5560,160.7880,0.8570,694013408140000,0.1050,0.4190
456.3670,159.9840,0.8610,694013408141800,0.1050,0.4190
455.3610,159.0240,0.8650,694013408142500,0.1050,0.4190
454.4160,158.0120,0.8690,694013408143100,0.1050,0.4190
453.6530,156.7920,0.8730,694013424793700,0.1050,0.4190
453.0740,155.4690,0.8780,694013424865300,0.1050,0.4190
452.4950,153.9120,0.8820,694013440876900,0.1050,0.4190
452.0680,152.3300,0.8860,694013440973800,0.1050,0.4190
451.7020,150.6170,0.8900,694013440975800,0.1050,0.4190
451.4880,148.8010,0.8930,694013440976400,0.1050,0.4190
451.3050,146.9850,0.8960,694013440977000,0.1050,0.4190
451.0920,145.0650,0.8990,694013456811100,0.1050,0.4190
450.8790,143.1450,0.9020,694013456882500,0.1050,0.4190
450.6650,141.2250,0.9040,694013473625500,0.1060,0.4370
450.4210,139.3310,0.9060,694013473725800,0.1050,0.4550
450.2080,137.4630,0.9080,694013473727600,0.1050,0.4550
449.8720,135.6980,0.9100,694013473728200,0.1050,0.4550
449.5070,134.0380,0.9110,694013490431100,0.1050,0.4710
449.1410,132.5070,0.9120,694013490538900,0.1050,0.4710
448.7140,131.1060,0.9130,694013490540500,0.1050,0.4710
448.1040,129.7830,0.9140,694013506466200,0.1050,0.4710
447.5250,128.6150,0.9150,694013506549400,0.1050,0.4710
446.9450,127.6030,0.9160,694013506551000,0.1050,0.4710
446.1830,126.6430,0.9160,694013506551700,0.1050,0.4710
445.3900,125.7870,0.9170,694013522696400,0.1050,0.4710
444.5970,125.0350,0.9170,694013522769200,0.1050,0.4710
443.6830,124.4640,0.9180,694013522771200,0.1050,0.4710
442.5240,123.9190,0.9180,694013522782800,0.1050,0.4890
441.1820,123.5040,0.9190,694013539068700,0.1060,0.5070
439.8100,123.1670,0.9190,694013539167400,0.1060,0.5070
438.1640,122.9590,0.9190,694013555392100,0.1060,0.5070
436.5480,122.8030,0.9200,694013555455500,0.1060,0.5070
434.8400,122.6480,0.9200,694013555457100,0.1060,0.5070
433.1940,122.5960,0.9200,694013555457700,0.1060,0.5070
431.5470,122.5960,0.9200,694013555458800,0.1060,0.5070
429.9010,122.6480,0.9200,694013571573900,0.1060,0.5070
428.3460,122.6990,0.9200,694013571677100,0.1060,0.5070
427.0650,122.7510,0.9200,694013588059900,0.1060,0.5070
425.9980,122.7510,0.9190,694013588163600,0.1060,0.5070
425.2050,122.8030,0.9190,694013588165400,0.1060,0.5070
424.4120,122.8550,0.9200,694013588184400,0.1060,0.5070
423.8020,122.9070,0.9200,694013604949600,0.1060,0.5070
423.2840,122.9070,0.9200,694013605036500,0.1060,0.5070
422.8570,122.9070,0.9200,694013605038100,0.1060,0.5070
422.5520,122.9590,0.9210,694013620922600,0.1060,0.5070
422.2170,122.9590,0.9220,694013621017900,0.1060,0.5070
421.9430,122.9590,0.9240,694013621021300,0.1060,0.5070
421.7290,122.9590,0.9250,694013621022000,0.1060,0.5070
421.6380,122.7510,0.9310,694013637668700,0.1060,0.5070
422.3690,122.2580,0.9360,694013637748000,0.1060,0.5070
423.3760,121.7390,0.9380,694013653821100,0.1060,0.5070
424.6560,121.0910,0.9400,694013653937300,0.1060,0.5070
426.1500,120.3640,0.9420,694013670507900,0.1060,0.5070
429.1990,119.0670,0.9450,694013670605000,0.1060,0.5070
432.2790,117.7440,0.9470,694013670606600,0.1060,0.5070
435.6330,116.4720,0.9500,694013670607200,0.1060,0.5070
438.9570,115.3310,0.9520,694013686497500,0.1060,0.5070
442.0970,114.3190,0.9550,694013686572200,0.1060,0.5070
444.5060,113.5920,0.9580,694013702594600,0.1060,0.5070
446.5180,112.9960,0.9610,694013702683400,0.1060,0.5070
448.2870,112.4770,0.9640,694013702686200,0.1060,0.5070
450.0860,111.9840,0.9670,694013702704700,0.1060,0.5070
453.2260,111.0760,0.9700,694013702708300,0.1060,0.5070
455.5130,110.3230,0.9720,694013719422500,0.1060,0.5070
457.2820,109.9080,0.9770,694013719525300,0.1060,0.5070
458.7760,109.4930,0.9790,694013735322900,0.1060,0.5070
460.2700,109.1040,0.9810,694013735386100,0.1060,0.5070
461.6420,108.6890,0.9830,694013735387800,0.1060,0.5070
462.9840,108.2990,0.9850,694013735388600,0.1060,0.5070
463.9900,107.9880,0.9860,694013735389200,0.1060,0.5070
464.8440,107.7810,0.9880,694013752214300,0.1060,0.5070
465.4840,107.5730,0.9900,694013752267700,0.1060,0.5070
466.0330,107.4170,0.9910,694013752269500,0.1060,0.5070
466.4600,107.2360,0.9920,694013752270300,0.1060,0.5070
466.8250,107.1320,0.9940,694013768299000,0.1060,0.5070
467.1910,106.9760,0.9950,694013768397800,0.1060,0.5070
467.4660,106.9240,0.9950,694013784862200,0.1060,0.5070
467.7400,106.8720,0.9910,694013784978700,0.1060,0.5070
467.9540,106.8720,0.9840,694013784980500,0.1060,0.5070
468.1060,106.9760,0.9730,694013784981300,0.1060,0.5070
468.3190,107.1840,0.9540,694013784982400,0.1060,0.5070
468.5940,107.5210,0.9390,694013801472200,0.1060,0.5070
468.8380,108.1440,0.9090,694013801536500,0.1060,0.5070
469.2650,109.3110,0.8590,694013817707700,0.1060,0.5070
469.8440,110.5050,0.7160,694013817809100,0.1060,0.5070
470.6060,111.6720,0.5960,694013817827400,0.1060,0.5070
471.3990,112.7360,0.4970,694013817828500,0.0880,0.5060
481.8880,121.4800,0.3240,694013883713200,0.0000,0.4890
482.1010,121.5320,0.4850,694013900641400,0.0000,0.4890
482.3760,121.5840,0.5680,694013900744400,0.0000,0.4890
482.5280,121.6360,0.6100,694013900746000,0.0000,0.4890
482.7420,121.6880,0.6320,694013900746700,0.0000,0.4890
483.0160,121.7910,0.6570,694013916779700,0.0000,0.4890
483.1380,121.8430,0.6690,694013932792300,0.0000,0.4890
483.3520,121.9470,0.6930,694013932864400,0.0000,0.4890
483.4430,122.1030,0.7040,694013932866400,0.0000,0.4890
483.5040,122.2580,0.7150,694013949937900,0.0000,0.4890
483.5960,122.8550,0.7360,694013950035700,0.0000,0.4890
483.6560,123.2700,0.7460,694013950037500,0.0000,0.4890
483.6560,123.7110,0.7540,694013950055900,0.0000,0.4890
483.7170,124.2300,0.7630,694013966996600,0.0000,0.4890
483.7170,124.7230,0.7700,694013967073900,0.0000,0.4890
483.7780,125.1900,0.7780,694013983102500,0.0000,0.4890
483.7780,125.6830,0.7840,694013983201800,0.0000,0.4890
483.8090,126.2020,0.7910,694013983204000,0.0000,0.4890
483.8090,126.6430,0.7950,694013983204800,0.0000,0.4890
483.8090,127.1100,0.7950,694013983205500,0.0000,0.4890
483.8090,127.6550,0.7840,694013999931700,0.0000,0.4890
483.7170,128.1740,0.7590,694013999962600,0.0000,0.4890
483.5650,128.8230,0.7380,694014016713100,0.0000,0.4890
483.3520,129.5230,0.6150,694014016801200,0.0000,0.4890
482.9550,130.1460,0.5130,694014016803700,0.0000,0.4890
482.5280,130.6390,0.4270,694014016804500,0.0000,0.4890
457.1900,103.4740,0.0020,694014150432700,0.0700,0.5060
457.1290,102.4620,0.0340,694014166996700,0.0700,0.5060
457.0680,101.6570,0.0790,694014167063100,0.0700,0.5060
457.0680,100.9570,0.1300,694014167065400,0.0700,0.5060
457.0070,100.4380,0.1840,694014183564900,0.0700,0.5060
456.9770,99.9450,0.2380,694014183660800,0.0700,0.5060
456.9160,99.4780,0.2910,694014183662800,0.0700,0.5060
456.7940,99.0890,0.3410,694014183663400,0.0700,0.5060
456.7630,98.7250,0.3890,694014183664000,0.0700,0.5060
456.6410,98.4140,0.4330,694014200376100,0.0700,0.5060
456.5800,98.1290,0.4740,694014200481000,0.0700,0.5060
456.4890,97.9210,0.5100,694014216607400,0.0700,0.5060
456.3670,97.7650,0.5440,694014216717300,0.0700,0.5060
456.0620,97.6100,0.6010,694014216720000,0.0700,0.5060
455.7880,97.6100,0.6250,694014233392600,0.0700,0.5060
455.3000,97.7140,0.6470,694014233457200,0.0880,0.5060
454.0800,98.0770,0.6670,694014233459100,0.0880,0.5060
452.8000,98.5700,0.6860,694014233459800,0.0880,0.5060
451.3660,99.0370,0.7020,694014249739400,0.0880,0.5060
449.7200,99.6850,0.7170,694014249824800,0.0880,0.5060
446.8230,100.8010,0.7310,694014266370200,0.0880,0.5060
444.5970,101.6050,0.7440,694014266423700,0.0880,0.5060
442.7980,102.1760,0.7550,694014266425600,0.0880,0.5060
441.2430,102.7210,0.7660,694014266426300,0.0880,0.5060
439.6880,103.1880,0.7760,694014266427200,0.0880,0.5060
438.1940,103.6290,0.7850,694014283284000,0.0880,0.5060
436.7610,104.0960,0.7940,694014283364800,0.0880,0.5060
435.4200,104.6410,0.8000,694014298822300,0.0880,0.5060
434.2610,105.1080,0.8020,694014298927400,0.0880,0.5060
433.1330,105.7570,0.7960,694014298929300,0.0880,0.5060
432.2490,106.5090,0.7790,694014298930200,0.0880,0.5060
431.4250,107.3390,0.7520,694014315341300,0.0880,0.5060
430.6930,108.4290,0.7320,694014315399700,0.0880,0.5060
430.0530,109.7010,0.6860,694014315401900,0.0880,0.5060
429.5650,111.0760,0.5720,694014315402500,0.0880,0.5060
429.1380,112.5290,0.4760,694014315403100,0.0880,0.5060
428.8340,114.0080,0.3970,694014332460900,0.0880,0.5060
450.0860,150.9810,0.3070,694014446647500,0.0180,0.3330
450.1470,151.1880,0.4610,694014446707600,0.0350,0.3490
450.0250,151.3700,0.5380,694014446709400,0.0350,0.3670
449.7200,151.7330,0.5940,694014462532800,0.0530,0.4020
449.5070,151.8890,0.6030,694014462684000,0.0710,0.4190
449.2320,152.0440,0.6080,694014478522400,0.0710,0.4370
448.9270,152.2000,0.6120,694014478670800,0.0700,0.4550
448.5310,152.3300,0.6160,694014478673500,0.0700,0.4550
448.1650,152.4850,0.6210,694014478674600,0.0710,0.4730
447.8600,152.5890,0.6280,694014478689200,0.0710,0.4730
447.4640,152.6930,0.6350,694014494628900,0.0710,0.4730
447.0980,152.7970,0.6420,694014494710700,0.0710,0.4730
446.7320,153.0040,0.6500,694014510759700,0.0710,0.4730
446.1520,153.2900,0.6580,694014510881300,0.0710,0.4730
445.5120,153.5490,0.6660,694014510887900,0.0710,0.4730
444.8720,153.8610,0.6750,694014510929600,0.0710,0.4730
443.6830,154.3540,0.6840,694014510933000,0.0710,0.4730
442.5240,154.8720,0.6930,694014527521900,0.0710,0.4730
441.1820,155.4690,0.7030,694014527606400,0.0710,0.4730
439.8100,156.0400,0.7120,694014527608700,0.0710,0.4730
438.1940,156.7410,0.7210,694014527626600,0.0710,0.4730
435.2060,157.9080,0.7300,694014544385900,0.0710,0.4730
432.9190,158.7640,0.7390,694014544488600,0.0710,0.4730
429.9010,159.7760,0.7480,694014560460300,0.0710,0.4730
427.6140,160.5290,0.7560,694014560562500,0.0710,0.4730
425.5710,161.0990,0.7630,694014560564100,0.0710,0.4730
423.8020,161.5920,0.7700,694014560564800,0.0710,0.4730
422.0650,162.0590,0.7760,694014560565700,0.0710,0.4730
418.7100,162.8640,0.7820,694014576548500,0.0880,0.4720
416.2100,163.3570,0.7870,694014576647100,0.0880,0.4720
414.1670,163.6680,0.7920,694014592751700,0.0880,0.4720
412.3680,163.8760,0.7960,694014592868600,0.0880,0.4720
410.6000,163.9790,0.8010,694014592870900,0.0880,0.4720
408.8310,163.9790,0.8050,694014592871600,0.1050,0.4710
407.0930,163.8760,0.8080,694014592872200,0.1050,0.4710
405.3860,163.6680,0.8120,694014608711600,0.1050,0.4710
403.7390,163.3050,0.8150,694014608786800,0.1050,0.4710
402.1840,162.8640,0.8180,694014625443400,0.1050,0.4710
400.7510,162.3450,0.8210,694014625546400,0.1050,0.4890
399.5320,161.6960,0.8240,694014625548000,0.1060,0.5070
398.4950,160.9960,0.8260,694014625548600,0.1060,0.5070
397.6410,160.2690,0.8290,694014642505500,0.1060,0.5070
397.1230,159.5170,0.8310,694014642610700,0.1060,0.5070
396.8480,158.8680,0.8330,694014642629100,0.1060,0.5070
396.7870,158.2190,0.8360,694014642629900,0.1060,0.5070
396.8480,157.6490,0.8370,694014642630800,0.1060,0.5070
397.1840,156.8960,0.8390,694014659307900,0.1060,0.5070
397.8550,155.9880,0.8400,694014659338800,0.1060,0.5070
398.7690,155.1320,0.8410,694014675555800,0.1060,0.5070
399.9580,154.3540,0.8420,694014675646400,0.1060,0.5070
401.3920,153.6010,0.8430,694014675648100,0.1060,0.5070
402.9770,153.0040,0.8440,694014675649100,0.1060,0.5070
404.6850,152.5370,0.8450,694014675649700,0.1060,0.5070
406.4840,152.2780,0.8450,694014691618400,0.1060,0.5070
408.3740,152.1480,0.8460,694014691734900,0.1060,0.5070
410.2340,152.2000,0.8460,694014707901800,0.1060,0.5070
412.0330,152.4340,0.8460,694014707936600,0.1060,0.5070
413.7400,152.7970,0.8460,694014707938400,0.1060,0.5070
415.3870,153.3930,0.8470,694014707939000,0.1060,0.5070
416.8510,154.0160,0.8470,694014724158300,0.1060,0.5070
418.1620,155.0280,0.8470,694014724256100,0.1060,0.5070
419.2290,156.1440,0.8470,694014724258500,0.1060,0.5070
420.0830,157.3890,0.8480,694014741179400,0.1060,0.5070
420.7230,158.7120,0.8500,694014741280600,0.1060,0.5070
421.2110,160.1910,0.8520,694014741282200,0.1060,0.5070
421.3630,161.6960,0.8550,694014741283000,0.1060,0.5070
421.3020,163.3050,0.8600,694014757262400,0.1060,0.5070
421.0580,164.9390,0.8660,694014757360400,0.1060,0.5070
420.5700,166.7040,0.8720,694014757362000,0.1060,0.5070
419.2290,169.7910,0.8790,694014757362600,0.1060,0.5070
417.5210,172.6190,0.8860,694014773208000,0.1060,0.5070
415.6610,175.1620,0.8920,694014773332300,0.1060,0.5070
413.4660,177.6270,0.8990,694014773335800,0.1060,0.5070
410.2950,180.7660,0.9050,694014789403600,0.1220,0.5060
407.8250,182.7900,0.9110,694014789500700,0.1220,0.5060
404.0440,185.4110,0.9160,694014789502300,0.1220,0.5060
399.9890,187.7980,0.9210,694014789503000,0.1220,0.5060
395.9030,190.0810,0.9270,694014805349300,0.1230,0.4900
391.7260,192.1830,0.9320,694014805427500,0.1230,0.4900
387.4270,194.1550,0.9360,694014821392100,0.1230,0.4900
384.1640,195.5300,0.9410,694014821465000,0.1230,0.4720
379.3770,197.1900,0.9440,694014821466900,0.1230,0.4550
376.0840,198.1500,0.9460,694014821467500,0.1230,0.4550
372.8820,198.9810,0.9450,694014821468100,0.1230,0.4550
370.3820,199.3700,0.9380,694014837424400,0.1230,0.4550
368.4610,199.5770,0.9260,694014837488700,0.1230,0.4550
366.8450,199.6290,0.9080,694014854629700,0.1230,0.4550
365.4120,199.4220,0.8800,694014854726700,0.1400,0.4550
364.0400,199.0320,0.8620,694014854746300,0.1570,0.4550
362.7900,198.4100,0.8300,694014854747200,0.1570,0.4550
361.8450,197.4500,0.7820,694014870707400,0.1570,0.4550
361.1430,196.1780,0.6520,694014870777000,0.1570,0.4550
360.7770,194.6220,0.5430,694014870844700,0.1570,0.4550
360.7160,192.8050,0.4520,694014870845800,0.1570,0.4550
392.2750,121.1430,0.8440,694015002619600,0.0000,0.4710
393.1890,119.8710,0.7670,694015002681900,0.0000,0.4890
393.7690,118.9630,0.7300,694015002695600,0.0000,0.5060
394.2870,118.2630,0.7130,694015002697400,0.0180,0.5250
394.7750,117.7960,0.6970,694015002698200,0.0360,0.5420
395.2630,117.4320,0.6970,694015018639800,0.0530,0.5410
395.6290,117.0950,0.6970,694015018743800,0.0710,0.5420
395.9950,116.8360,0.6970,694015034710600,0.0880,0.5420
396.3300,116.6800,0.6980,694015034801000,0.1060,0.5410
396.6350,116.5240,0.7000,694015034802600,0.1230,0.5420
396.9700,116.4210,0.7010,694015034803300,0.1230,0.5420
397.2140,116.4210,0.7030,694015051573500,0.1400,0.5410
397.4890,116.4720,0.7040,694015051652700,0.1400,0.5410
397.7630,116.6800,0.7060,694015051654800,0.1400,0.5410
397.9770,116.9390,0.7080,694015051655500,0.1400,0.5410
398.1900,117.3810,0.7100,694015051656100,0.1580,0.5420
398.3420,118.0550,0.7110,694015068593900,0.1580,0.5420
398.4030,118.8590,0.7080,694015068692100,0.1580,0.5420
398.4030,119.7160,0.6970,694015084647100,0.1580,0.5420
398.2810,120.6240,0.6800,694015084767200,0.1580,0.5420
398.0680,122.1030,0.6560,694015084769400,0.1580,0.5420
397.6410,123.5560,0.6380,694015084770100,0.1750,0.5420
397.1840,124.9830,0.5980,694015100659000,0.1750,0.5420
396.6350,126.3320,0.4980,694015100733900,0.1750,0.5420
396.1170,127.5510,0.4150,694015100735800,0.1580,0.5420
395.5680,128.5630,0.3460,694015117527500,0.1400,0.5410
364.2840,107.6770,0.2370,694015264349800,0.0880,0.5420
364.3450,106.1200,0.3650,694015264414200,0.0880,0.5420
364.4670,104.9010,0.4390,694015264419800,0.0880,0.5420
364.4970,103.8370,0.4850,694015264420800,0.0880,0.5420
364.5580,102.9290,0.5150,694015280380500,0.0880,0.5420
364.6190,102.0720,0.5360,694015280461900,0.0880,0.5420
364.7110,101.2680,0.5520,694015297035600,0.0880,0.5420
364.7720,100.6450,0.5640,694015297086300,0.0880,0.5420
364.8330,100.1010,0.5750,694015297089200,0.0880,0.5420
364.8940,99.6340,0.5850,694015297089900,0.0880,0.5420
364.9850,99.2440,0.5950,694015313608900,0.0880,0.5420
365.0460,98.8810,0.6050,694015313677300,0.0880,0.5420
365.1380,98.5700,0.6150,694015313679800,0.0880,0.5420
365.3210,98.3360,0.6230,694015330532400,0.0880,0.5420
365.4730,98.2320,0.6320,694015330587900,0.0880,0.5420
365.8390,98.2840,0.6490,694015330590700,0.0880,0.5420
366.3270,98.7770,0.6570,694015347217900,0.0880,0.5420
366.7540,99.3480,0.6650,694015347280300,0.0880,0.5590
367.4240,100.4900,0.6730,694015347281900,0.0880,0.5590
368.1260,101.8130,0.6810,694015347282500,0.0880,0.5590
368.7660,103.3440,0.6890,694015363552600,0.0880,0.5590
369.9550,106.3280,0.6960,694015363613900,0.0880,0.5590
370.9610,109.4410,0.7040,694015363616100,0.0880,0.5590
371.6320,111.8800,0.7130,694015380415500,0.0880,0.5590
372.5470,115.1750,0.7220,694015380457100,0.0880,0.5590
373.2480,118.4960,0.7320,694015380458900,0.0880,0.5590
373.7670,121.0910,0.7430,694015380459600,0.0880,0.5590
374.3760,124.6710,0.7550,694015397317800,0.0880,0.5590
374.7420,127.3960,0.7660,694015397705600,0.0880,0.5590
375.2610,131.0540,0.7780,694015397707900,0.0880,0.5590
375.4740,133.9340,0.7900,694015414343600,0.0880,0.5590
375.6570,136.4510,0.8020,694015414381300,0.0880,0.5590
375.8100,140.4980,0.8150,694015414383100,0.0880,0.5420
375.8100,143.3780,0.8270,694015414383800,0.0880,0.5420
375.6570,145.7650,0.8400,694015430444900,0.0880,0.5420
375.2300,149.5540,0.8520,694015430528100,0.0880,0.5420
374.5290,152.9520,0.8630,694015430530100,0.0880,0.5420
373.5530,156.0920,0.8740,694015447182100,0.0880,0.5420
372.3950,159.0240,0.8840,694015447251700,0.0880,0.5420
371.0530,161.6960,0.8940,694015447254300,0.0880,0.5420
369.4670,164.1350,0.9020,694015447255500,0.0880,0.5420
367.6380,166.3920,0.9100,694015463806500,0.0880,0.5420
365.5650,168.3640,0.9170,694015463842400,0.1060,0.5410
363.2780,170.2320,0.9240,694015463844100,0.1060,0.5410
360.7770,171.9710,0.9300,694015463844800,0.1060,0.5410
358.0030,173.4760,0.9360,694015463845500,0.1230,0.5420
355.0760,174.7470,0.9410,694015480442700,0.1230,0.5420
351.9350,175.8110,0.9470,694015480496900,0.1230,0.5420
349.4650,176.4590,0.9520,694015497180500,0.1230,0.5420
347.3000,176.8230,0.9570,694015497238100,0.1230,0.5420
345.3180,177.0300,0.9620,694015497255900,0.1230,0.5420
343.3060,177.0820,0.9670,694015497256900,0.1230,0.5420
341.3240,176.9270,0.9710,694015513443800,0.1230,0.5420
339.3420,176.6670,0.9810,694015513512400,0.1230,0.5420
337.6040,176.2000,0.9860,694015530396700,0.1230,0.5420
334.8300,174.9030,0.9910,694015530438500,0.1230,0.5420
333.2140,173.5790,0.9970,694015530440400,0.1230,0.5420
332.3290,172.1780,1.0000,694015530441000,0.1230,0.5420
331.9020,170.6480,1.0000,694015530441600,0.1230,0.5420
331.8410,168.8310,1.0000,694015546839700,0.1230,0.5420
332.5430,165.1470,1.0000,694015546896700,0.1230,0.5420
334.0670,160.2690,1.0000,694015546898500,0.1230,0.5420
336.0490,155.7810,1.0000,694015546916200,0.1230,0.5420
338.1230,151.6290,1.0000,694015563685000,0.1230,0.5420
339.7390,148.8010,1.0000,694015563723500,0.1230,0.5420
341.3850,146.1290,1.0000,694015580146600,0.1230,0.5420
342.9710,143.6900,1.0000,694015580191900,0.1230,0.5420
343.9770,141.9250,1.0000,694015580193600,0.1230,0.5420
344.6780,140.6020,1.0000,694015580194300,0.1230,0.5420
345.1050,139.6420,1.0000,694015580194900,0.1230,0.5420
345.4400,138.8380,0.9890,694015596411200,0.1230,0.5420
345.5320,138.3190,0.9640,694015596475700,0.1230,0.5420
345.5320,137.8780,0.9470,694015612474700,0.1230,0.5420
345.3180,137.6180,0.9160,694015612557600,0.1230,0.5420
344.9530,137.3590,0.8690,694015612559700,0.1060,0.5250
305.0400,162.3450,0.8550,694015874255100,0.0000,0.3670
305.2530,162.5010,0.7830,694015874270700,0.0180,0.3850
305.4670,162.6560,0.7450,694015890180600,0.0360,0.4020
305.6800,162.8120,0.7220,694015890278700,0.0530,0.4200
305.8330,163.0710,0.7040,694015890297900,0.0710,0.4370
305.9550,163.3050,0.6880,694015906358700,0.0700,0.4550
306.0460,163.5120,0.6590,694015906441600,0.0700,0.4550
306.1070,163.6680,0.6490,694015906444000,0.0710,0.4730
305.8940,163.9790,0.6390,694015922592500,0.0710,0.4730
305.5580,164.1350,0.6390,694015922688800,0.0710,0.4730
304.9790,164.3690,0.6400,694015922690500,0.0710,0.4730
304.1860,164.5240,0.6420,694015939466000,0.0710,0.4730
302.9050,164.7320,0.6440,694015939559200,0.0710,0.4730
301.4110,164.8880,0.6460,694015955445800,0.0710,0.4730
299.7650,164.9910,0.6480,694015955510000,0.0710,0.4730
298.0570,164.9910,0.6500,694015955532700,0.0710,0.4730
296.3500,164.9390,0.6530,694015955533600,0.0710,0.4730
294.5810,164.8360,0.6560,694015955534300,0.0710,0.4730
292.9350,164.6280,0.6600,694015971625200,0.0710,0.4730
291.3490,164.3690,0.6640,694015971722000,0.0710,0.4730
289.8550,163.9280,0.6700,694015971723900,0.0710,0.4730
288.4530,163.5120,0.6770,694015988520900,0.0710,0.4730
287.2940,162.9680,0.6850,694015988669900,0.0710,0.4730
286.2880,162.3450,0.6930,694015988852500,0.0710,0.4730
285.5860,161.7480,0.7020,694015988855700,0.0710,0.4730
285.0680,161.1510,0.7100,694016005386300,0.0700,0.4900
284.6720,160.6320,0.7180,694016005438100,0.0700,0.5060
284.4580,160.0360,0.7260,694016005439700,0.0700,0.5060
284.3670,159.4650,0.7340,694016022259400,0.0700,0.5060
284.3670,158.9200,0.7410,694016022293200,0.0700,0.5060
284.4280,158.4010,0.7480,694016022295100,0.0700,0.5060
284.6410,157.8040,0.7540,694016022295700,0.0700,0.5060
284.8850,157.1560,0.7600,694016039159500,0.0700,0.5060
285.2210,156.5850,0.7650,694016039220800,0.0700,0.5060
285.6780,156.0400,0.7700,694016056036300,0.0700,0.5060
286.1660,155.5730,0.7750,694016056070500,0.0700,0.5060
286.7450,155.1840,0.7790,694016056072300,0.0700,0.5060
287.4460,154.8720,0.7820,694016056086600,0.0700,0.5060
288.2090,154.6130,0.7850,694016056087400,0.0700,0.5060
289.0010,154.5090,0.7890,694016072957100,0.0700,0.5060
289.9160,154.4570,0.7910,694016073017900,0.0700,0.5060
290.8000,154.5090,0.7940,694016073020700,0.0700,0.5060
292.2030,154.6650,0.7960,694016073021900,0.0700,0.5060
293.5140,154.9760,0.7990,694016073022500,0.0700,0.5060
294.7950,155.4690,0.8010,694016089805700,0.0700,0.5060
296.0450,156.0400,0.8030,694016089840200,0.0700,0.5060
297.2040,156.7920,0.8040,694016106332300,0.0700,0.5060
298.1490,157.5970,0.8060,694016106367900,0.0700,0.5060
299.0030,158.5050,0.8080,694016106369800,0.0700,0.5060
299.7650,159.4130,0.8100,694016106385900,0.0700,0.5060
300.1310,160.3210,0.8120,694016106387100,0.0700,0.5060
300.3440,161.1510,0.8140,694016122395900,0.0700,0.5060
300.4050,162.0080,0.8160,694016122430400,0.0700,0.5060
300.1310,163.3050,0.8180,694016138564300,0.0700,0.5060
299.6120,164.5760,0.8210,694016138661500,0.0700,0.5060
298.7590,165.8990,0.8230,694016138663800,0.0700,0.5060
296.8380,168.1310,0.8260,694016138664400,0.0700,0.5060
294.5510,170.1550,0.8290,694016155440800,0.0700,0.5060
292.1420,171.9710,0.8310,694016155538500,0.0700,0.5060
289.4280,173.5790,0.8340,694016155540100,0.0700,0.5060
286.5320,174.9550,0.8360,694016171420100,0.0700,0.5060
283.6050,176.2000,0.8390,694016171484800,0.0880,0.5060
280.6770,177.3160,0.8410,694016171487200,0.0880,0.5060
278.2990,177.9900,0.8430,694016171488000,0.1060,0.5070
276.3170,178.5350,0.8450,694016187444700,0.1060,0.5070
274.4880,178.8460,0.8470,694016187515600,0.1060,0.5070
272.7500,179.1580,0.8490,694016204662000,0.1060,0.5070
270.9810,179.3910,0.8520,694016204760200,0.1220,0.5060
269.3350,179.4430,0.8540,694016204762600,0.1220,0.5060
267.7490,179.4430,0.8570,694016204763400,0.1220,0.5060
266.1940,179.2880,0.8610,694016204764000,0.1220,0.5060
264.8530,179.0020,0.8660,694016220788200,0.1220,0.5060
263.5720,178.6390,0.8720,694016220908700,0.1220,0.5060
262.4130,178.0420,0.8790,694016236729600,0.1220,0.5060
261.4380,177.3680,0.8870,694016236805000,0.1220,0.5060
260.5530,176.5110,0.8960,694016236807400,0.1220,0.5060
259.7910,175.5510,0.9040,694016236808000,0.1220,0.5060
259.2120,174.4880,0.9130,694016236808600,0.1220,0.5060
258.7240,173.2160,0.9210,694016253630700,0.1220,0.5060
258.2970,171.8150,0.9300,694016253731000,0.1220,0.5060
257.9920,170.3880,0.9370,694016253733200,0.1220,0.5060
257.7180,168.7280,0.9450,694016253733900,0.1220,0.5060
257.5040,167.0150,0.9520,694016269906100,0.1220,0.5060
257.2910,165.1470,0.9590,694016269956100,0.1220,0.5060
257.0770,163.2530,0.9660,694016286628600,0.1220,0.5060
256.7110,159.5690,0.9770,694016286729000,0.1220,0.5060
256.3460,155.8840,0.9830,694016286731000,0.1220,0.5060
255.8580,152.3820,0.9880,694016286731700,0.1220,0.5060
255.4310,149.7090,0.9920,694016286732200,0.1220,0.5060
255.0650,147.5300,0.9960,694016303548900,0.1220,0.5060
254.7300,145.5580,1.0000,694016303597400,0.1220,0.5060
254.0890,142.1330,1.0000,694016320413100,0.1220,0.5060
253.6620,139.6940,1.0000,694016320519500,0.1220,0.5060
253.2960,137.8260,1.0000,694016320521200,0.1220,0.5060
252.9310,136.2690,1.0000,694016320522100,0.1220,0.5060
252.5950,134.7380,1.0000,694016336629600,0.1220,0.5060
252.2900,133.3630,1.0000,694016336726600,0.1220,0.5060
251.9550,132.0140,1.0000,694016336728300,0.1220,0.5060
251.6500,130.7950,1.0000,694016353117200,0.1220,0.5060
251.3750,129.7830,1.0000,694016353183100,0.1220,0.5060
251.1620,128.9270,1.0000,694016353184800,0.1220,0.5060
250.9490,128.1740,1.0000,694016353185500,0.1220,0.5060
250.7960,127.4990,1.0000,694016369242300,0.1220,0.5060
250.5830,126.8510,1.0000,694016369334600,0.1220,0.5060
250.4300,126.3840,1.0000,694016369336300,0.1220,0.5060
250.3080,125.9430,1.0000,694016369337400,0.1220,0.5060
250.2470,125.5790,1.0000,694016369361200,0.1220,0.5060
250.1560,125.2420,0.9800,694016385370400,0.1220,0.5060
250.1560,125.0860,0.9620,694016385472000,0.1220,0.5060
250.3080,124.7750,0.8810,694016402179100,0.1220,0.5060
270.4630,131.9100,0.3840,694016483601000,0.0880,0.4720
271.0420,131.9100,0.5720,694016483616700,0.0880,0.4720
271.5610,131.9620,0.6640,694016483618100,0.0880,0.4720
271.9870,132.0140,0.7090,694016500460300,0.0880,0.4720
272.4750,132.1180,0.7310,694016500545200,0.0880,0.4720
272.9630,132.1700,0.7410,694016516408000,0.0880,0.4720
273.4510,132.2740,0.7480,694016516491800,0.0880,0.4720
273.9690,132.2740,0.7560,694016516509700,0.0880,0.4720
274.8230,132.3510,0.7650,694016516510600,0.0880,0.4720
275.6770,132.3510,0.7750,694016516511300,0.0880,0.4720
277.2320,132.3510,0.7850,694016533143200,0.0880,0.4720
278.8170,132.2740,0.7960,694016533211800,0.0880,0.4720
280.5860,132.2220,0.8060,694016550185500,0.0880,0.4720
282.5980,132.0660,0.8160,694016550269400,0.0880,0.4720
286.5010,131.8580,0.8250,694016550271100,0.0880,0.4720
289.4280,131.6510,0.8330,694016550271900,0.0880,0.4720
291.8070,131.3910,0.8410,694016567064900,0.0880,0.4720
293.9110,131.1580,0.8470,694016567161500,0.0880,0.4720
295.8620,131.0020,0.8520,694016567163100,0.0880,0.4720
297.7830,130.8980,0.8530,694016583189000,0.0880,0.4720
299.4900,130.8980,0.8480,694016583270800,0.0880,0.4720
301.0450,130.9500,0.8350,694016583289600,0.0880,0.4720
302.1130,131.1060,0.8160,694016583290500,0.0880,0.4720
302.7830,131.3910,0.7880,694016599699100,0.0880,0.4720
303.1800,131.7030,0.7700,694016599734900,0.0880,0.4720
303.3320,132.0140,0.7360,694016599736600,0.0880,0.4720
303.1800,132.5070,0.6130,694016599737300,0.0880,0.4720
302.6920,133.0260,0.5110,694016615930400,0.1050,0.4710
301.5640,133.8820,0.4250,694016616030800,0.1050,0.4710
218.1100,159.3090,0.3180,694016831342900,0.0880,0.4370
218.3840,158.2190,0.4770,694016831373400,0.0880,0.4540
218.5370,157.3890,0.5580,694016847848500,0.0880,0.4720
218.6590,156.7410,0.6000,694016847909400,0.0880,0.4900
218.7500,156.1960,0.6210,694016847911100,0.0880,0.5060
218.8720,155.7810,0.6320,694016864378100,0.0880,0.5060
218.9330,155.4170,0.6380,694016864443100,0.0880,0.5060
218.9640,155.0800,0.6420,694016864445000,0.0880,0.5060
219.0240,154.8720,0.6460,694016864445700,0.0880,0.5060
219.1460,154.6650,0.6510,694016881246800,0.0880,0.5060
219.1770,154.4570,0.6580,694016881312500,0.0880,0.5060
219.2380,154.3020,0.6650,694016898097600,0.0880,0.5060
219.3900,154.0680,0.6790,694016898210000,0.0880,0.5060
219.5730,154.0160,0.6860,694016898212400,0.0880,0.5060
219.9390,154.0160,0.6970,694016915058200,0.0880,0.5060
220.3050,154.1200,0.7020,694016915098500,0.0880,0.5060
220.6710,154.3020,0.7070,694016931655800,0.0880,0.5060
221.1590,154.6130,0.7120,694016931700100,0.0880,0.5060
221.5860,155.0280,0.7160,694016931701800,0.0880,0.5060
222.0740,155.5730,0.7210,694016931702600,0.0880,0.5060
222.7140,156.5330,0.7250,694016931703200,0.0880,0.5060
223.2930,157.5450,0.7290,694016947874000,0.0880,0.5060
223.8120,158.6610,0.7330,694016947934600,0.0880,0.5060
224.2990,159.8280,0.7370,694016947936500,0.0880,0.5060
224.6650,160.9960,0.7400,694016947959100,0.0880,0.5060
225.0620,162.2930,0.7440,694016964785800,0.0880,0.5060
225.2750,163.4090,0.7480,694016964870900,0.0880,0.5060
225.3670,164.4210,0.7520,694016980438100,0.0880,0.5060
225.4280,165.3290,0.7560,694016980510300,0.0880,0.5060
225.3060,166.2370,0.7600,694016980512400,0.0880,0.5060
225.2140,167.1190,0.7640,694016980513100,0.0880,0.5060
224.8790,168.4680,0.7690,694016980513800,0.0880,0.5060
224.3600,169.5840,0.7740,694016997358000,0.0880,0.5060
223.7810,170.6480,0.7790,694016997415900,0.0880,0.5060
222.9580,171.6080,0.7830,694017013417600,0.1060,0.5070
222.0740,172.5160,0.7880,694017013478400,0.1060,0.5070
221.0060,173.2160,0.7920,694017013480700,0.1060,0.5070
219.8780,173.8390,0.7960,694017013481400,0.1220,0.5060
218.6590,174.3840,0.7990,694017030243600,0.1220,0.5060
217.3780,174.6950,0.8030,694017030279500,0.1220,0.5060
216.0360,174.9030,0.8060,694017030281200,0.1220,0.5060
214.8780,175.0070,0.8100,694017047252200,0.1220,0.5060
213.8710,174.9550,0.8130,694017047331800,0.1220,0.5060
212.5300,174.6950,0.8160,694017047333500,0.1220,0.5060
211.1880,174.3320,0.8190,694017047334200,0.1220,0.5060
210.0300,173.7350,0.8230,694017064245600,0.1220,0.5060
208.8400,173.0350,0.8270,694017064386100,0.1220,0.5060
207.8340,172.1260,0.8300,694017064388400,0.1220,0.5060
206.8890,171.0110,0.8340,694017064389100,0.1220,0.5060
205.9740,169.7390,0.8380,694017064390500,0.1220,0.5060
205.2120,168.3640,0.8420,694017080765900,0.1220,0.5060
204.6330,166.9110,0.8450,694017080877200,0.1220,0.5060
204.0530,165.5360,0.8480,694017098113300,0.1220,0.5060
203.5650,164.1350,0.8510,694017098189700,0.1220,0.5060
203.1390,162.9680,0.8550,694017098191400,0.1220,0.5060
202.8340,162.0080,0.8580,694017098192000,0.1220,0.5060
202.5590,161.3330,0.8610,694017113911900,0.1220,0.5060
202.2850,160.7360,0.8640,694017113994600,0.1220,0.5060
202.0710,160.2690,0.8670,694017114012400,0.1220,0.5060
201.9800,159.8800,0.8700,694017114013400,0.1220,0.5060
201.8270,159.5690,0.8720,694017114014400,0.1220,0.5060
201.6450,159.3090,0.8740,694017130432800,0.1220,0.5060
201.4920,159.1280,0.8750,694017130523900,0.1220,0.5060
201.2790,159.0760,0.8770,694017147242500,0.1220,0.5060
200.7600,159.4650,0.8790,694017147307400,0.1220,0.5060
200.2110,159.9840,0.8810,694017147309400,0.1220,0.5060
199.4800,160.8920,0.8820,694017163459200,0.1220,0.5060
198.6260,161.9560,0.8830,694017163515300,0.1220,0.5060
197.7720,163.0710,0.8850,694017163517600,0.1220,0.5060
196.9180,164.2650,0.8860,694017180445800,0.1220,0.5060
196.0040,165.3810,0.8870,694017180502900,0.1220,0.5060
195.1500,166.4440,0.8880,694017180504700,0.1220,0.5060
194.2960,167.5080,0.8880,694017180505300,0.1220,0.5060
193.4120,168.5200,0.8890,694017197448700,0.1220,0.5060
192.3750,169.3760,0.8900,694017197494900,0.1220,0.5060
191.4300,170.2320,0.8900,694017197504900,0.1220,0.5060
190.4540,170.9070,0.8910,694017197506000,0.1220,0.5060
189.5090,171.5040,0.8920,694017197506700,0.1220,0.5060
188.6550,171.9190,0.8930,694017213703900,0.1220,0.5060
187.8930,172.1780,0.8940,694017230365400,0.1220,0.5060
187.2220,172.3600,0.8950,694017230476000,0.1220,0.5060
186.5820,172.4120,0.8960,694017230478500,0.1220,0.5060
186.0030,172.3600,0.8970,694017230479300,0.1220,0.5060
185.2400,172.1780,0.8990,694017230480200,0.1220,0.5060
184.5390,171.9190,0.9000,694017246735400,0.1220,0.5060
183.8680,171.5040,0.9010,694017246774300,0.1220,0.5060
182.9540,170.9070,0.9020,694017262816300,0.1220,0.5060
182.1000,170.1030,0.9030,694017263021100,0.1220,0.5060
181.3680,169.2720,0.9040,694017263036700,0.1220,0.5060
180.7280,168.4160,0.9050,694017263037900,0.1220,0.5060
180.1180,167.4560,0.9050,694017279381300,0.1220,0.5060
179.6910,166.6520,0.9060,694017279505800,0.1220,0.5060
179.3250,166.0030,0.9060,694017279508400,0.1220,0.5060
179.0200,165.4320,0.9070,694017279509400,0.1220,0.5060
178.7460,164.9910,0.9070,694017279510000,0.1220,0.5060
178.5320,164.6280,0.9070,694017295607100,0.1220,0.5060
178.3800,164.3170,0.9060,694017295679700,0.1220,0.5060
178.1970,164.0310,0.9060,694017312157800,0.1220,0.5060
178.0440,163.7720,0.9050,694017312235100,0.1220,0.5060
177.8920,163.5640,0.9040,694017312237100,0.1220,0.5060
177.7400,163.4090,0.9030,694017312237700,0.1220,0.5060
177.6180,163.2530,0.9020,694017328517100,0.1220,0.5060
177.3430,163.2530,0.9000,694017328614000,0.1220,0.5060
176.8860,163.5640,0.8990,694017345447400,0.1220,0.5060
176.4590,163.9790,0.8980,694017345521000,0.1220,0.5060
175.9710,164.4210,0.8980,694017345523100,0.1220,0.5060
175.4830,164.9390,0.8970,694017361981700,0.1220,0.5060
174.8120,165.7960,0.8970,694017362023900,0.1220,0.5060
174.1720,166.4960,0.8960,694017362025800,0.1220,0.5060
173.4100,167.3010,0.8960,694017362026500,0.1410,0.5070
172.5560,168.0790,0.8950,694017378745200,0.1580,0.5070
171.7020,168.8310,0.8950,694017378809600,0.1580,0.5070
170.7570,169.5840,0.8940,694017378825200,0.1580,0.5070
169.6900,170.2840,0.8940,694017395655100,0.1580,0.5070
168.6230,170.9590,0.8940,694017395711500,0.1580,0.5070
167.4030,171.6080,0.8940,694017395713400,0.1580,0.5070
166.1220,172.1780,0.8950,694017395714300,0.1750,0.5060
164.7810,172.7230,0.8950,694017395727300,0.1750,0.5060
163.4390,173.2160,0.8950,694017412554000,0.1750,0.5060
162.1280,173.6310,0.8950,694017412623700,0.1750,0.5060
160.7860,173.9430,0.8950,694017429434700,0.1750,0.5060
159.4450,174.2280,0.8960,694017429486700,0.1750,0.5060
158.2860,174.3840,0.8960,694017429488500,0.1750,0.5060
157.2800,174.4880,0.8960,694017429489100,0.1930,0.5070
156.3650,174.4880,0.8970,694017429489800,0.1930,0.5070
155.3900,174.4360,0.8970,694017446322400,0.1930,0.5070
154.0780,174.1500,0.8980,694017446378100,0.1930,0.5070
152.7370,173.7870,0.8980,694017463201700,0.1930,0.5070
151.6090,173.2680,0.8990,694017463244100,0.1930,0.5070
150.4500,172.5680,0.9000,694017463246400,0.1930,0.5070
149.3830,171.6590,0.9010,694017463247000,0.1930,0.5070
148.3160,170.5440,0.9010,694017479272700,0.1930,0.5070
146.4560,168.3640,0.9020,694017479353000,0.1930,0.5070
144.9010,165.8990,0.9020,694017479380500,0.1930,0.5070
143.7420,163.9280,0.9020,694017495391400,0.1930,0.5070
142.8270,162.2410,0.9030,694017495468200,0.1930,0.5070
142.0350,160.7360,0.9030,694017495470100,0.1930,0.5070
140.6930,158.1160,0.9030,694017495471500,0.1930,0.5070
139.7780,156.1960,0.9030,694017512203200,0.1930,0.5070
138.9240,154.7690,0.9030,694017512356100,0.1930,0.5070
138.2540,153.5490,0.9030,694017512374000,0.1930,0.5070
137.4910,152.3820,0.9030,694017512376900,0.1930,0.5070
136.7600,151.2660,0.9020,694017528654500,0.1930,0.5070
135.9970,150.1240,0.9020,694017528805000,0.1930,0.5070
135.1440,149.1120,0.9020,694017528809000,0.1930,0.5070
134.3510,148.1520,0.9010,694017545435900,0.1930,0.5070
133.5580,147.3220,0.9010,694017545503900,0.1930,0.5070
132.7650,146.4660,0.9000,694017545506300,0.1930,0.5070
131.9420,145.7140,0.9000,694017545507000,0.1930,0.5070
131.3020,145.1170,0.9000,694017561668200,0.1930,0.5070
130.7220,144.6500,0.8990,694017561835300,0.1930,0.5070
130.2650,144.2860,0.8990,694017561837400,0.1930,0.5070
129.7160,143.9490,0.8980,694017561838100,0.1930,0.5070
129.2890,143.6900,0.8970,694017578716000,0.1930,0.5070
128.9230,143.5340,0.8960,694017578823000,0.1930,0.5070
128.4960,143.4300,0.8950,694017595040500,0.1930,0.5070
128.0700,143.4300,0.8940,694017595232600,0.1930,0.5070
127.5820,143.5340,0.8930,694017595234600,0.1930,0.5070
126.9410,143.7940,0.8920,694017595235500,0.1930,0.5070
126.0270,144.4940,0.8910,694017595236100,0.1930,0.5070
125.1420,145.4540,0.8910,694017611962600,0.1930,0.5070
124.3500,146.5180,0.8900,694017612000100,0.1930,0.5070
123.6480,147.5820,0.8900,694017628172500,0.1930,0.5070
123.0690,148.7490,0.8900,694017628272600,0.1930,0.5070
122.6420,149.9170,0.8900,694017628274500,0.1930,0.5070
122.4290,150.9810,0.8900,694017628275200,0.1930,0.5070
122.3680,151.9410,0.8900,694017644616000,0.1930,0.5070
122.4290,152.7970,0.8900,694017644700900,0.1930,0.5070
122.6420,153.6010,0.8900,694017644702500,0.1930,0.5070
123.1000,154.8210,0.8900,694017644703600,0.1930,0.5070
123.7400,155.8320,0.8890,694017660818100,0.1930,0.5070
124.5020,156.7410,0.8890,694017660919100,0.1930,0.5070
125.2340,157.5450,0.8880,694017660920800,0.1930,0.5070
125.8130,158.1160,0.8870,694017677537800,0.1930,0.5070
126.3010,158.6090,0.8860,694017677601800,0.1930,0.5070
126.7280,158.9200,0.8860,694017677603700,0.1930,0.5070
127.0630,159.2570,0.8850,694017677604300,0.1930,0.5070
127.3070,159.5170,0.8830,694017693787000,0.1930,0.5070
127.4900,159.7240,0.8830,694017693887500,0.1930,0.5070
127.5210,159.8800,0.8810,694017693889400,0.1930,0.5070
127.5210,159.9840,0.8800,694017710457200,0.1930,0.5070
127.0630,160.1910,0.8780,694017710540600,0.1930,0.5070
126.3620,160.3730,0.8770,694017710542400,0.2100,0.5060
125.0810,160.6320,0.8760,694017726512100,0.2100,0.5060
123.5260,160.9440,0.8750,694017726590000,0.2100,0.5060
121.7880,161.3330,0.8740,694017726592000,0.2100,0.5060
118.5260,162.0590,0.8730,694017743176800,0.2100,0.5060
115.1720,162.8640,0.8720,694017743245600,0.2100,0.5060
112.6720,163.5640,0.8710,694017743247400,0.2100,0.5060
109.4090,164.4720,0.8700,694017743248000,0.2100,0.5060
106.2680,165.4320,0.8690,694017759425600,0.2280,0.5060
103.9210,166.2370,0.8690,694017759536400,0.2450,0.5060
100.9020,167.1710,0.8680,694017775408200,0.2450,0.5060
98.5850,167.9750,0.8670,694017775474300,0.2450,0.5060
96.7860,168.6240,0.8660,694017775476000,0.2450,0.5060
95.2310,169.2720,0.8660,694017775476800,0.2450,0.5060
93.7370,169.9470,0.8650,694017775477400,0.2450,0.5060
92.3040,170.6990,0.8660,694017791628200,0.2450,0.5060
90.8100,171.4520,0.8670,694017791727000,0.2450,0.5060
89.4980,172.3080,0.8690,694017808619400,0.2450,0.5060
88.1570,173.2160,0.8700,694017808717700,0.2450,0.5060
86.9370,174.0980,0.8710,694017808719400,0.2450,0.5060
85.8090,175.1620,0.8720,694017808720000,0.2450,0.5060
84.7420,176.3040,0.8730,694017808721100,0.2450,0.5060
83.7970,177.5230,0.8740,694017824823800,0.2450,0.5060
82.8820,178.6910,0.8750,694017824904100,0.2450,0.5060
82.1200,180.0660,0.8770,694017841610800,0.2450,0.5060
81.4490,181.4670,0.8780,694017841654500,0.2450,0.5060
80.8390,182.9460,0.8790,694017841656100,0.2450,0.5060
80.3210,184.5030,0.8810,694017841656800,0.2450,0.5060
79.8940,186.0340,0.8820,694017841657300,0.2450,0.5060
79.5580,187.6420,0.8840,694017858557500,0.2450,0.5060
79.3140,189.3030,0.8860,694017858652500,0.2450,0.5060
79.1920,191.0930,0.8880,694017858654300,0.2450,0.5060
79.1010,192.8570,0.8900,694017858655000,0.2450,0.5060
79.0400,194.6730,0.8920,694017874641500,0.2450,0.5060
79.1010,196.5420,0.8950,694017874738000,0.2450,0.5060
79.1310,198.4620,0.8990,694017890826600,0.2450,0.5060
79.3140,200.4850,0.9030,694017890926200,0.2450,0.5060
79.4060,202.5610,0.9070,694017890927800,0.2450,0.5060
79.7720,206.4530,0.9120,694017890928500,0.2450,0.5060
79.9850,209.2290,0.9180,694017890929100,0.2450,0.5060
80.0460,211.4610,0.9230,694017906860100,0.2450,0.5060
80.1680,213.4320,0.9290,694017906930800,0.2450,0.5060
80.2600,215.4040,0.9350,694017923041200,0.2450,0.5060
80.3210,217.3760,0.9400,694017923141900,0.2450,0.5060
80.4120,219.3480,0.9460,694017923143500,0.2450,0.5060
80.5340,221.2680,0.9520,694017923144200,0.2450,0.5060
80.5950,223.1360,0.9570,694017939613300,0.2450,0.5060
80.6860,224.9270,0.9630,694017939646000,0.2450,0.5060
80.7470,226.6390,0.9680,694017939647100,0.2450,0.5060
80.8390,228.3510,0.9790,694017955841600,0.2450,0.5060
80.9000,230.0640,0.9830,694017955944200,0.2450,0.5060
80.9000,231.6460,0.9880,694017955945900,0.2450,0.5060
80.9000,233.2030,0.9920,694017955946500,0.2460,0.4900
80.9000,234.4750,0.9970,694017972552800,0.2460,0.4900
80.9610,235.5900,1.0000,694017972650500,0.2460,0.4900
80.9610,236.6020,1.0000,694017972652300,0.2460,0.4900
80.9610,237.5620,1.0000,694017972653100,0.2450,0.4720
80.9000,238.5740,1.0000,694017988832900,0.2450,0.4550
80.9000,239.5340,1.0000,694017988935800,0.2450,0.4550
80.9000,240.4420,0.9970,694017988937700,0.2450,0.4550
80.9000,241.4020,0.9800,694018004848300,0.2450,0.4370
80.9610,242.4140,0.9510,694018004918300,0.2450,0.4370
81.0220,243.3220,0.9270,694018004920300,0.2450,0.4370
81.2350,244.1780,0.8700,694018004920900,0.2450,0.4370
81.4490,244.9050,0.7250,694018021699700,0.2450,0.4370
81.6620,245.5020,0.6040,694018021795000,0.2450,0.4370
81.9670,245.7610,0.5040,694018038007400,0.2270,0.4360
