685.6900,101.2160,0.0190,694021739710000,0.0000,0.5060
685.6290,100.7490,0.0480,694021739783100,0.0000,0.5060
685.5680,100.3600,0.0800,694021739785700,0.0000,0.5060
685.5680,100.0490,0.1130,694021739786600,0.0000,0.5060
685.5680,99.7890,0.1440,694021756442900,0.0000,0.5060
685.5680,99.5820,0.1730,694021756584100,0.0000,0.5060
685.5680,99.1920,0.2270,694021772766600,0.0000,0.5060
685.6290,98.9850,0.2770,694021772901600,0.0000,0.5060
685.6900,98.8290,0.3240,694021788965100,0.0000,0.5060
686.0560,99.6850,0.4570,694021821101800,0.0000,0.5060
686.2700,100.3080,0.4790,694021821203600,0.0000,0.5060
686.4220,101.0610,0.5000,694021821206200,0.0000,0.5060
686.6350,101.9170,0.5220,694021837296900,0.0000,0.5060
686.9710,103.1880,0.5420,694021837434500,0.0000,0.5060
687.1540,104.5890,0.5620,694021837447800,0.0000,0.5060
687.5500,106.0160,0.5800,694021837448900,0.0000,0.5060
687.9770,107.6250,0.5980,694021853462100,0.0000,0.5060
688.4040,109.2590,0.6150,694021853618100,0.0000,0.5060
688.8610,111.0760,0.6310,694021853620600,0.0000,0.5060
689.9290,114.3970,0.6460,694021853621500,0.0000,0.5060
690.5690,116.8880,0.6610,694021869404700,0.0000,0.5060
691.4230,120.0790,0.6750,694021869531300,0.0000,0.5060
692.0630,122.5440,0.6890,694021869533800,0.0000,0.5060
692.5510,124.6710,0.7020,694021886185700,0.0000,0.5060
692.7640,126.5390,0.7140,694021886352600,0.0000,0.5060
692.8560,128.5630,0.7250,694021886355200,0.0000,0.5060
692.8250,130.7430,0.7360,694021886356100,0.0000,0.5060
692.2760,134.8420,0.7460,694021902647100,0.0000,0.5060
690.9650,140.0050,0.7560,694021902785800,0.0000,0.5060
689.9900,143.2490,0.7650,694021919199200,0.0000,0.4890
687.7940,147.4780,0.7740,694021919295000,0.0000,0.4890
685.2020,151.2660,0.7820,694021919297400,0.0000,0.4890
682.4280,154.7170,0.7910,694021919298500,0.0000,0.4890
679.2260,157.9600,0.7980,694021919299600,0.0000,0.4890
675.8720,161.1510,0.8050,694021935649600,0.0000,0.4890
672.4570,164.3170,0.8110,694021935848800,0.0000,0.4890
668.6150,167.3520,0.8170,694021952536700,0.0180,0.4900
664.8950,170.2840,0.8230,694021952633300,0.0180,0.4900
660.9930,173.2160,0.8280,694021952744300,0.0350,0.4900
656.9680,175.9660,0.8330,694021952748400,0.0350,0.4900
652.7290,178.6390,0.8380,694021952749500,0.0350,0.4900
648.3080,181.3110,0.8430,694021969233700,0.0350,0.4900
644.1010,183.9060,0.8470,694021969341600,0.0350,0.4900
639.8620,186.2670,0.8510,694021969343900,0.0350,0.4900
635.3800,188.4460,0.8530,694021969345000,0.0350,0.4900
630.8370,190.3660,0.8510,694021985455100,0.0350,0.4900
627.6350,191.6380,0.8410,694021985547700,0.0360,0.4720
624.4030,192.8570,0.8230,694022001598800,0.0350,0.4550
620.9880,193.7650,0.7960,694022001719100,0.0530,0.4550
617.4210,194.4660,0.7770,694022001721000,0.0700,0.4550
614.8600,194.5700,0.7420,694022001721800,0.0700,0.4550
612.8170,194.4660,0.6190,694022001722400,0.0700,0.4550
611.1700,194.2060,0.5150,694022018568100,0.0880,0.4540
609.6460,193.7140,0.4290,694022018679300,0.0880,0.4540
645.5950,121.1430,0.0120,694022265292100,0.0360,0.4720
646.0210,120.5720,0.0410,694022265311100,0.0360,0.4720
646.3570,119.9750,0.0770,694022265312800,0.0360,0.4720
646.7840,119.4560,0.1160,694022265313600,0.0360,0.4720
647.1500,118.9110,0.1560,694022280913900,0.0360,0.4720
647.5160,118.3920,0.1960,694022281024500,0.0360,0.4720
647.7290,117.9510,0.2350,694022298043900,0.0360,0.4720
647.8810,117.5880,0.2730,694022298147700,0.0360,0.4720
648.0640,117.3030,0.3070,694022298150700,0.0360,0.4720
648.1560,117.0430,0.3390,694022298151500,0.0360,0.4720
648.2170,116.8360,0.3680,694022298152100,0.0360,0.4720
648.0640,116.5760,0.4190,694022313971500,0.0360,0.4720
647.4550,116.6280,0.4630,694022330448400,0.0360,0.4720
646.8450,116.8880,0.4830,694022330512700,0.0360,0.4720
645.5030,117.4320,0.5010,694022330514700,0.0360,0.4720
644.0090,118.1590,0.5190,694022346574400,0.0360,0.4720
641.1430,119.7680,0.5350,694022346670500,0.0360,0.4720
637.1180,122.0510,0.5510,694022363464400,0.0360,0.4720
634.7400,123.7630,0.5670,694022363555000,0.0360,0.4720
632.1180,125.5790,0.5820,694022363557200,0.0360,0.4720
629.7700,127.4480,0.5970,694022363558000,0.0360,0.4720
627.5440,129.2900,0.6110,694022363558600,0.0360,0.4720
626.1410,130.7950,0.6250,694022380026800,0.0360,0.4720
625.1350,132.0140,0.6380,694022380099600,0.0360,0.4720
624.4030,133.1300,0.6510,694022380101700,0.0360,0.4720
623.8240,134.3230,0.6630,694022380102400,0.0360,0.4720
623.4280,135.4390,0.6740,694022396470700,0.0360,0.4720
623.3970,136.5030,0.6860,694022396525400,0.0360,0.4720
623.6110,137.4110,0.6970,694022412866600,0.0360,0.4720
624.1290,138.5260,0.7070,694022412943400,0.0360,0.4720
625.0440,139.5900,0.7170,694022412945500,0.0360,0.4720
626.2630,140.4460,0.7270,694022412946200,0.0360,0.4720
629.3120,141.8740,0.7360,694022412946900,0.0360,0.4720
631.4770,142.6260,0.7440,694022429395800,0.0360,0.4720
633.3370,142.9890,0.7520,694022429514100,0.0180,0.4730
635.2280,143.1450,0.7590,694022446308600,0.0180,0.4730
637.0270,143.1970,0.7650,694022446408300,0.0180,0.4730
638.8870,143.0930,0.7710,694022446410300,0.0360,0.4720
640.5030,142.8330,0.7770,694022446411100,0.0360,0.4720
641.9660,142.4180,0.7810,694022462453000,0.0360,0.4720
643.4300,141.7700,0.7860,694022462531100,0.0360,0.4720
644.5270,141.0170,0.7900,694022462532500,0.0360,0.4720
645.5030,140.0050,0.7940,694022479371700,0.0360,0.4720
646.0820,138.8900,0.7980,694022479456800,0.0360,0.4720
646.3570,137.5660,0.8010,694022479458600,0.0360,0.4720
646.4480,136.0100,0.8040,694022479459400,0.0360,0.4720
646.3570,134.3750,0.8060,694022495510800,0.0360,0.4720
645.9300,132.5070,0.8090,694022495583200,0.0360,0.4720
644.9240,129.1860,0.8110,694022495602800,0.0360,0.4720
643.5210,125.9950,0.8120,694022495604900,0.0360,0.4720
642.2410,123.0630,0.8140,694022495605500,0.0360,0.4720
640.7160,120.4680,0.8150,694022511753700,0.0360,0.4720
639.5270,118.6000,0.8170,694022511960500,0.0360,0.4720
638.3990,117.1470,0.8180,694022528674900,0.0350,0.4900
637.4530,115.9790,0.8190,694022528786400,0.0360,0.5070
636.5390,114.9680,0.8200,694022528788400,0.0360,0.5070
635.5940,114.0080,0.8210,694022528789000,0.0360,0.5070
634.7400,113.1510,0.8220,694022545450400,0.0360,0.5070
634.0990,112.5290,0.8230,694022545527500,0.0360,0.5070
633.4590,112.0360,0.8190,694022545529800,0.0360,0.5070
632.8190,111.7240,0.8090,694022561403300,0.0360,0.5070
632.1790,111.5690,0.7910,694022561486500,0.0360,0.5070
631.5990,111.5170,0.7640,694022561488000,0.0360,0.5070
630.9890,111.5690,0.7460,694022561488600,0.0360,0.5070
630.1970,111.8280,0.7060,694022578506700,0.0360,0.5070
629.0380,112.2430,0.5880,694022578783500,0.0360,0.5070
627.9100,112.7360,0.4900,694022594772500,0.0360,0.5070
626.8430,113.2550,0.4080,694022594814700,0.0360,0.5070
582.7830,121.5840,0.3210,694022793524300,0.0000,0.4710
583.6980,120.9350,0.4820,694022809453000,0.0000,0.4710
584.3680,120.4680,0.5630,694022809519900,0.0000,0.4710
585.0090,120.0790,0.6030,694022809521500,0.0000,0.4710
585.4970,119.8190,0.6240,694022809522100,0.0000,0.4710
585.9240,119.6120,0.6340,694022809522700,0.0000,0.4710
586.3500,119.4560,0.6390,694022825662600,0.0000,0.4710
586.7770,119.2750,0.6420,694022825759500,0.0000,0.4710
587.1430,119.1710,0.6440,694022842495800,0.0000,0.4710
587.4790,119.0150,0.6450,694022842614200,0.0000,0.4710
587.7830,118.9630,0.6480,694022842615700,0.0000,0.4710
588.1490,118.8590,0.6500,694022842616200,0.0000,0.4710
588.4240,118.8590,0.6520,694022858634200,0.0000,0.4710
588.6980,118.9110,0.6540,694022858751400,0.0000,0.4710
588.9120,118.9630,0.6560,694022875500800,0.0000,0.4710
589.1860,119.1710,0.6580,694022875583600,0.0000,0.4710
589.4300,119.4040,0.6600,694022875585200,0.0000,0.4710
589.5820,119.6640,0.6610,694022875585800,0.0000,0.4710
589.6430,120.0270,0.6630,694022875586300,0.0000,0.4710
589.6430,120.4680,0.6650,694022891643500,0.0000,0.4710
589.5520,120.9870,0.6660,694022891757100,0.0000,0.4710
589.2780,121.7390,0.6680,694022891758600,0.0000,0.4710
588.7900,122.8030,0.6700,694022891759400,0.0000,0.4710
588.0580,123.9710,0.6710,694022908653900,0.0000,0.4710
587.0820,125.0860,0.6740,694022908776100,0.0000,0.4710
585.9840,126.2020,0.6750,694022925599400,0.0000,0.4710
583.7890,128.2780,0.6780,694022925719100,0.0000,0.4710
581.3800,130.1460,0.6810,694022925720600,0.0000,0.4710
578.8800,131.7550,0.6830,694022925721200,0.0000,0.4710
576.9290,132.9220,0.6860,694022925721800,0.0000,0.4710
574.2450,134.3230,0.6900,694022941615000,0.0000,0.4710
572.2330,135.2570,0.6930,694022941668400,0.0000,0.4710
570.6780,136.0620,0.6970,694022958475000,0.0000,0.4710
569.3360,136.7100,0.7010,694022958546300,0.0000,0.4710
568.0560,137.3590,0.7050,694022958548300,0.0000,0.4710
566.9580,137.9820,0.7090,694022958548900,0.0180,0.4730
565.8300,138.6820,0.7140,694022958549500,0.0180,0.4730
564.8850,139.3830,0.7180,694022975358800,0.0180,0.4730
564.2440,140.0050,0.7220,694022975407800,0.0180,0.4730
563.7570,140.6540,0.7260,694022992358800,0.0180,0.4730
563.3910,141.3030,0.7300,694022992470600,0.0180,0.4730
563.2080,142.0290,0.7340,694022992472200,0.0180,0.4730
563.1770,142.8330,0.7380,694022992472800,0.0180,0.4730
563.3300,143.7420,0.7430,694022992473700,0.0180,0.4730
563.7570,145.0130,0.7480,694023008800400,0.0180,0.4730
564.3970,146.3100,0.7520,694023008920800,0.0180,0.4730
565.2510,147.6340,0.7580,694023008922300,0.0180,0.4730
566.2570,148.9050,0.7630,694023008922900,0.0180,0.4730
568.3910,151.1360,0.7680,694023025330800,0.0180,0.4730
570.6170,153.1600,0.7730,694023025412000,0.0180,0.4730
572.2330,154.7170,0.7780,694023041614000,0.0180,0.4730
573.5440,155.9880,0.7820,694023041729900,0.0180,0.4730
574.7330,157.0520,0.7870,694023041731400,0.0180,0.4730
575.8610,158.1160,0.7910,694023041732200,0.0180,0.4730
576.9290,159.2570,0.7950,694023041732800,0.0180,0.4730
577.8740,160.3210,0.7980,694023058643700,0.0180,0.4730
578.7890,161.3330,0.8020,694023058753000,0.0180,0.4730
579.5200,162.3970,0.8050,694023058755300,0.0180,0.4730
580.0080,163.2530,0.8070,694023058756300,0.0180,0.4730
580.2830,163.9790,0.8100,694023074867200,0.0180,0.4730
580.4350,164.6280,0.8120,694023075002500,0.0180,0.4730
580.4960,165.1990,0.8150,694023091618200,0.0180,0.4730
580.2830,165.8480,0.8170,694023091671600,0.0180,0.4730
579.8860,166.4440,0.8200,694023091673400,0.0180,0.4730
579.0940,167.2490,0.8230,694023091674000,0.0180,0.4730
578.1790,167.9230,0.8250,694023107751200,0.0180,0.4730
577.0810,168.4680,0.8270,694023107855600,0.0180,0.4730
575.7400,168.8830,0.8290,694023124368700,0.0180,0.4730
574.3060,169.2210,0.8310,694023124419200,0.0360,0.4720
572.6900,169.4280,0.8330,694023124420600,0.0360,0.4720
571.0440,169.5320,0.8350,694023124421200,0.0360,0.4720
569.1840,169.5320,0.8360,694023124421800,0.0360,0.4720
567.1720,169.4280,0.8380,694023140576000,0.0360,0.4720
565.1900,169.2210,0.8390,694023140697200,0.0360,0.4720
561.7140,168.5720,0.8400,694023140698700,0.0360,0.4720
559.2130,167.9230,0.8410,694023156674700,0.0530,0.4730
557.2620,167.3010,0.8430,694023156769500,0.0710,0.4730
554.4260,166.0550,0.8440,694023156771100,0.0710,0.4730
552.4140,164.9390,0.8450,694023156771800,0.0710,0.4730
550.9500,163.8760,0.8470,694023173565400,0.0710,0.4730
548.8460,162.0590,0.8480,694023173688700,0.0710,0.4730
547.3830,160.4770,0.8490,694023190608200,0.0710,0.4730
546.3770,158.9200,0.8510,694023190728100,0.0710,0.4730
545.0050,156.3770,0.8530,694023190730000,0.0710,0.4730
544.0290,154.1720,0.8550,694023190730600,0.0710,0.4730
543.4500,152.1480,0.8580,694023190731200,0.0710,0.4730
543.1450,150.3060,0.8600,694023207404500,0.0710,0.4730
542.5350,146.8810,0.8630,694023207490000,0.0710,0.4730
542.1690,144.2090,0.8650,694023207491600,0.0710,0.4730
542.0160,142.0810,0.8670,694023207492200,0.0710,0.4730
542.0160,140.2130,0.8700,694023224580200,0.0710,0.4730
542.0770,138.3710,0.8730,694023224700700,0.0710,0.4730
542.2910,136.6070,0.8750,694023240568900,0.0710,0.4730
542.5350,134.8940,0.8780,694023240661000,0.0710,0.4730
542.9310,133.2850,0.8810,694023240662500,0.0700,0.4900
543.2970,131.8580,0.8850,694023240663200,0.0700,0.5060
543.8150,130.4830,0.8870,694023240664200,0.0700,0.5060
544.3950,129.2380,0.8900,694023257627600,0.0700,0.5060
545.0350,128.1740,0.8930,694023257725500,0.0700,0.5060
545.7970,127.3440,0.8950,694023257727100,0.0700,0.5060
546.4380,126.6950,0.8980,694023257727900,0.0700,0.5060
547.0170,126.2540,0.9000,694023273953600,0.0700,0.5060
547.5660,125.9430,0.9010,694023274005600,0.0700,0.5060
548.1450,125.8390,0.9030,694023290364600,0.0700,0.5060
548.6630,125.7870,0.9050,694023290483000,0.0700,0.5060
549.2120,125.8910,0.9060,694023290484500,0.0700,0.5060
549.8530,126.1500,0.9070,694023290485100,0.0700,0.5060
550.4320,126.5390,0.9080,694023306503600,0.0700,0.5060
550.9500,127.0580,0.9090,694023306623900,0.0700,0.5060
551.6520,128.0180,0.9100,694023306625400,0.0700,0.5060
552.0780,128.8750,0.9110,694023322646400,0.0700,0.5060
552.2920,129.7310,0.9110,694023322763600,0.0700,0.5060
552.4440,130.5870,0.9120,694023322765300,0.0700,0.5060
552.4140,131.4430,0.9120,694023322765900,0.0700,0.5060
552.2310,132.3510,0.9130,694023338603200,0.0700,0.5060
551.9260,133.7260,0.9140,694023338696400,0.0700,0.5060
551.2860,134.9980,0.9140,694023355616300,0.0700,0.5060
550.4930,136.2690,0.9150,694023355734600,0.0700,0.5060
548.5720,138.4750,0.9150,694023355736100,0.0700,0.5060
546.8650,139.9020,0.9160,694023355736700,0.0700,0.5060
544.5170,141.6660,0.9160,694023355737300,0.0700,0.5060
541.9550,143.1450,0.9160,694023371691500,0.0700,0.5060
539.8820,144.1050,0.9170,694023371798600,0.0700,0.5060
538.0220,144.8050,0.9170,694023371800700,0.0700,0.5060
536.3760,145.3500,0.9180,694023388617300,0.0700,0.5060
534.5460,145.6620,0.9180,694023388733500,0.0700,0.5060
532.6860,146.0250,0.9180,694023388735100,0.0700,0.5060
530.9790,146.3100,0.9180,694023404634600,0.0700,0.5060
529.2710,146.4140,0.9190,694023404729500,0.0700,0.5060
527.6250,146.4140,0.9190,694023404731200,0.0700,0.5060
526.0700,146.3100,0.9190,694023404731900,0.0700,0.5060
524.6970,146.0770,0.9190,694023404732700,0.0700,0.5060
523.4170,145.7140,0.9200,694023421652700,0.0700,0.5060
522.3500,145.2980,0.9210,694023421772800,0.0700,0.5060
521.3430,144.7020,0.9210,694023437963700,0.0700,0.5060
520.4900,143.9490,0.9230,694023438082500,0.0700,0.5060
519.7880,143.1450,0.9250,694023438084100,0.0700,0.5060
519.2090,142.3660,0.9270,694023438084700,0.0880,0.5060
518.7210,141.3550,0.9300,694023438085300,0.0880,0.5060
518.2940,140.1610,0.9330,694023454211700,0.0880,0.5060
517.9280,138.9420,0.9360,694023454336800,0.0880,0.5060
517.5930,137.5660,0.9390,694023470312400,0.0880,0.5060
517.2880,136.0620,0.9420,694023470438400,0.0880,0.5060
517.0140,134.5310,0.9450,694023470440100,0.0880,0.5060
516.8000,132.8180,0.9480,694023470440800,0.0880,0.5060
516.5870,131.0020,0.9510,694023470441700,0.0880,0.5060
516.3730,129.0820,0.9540,694023487253300,0.0880,0.5060
516.2210,127.0070,0.9570,694023487375800,0.0880,0.5060
516.0070,123.1670,0.9590,694023503293400,0.0880,0.5240
515.7940,120.3640,0.9610,694023503410600,0.0880,0.5420
515.6720,117.9510,0.9630,694023503412100,0.0880,0.5420
515.5810,115.7200,0.9650,694023503412800,0.0880,0.5590
515.4590,111.7240,0.9660,694023503413700,0.0880,0.5590
515.4280,108.5850,0.9670,694023519616300,0.0880,0.5590
515.3670,106.0680,0.9690,694023519668200,0.0880,0.5590
515.3060,103.9410,0.9700,694023519669700,0.0880,0.5590
515.0930,100.1010,0.9710,694023519670300,0.0880,0.5590
514.8790,97.3240,0.9730,694023536360800,0.0880,0.5770
514.6660,95.1970,0.9740,694023536490600,0.0880,0.5770
514.5130,93.4580,0.9740,694023552407900,0.0880,0.5770
514.3000,91.7460,0.9750,694023552531300,0.0880,0.5770
514.0870,90.0850,0.9770,694023552533000,0.0880,0.5770
513.8730,88.6060,0.9770,694023552533700,0.0880,0.5770
513.7210,87.2050,0.9760,694023568551000,0.0880,0.5770
513.5990,86.0900,0.9740,694023568672200,0.0880,0.5770
513.5070,85.2340,0.9740,694023568673900,0.0880,0.5770
513.3850,84.5070,0.9730,694023584591400,0.0880,0.5770
513.3550,83.8580,0.9730,694023584686000,0.0880,0.5770
513.2940,83.3650,0.9720,694023584687600,0.0880,0.5770
513.2330,82.9500,0.9670,694023584688300,0.0880,0.5770
513.1720,82.5870,0.9580,694023600795500,0.0880,0.5770
513.1720,82.3020,0.9460,694023600915400,0.0880,0.5770
513.2330,82.1460,0.9110,694023617063000,0.0880,0.5770
513.4460,82.6910,0.8640,694023617164300,0.0880,0.5770
513.7210,83.3140,0.8280,694023633918100,0.0880,0.5590
580.3130,150.6170,0.3350,694023847072600,0.0000,0.3140
580.3740,150.8250,0.5060,694023847152200,0.0000,0.3320
580.3740,150.9290,0.5920,694023847154100,0.0000,0.3490
580.4350,151.0840,0.6350,694023863626300,0.0000,0.3670
580.4960,151.3180,0.6700,694023863727400,0.0000,0.4010
580.5880,151.4220,0.6870,694023863730600,0.0000,0.4190
581.2280,151.3180,0.7120,694023897245400,0.0000,0.4190
581.7160,151.1360,0.7210,694023897347000,0.0000,0.4190
582.9960,150.8770,0.7290,694023897348700,0.0000,0.4190
584.4290,150.6170,0.7380,694023897349600,0.0000,0.4190
586.0150,150.4100,0.7460,694023897350200,0.0000,0.4190
587.6310,150.2280,0.7530,694023913532100,0.0180,0.4200
589.2780,150.1760,0.7600,694023913611800,0.0350,0.4190
590.8330,150.2280,0.7660,694023913614000,0.0350,0.4190
592.3570,150.3060,0.7710,694023913614700,0.0350,0.4190
593.8210,150.4100,0.7760,694023930464700,0.0350,0.4190
594.9180,150.5650,0.7790,694023930564800,0.0350,0.4190
595.8330,150.6690,0.7800,694023947374800,0.0350,0.4190
596.5340,150.8250,0.7730,694023947483400,0.0350,0.4190
597.1750,150.9810,0.7590,694023947485100,0.0350,0.4190
597.6320,151.1360,0.7370,694023947485800,0.0350,0.4190
597.9670,151.3180,0.7210,694023964093900,0.0350,0.4370
598.1810,151.4740,0.6890,694023964202400,0.0350,0.4550
598.3330,151.5770,0.5740,694023964204000,0.0360,0.4720
598.3330,151.7330,0.4790,694023980810900,0.0360,0.4720
477.5280,137.3070,0.2600,694025147565900,0.0350,0.4370
477.4670,136.8660,0.3930,694025147592700,0.0350,0.4550
477.4670,136.3990,0.4620,694025147594600,0.0360,0.4720
477.4670,136.0100,0.4980,694025163906300,0.0360,0.4720
477.4360,135.7500,0.5170,694025163996400,0.0360,0.4720
477.4360,135.4910,0.5280,694025180170500,0.0360,0.4720
477.4360,135.2050,0.5330,694025180264400,0.0360,0.4720
477.4360,134.8420,0.5420,694025180266700,0.0360,0.4720
477.4360,134.6350,0.5520,694025196227000,0.0360,0.4720
477.6500,134.5830,0.5730,694025212269600,0.0360,0.4720
478.0160,134.8940,0.5870,694025212495400,0.0360,0.4720
478.2900,135.2050,0.5940,694025228338400,0.0360,0.4720
478.7170,135.7500,0.6010,694025228459000,0.0360,0.4720
479.0830,136.3470,0.6070,694025244536200,0.0360,0.4720
479.6620,137.3590,0.6140,694025244651400,0.0360,0.4720
480.2110,138.4230,0.6200,694025244653400,0.0360,0.4720
480.7290,139.5900,0.6260,694025244654100,0.0360,0.4720
481.0950,140.8100,0.6320,694025260672300,0.0360,0.4720
481.3090,141.9250,0.6380,694025260767800,0.0360,0.4720
481.3700,142.9890,0.6440,694025260769900,0.0360,0.4720
481.3700,143.8970,0.6500,694025260770700,0.0360,0.4720
481.2170,145.3500,0.6560,694025260771600,0.0360,0.4720
480.8820,146.7250,0.6630,694025276594700,0.0360,0.4720
480.4550,147.9970,0.6680,694025276718000,0.0360,0.4720
479.9370,149.2160,0.6740,694025293386600,0.0360,0.4720
479.2350,150.4100,0.6800,694025293469500,0.0530,0.4730
478.4430,151.4740,0.6860,694025293471500,0.0530,0.4730
477.5280,152.3820,0.6910,694025293472700,0.0530,0.4730
476.5220,153.2120,0.6960,694025309557400,0.0530,0.4730
475.3930,153.9120,0.7010,694025309615100,0.0710,0.4730
474.1740,154.5090,0.7050,694025326411900,0.0710,0.4730
472.9540,154.9760,0.7100,694025326463000,0.0710,0.4730
471.6120,155.3650,0.7140,694025326465000,0.0710,0.4730
470.4540,155.5210,0.7180,694025326465700,0.0710,0.4730
469.3870,155.5730,0.7210,694025326466300,0.0710,0.4730
468.4110,155.5210,0.7240,694025342623700,0.0710,0.4730
466.9780,155.4170,0.7270,694025342747700,0.0880,0.4720
465.4840,155.0800,0.7300,694025359338000,0.0880,0.4720
464.1420,154.6650,0.7330,694025359419600,0.0880,0.4720
462.8920,154.0680,0.7350,694025359421600,0.0880,0.4720
461.7030,153.4450,0.7370,694025359422400,0.1050,0.4710
460.5750,152.6410,0.7400,694025359423100,0.1050,0.4710
459.4770,151.7850,0.7420,694025375617200,0.1050,0.4710
458.4400,150.7730,0.7440,694025375722300,0.1050,0.4710
457.6480,149.7090,0.7460,694025375724400,0.1050,0.4710
456.8550,148.5420,0.7480,694025375725400,0.1050,0.4710
456.2150,147.2440,0.7490,694025392610900,0.1050,0.4710
455.5740,145.9210,0.7500,694025392725700,0.1050,0.4710
455.0560,144.6500,0.7520,694025409375800,0.1050,0.4710
454.5680,143.2490,0.7530,694025409444500,0.1050,0.4710
454.2020,141.8740,0.7540,694025409446500,0.1050,0.4710
453.8670,140.4460,0.7540,694025409447200,0.1050,0.4710
453.5620,139.0970,0.7550,694025409447800,0.1050,0.4710
453.2870,137.8260,0.7560,694025426373700,0.1050,0.4710
452.9520,136.5550,0.7560,694025426491300,0.1050,0.4710
452.6470,135.5430,0.7560,694025442527100,0.1050,0.4710
452.3120,134.6860,0.7560,694025442639200,0.1050,0.4710
451.7930,133.5710,0.7560,694025442641100,0.1050,0.4710
451.2140,132.5590,0.7560,694025442641800,0.1050,0.4710
450.4210,131.5990,0.7560,694025442642700,0.1050,0.4710
449.5670,130.7950,0.7560,694025458643500,0.1050,0.4710
448.5920,129.9900,0.7560,694025458764000,0.1050,0.4710
447.4330,129.3680,0.7560,694025474761400,0.1050,0.4710
446.1520,128.8230,0.7560,694025474877800,0.1050,0.4710
444.7500,128.3560,0.7570,694025474879700,0.1050,0.4710
443.2560,128.0180,0.7570,694025474880300,0.1050,0.4710
441.6700,127.7590,0.7570,694025490702700,0.1050,0.4890
440.0240,127.5510,0.7570,694025490798600,0.1060,0.5070
438.3770,127.4480,0.7570,694025490800600,0.1060,0.5070
436.6700,127.4480,0.7570,694025507385600,0.1060,0.5070
435.0540,127.4480,0.7570,694025507516500,0.1060,0.5070
433.5290,127.5510,0.7570,694025507518800,0.1060,0.5070
432.0660,127.6030,0.7570,694025507519400,0.1060,0.5070
430.9070,127.7070,0.7570,694025523901000,0.1060,0.5070
429.9310,127.8110,0.7570,694025523999600,0.1060,0.5070
429.1380,127.9150,0.7580,694025524001500,0.1060,0.5070
428.4070,127.9660,0.7590,694025524002400,0.1060,0.5070
427.8270,128.0180,0.7600,694025524003000,0.1060,0.5070
427.2790,128.0700,0.7620,694025539999500,0.1060,0.5070
426.8520,128.1220,0.7630,694025540118000,0.1060,0.5070
426.4860,128.1740,0.7650,694025556131000,0.1060,0.5070
426.1200,128.1740,0.7680,694025556248800,0.1060,0.5070
425.8450,128.2260,0.7710,694025556250800,0.1060,0.5070
425.6320,128.2260,0.7750,694025556251600,0.1060,0.5070
425.2970,128.0700,0.7830,694025572630000,0.1060,0.5070
425.3580,127.7070,0.7920,694025589476300,0.1060,0.5070
425.5710,127.3440,0.7960,694025589557300,0.1060,0.5070
425.9980,126.7470,0.8010,694025589559200,0.1060,0.5070
426.9130,125.7870,0.8060,694025589559800,0.1060,0.5070
428.0410,124.8270,0.8110,694025606609900,0.1060,0.5070
430.2060,122.9070,0.8160,694025606734400,0.1060,0.5070
431.8520,121.4800,0.8220,694025606736800,0.1060,0.5070
433.3160,120.2860,0.8280,694025606737500,0.1060,0.5070
435.6330,118.6000,0.8350,694025622672500,0.1060,0.5070
437.4020,117.3030,0.8410,694025622767600,0.1060,0.5070
438.6820,116.2910,0.8470,694025639355500,0.1060,0.5070
439.7490,115.4610,0.8530,694025639439400,0.1060,0.5070
440.8170,114.6040,0.8590,694025639441400,0.1060,0.5070
441.8840,113.7480,0.8650,694025639442100,0.1060,0.5070
442.8290,112.8920,0.8700,694025655373900,0.1060,0.5070
443.8050,112.0360,0.8750,694025655455500,0.1060,0.5070
444.7190,111.1790,0.8800,694025671558300,0.1060,0.5070
445.6040,110.3230,0.8850,694025671658900,0.1060,0.5070
446.5180,109.4930,0.8890,694025671661500,0.1060,0.5070
447.3720,108.6890,0.8930,694025671662800,0.1060,0.5250
448.2870,107.8320,0.8960,694025671663500,0.1060,0.5250
449.1710,107.0800,0.9000,694025688412300,0.1060,0.5250
450.0860,106.2760,0.9030,694025688503300,0.1060,0.5410
451.0010,105.6010,0.9050,694025688505500,0.1060,0.5410
451.8850,104.9520,0.9080,694025688506500,0.1060,0.5410
452.6470,104.4850,0.9100,694025705066000,0.1060,0.5410
453.2260,104.0960,0.9120,694025705138900,0.1060,0.5410
453.7750,103.8890,0.9140,694025705140800,0.1060,0.5410
454.2020,103.7330,0.9130,694025722262800,0.1060,0.5410
454.5680,103.6290,0.9060,694025722395900,0.1060,0.5410
454.9340,103.6290,0.8930,694025722398000,0.1060,0.5410
455.2690,103.7850,0.8710,694025722398700,0.1060,0.5410
455.5130,104.0440,0.8540,694025738445600,0.1060,0.5410
455.9100,104.5370,0.8200,694025738564300,0.1060,0.5410
456.1540,105.1080,0.6830,694025754787000,0.1060,0.5410
456.4280,105.8090,0.5690,694025754876200,0.1060,0.5410
456.7630,106.4570,0.4740,694025754878200,0.1060,0.5410
472.0390,116.8360,0.3160,694025836287100,0.0180,0.5080
472.8020,116.8360,0.4740,694025836309400,0.0180,0.5080
473.3810,116.8360,0.5520,694025852282700,0.0180,0.5080
473.8690,116.8880,0.5910,694025852395100,0.0180,0.5080
474.2960,116.9390,0.6090,694025868614400,0.0180,0.5080
474.6620,116.9910,0.6190,694025868732300,0.0180,0.5080
475.0280,117.0950,0.6250,694025868734300,0.0180,0.5080
475.3020,117.1470,0.6310,694025868735000,0.0180,0.5080
475.5150,117.3030,0.6380,694025868735600,0.0180,0.5080
475.6680,117.4840,0.6460,694025884777300,0.0180,0.5080
475.8200,117.6400,0.6540,694025884874600,0.0180,0.5080
475.8810,117.8480,0.6630,694025884888800,0.0180,0.5080
475.9420,118.2630,0.6720,694025884889800,0.0180,0.5080
475.9420,118.6520,0.6810,694025901573400,0.0180,0.5080
475.8810,119.0670,0.6890,694025901676400,0.0180,0.5080
475.8200,119.5600,0.6960,694025901678800,0.0180,0.5080
475.7590,119.9750,0.7040,694025917741100,0.0180,0.5080
475.7290,120.4680,0.7100,694025917865100,0.0180,0.5080
475.6070,120.8830,0.7160,694025917867000,0.0180,0.5080
475.5460,121.3760,0.7160,694025917867700,0.0180,0.5080
475.3320,122.0510,0.7040,694025934537600,0.0360,0.5070
475.1190,122.6990,0.6810,694025934638400,0.0360,0.5070
474.8140,123.2700,0.6610,694025950786300,0.0360,0.5070
474.4480,123.9190,0.5510,694025950910400,0.0360,0.5070
473.6860,124.7750,0.4590,694025950912500,0.0360,0.5070
473.0150,125.3720,0.3820,694025950914100,0.0360,0.5070
440.6950,99.4780,0.0290,694026100153900,0.0000,0.5060
440.7560,98.7250,0.0730,694026115841500,0.0000,0.5060
440.7560,98.0770,0.1220,694026115919100,0.0000,0.5060
440.6950,97.5580,0.1730,694026115921900,0.0000,0.5060
440.6030,97.0130,0.2240,694026115922900,0.0000,0.5240
440.4810,96.5980,0.2750,694026132812500,0.0180,0.5430
440.3290,96.1570,0.3230,694026132863100,0.0180,0.5430
440.1760,95.7940,0.3680,694026132865400,0.0360,0.5420
440.0240,95.4300,0.4090,694026149752300,0.0360,0.5420
439.8100,95.1450,0.4470,694026149817700,0.0360,0.5420
439.5360,94.9370,0.4820,694026149819700,0.0360,0.5420
439.2610,94.7820,0.5130,694026149820400,0.0360,0.5420
438.8960,94.7300,0.5420,694026166402900,0.0360,0.5420
438.4690,94.7820,0.5670,694026166553900,0.0360,0.5420
437.9810,94.8850,0.5900,694026166556100,0.0360,0.5420
437.3100,95.1970,0.6110,694026182552600,0.0530,0.5410
436.1820,95.7420,0.6300,694026182676900,0.0710,0.5420
434.9930,96.4420,0.6470,694026182679200,0.0880,0.5420
433.7730,97.2210,0.6630,694026182680000,0.0880,0.5420
432.6140,98.0770,0.6770,694026198707600,0.0880,0.5590
431.4250,98.9850,0.6900,694026198824500,0.1050,0.5590
430.2670,99.9970,0.7020,694026214524900,0.1050,0.5590
429.0770,100.9570,0.7120,694026214650100,0.1050,0.5590
427.9190,102.0210,0.7200,694026214652200,0.1230,0.5590
426.7910,103.0840,0.7210,694026214653400,0.1230,0.5590
425.7230,104.2000,0.7090,694026214654100,0.1230,0.5590
424.7780,105.4450,0.6840,694026231789900,0.1230,0.5590
423.8630,106.7170,0.6650,694026231866700,0.1230,0.5590
423.0710,108.0920,0.5540,694026231868900,0.1230,0.5590
422.3690,109.4930,0.4620,694026231869800,0.1230,0.5590
421.8510,110.9200,0.3850,694026247671900,0.1230,0.5590
448.2260,149.3980,0.2860,694026365094900,0.0000,0.3320
448.2870,149.6570,0.4290,694026381499000,0.0180,0.3500
448.2870,149.9170,0.5000,694026381600800,0.0350,0.3670
448.1650,150.2280,0.5360,694026381603500,0.0530,0.3850
448.0730,150.5140,0.5540,694026381604300,0.0700,0.4020
447.8900,150.7210,0.5630,694026397605100,0.0880,0.4200
447.7380,150.9290,0.5680,694026397696100,0.0880,0.4200
447.5860,151.0840,0.5740,694026414045500,0.1050,0.4190
447.4330,151.3180,0.5800,694026414159400,0.1050,0.4190
447.2500,151.4220,0.5870,694026414161500,0.1050,0.4190
447.1590,151.5770,0.5940,694026414162200,0.1050,0.4190
447.0370,151.7330,0.6020,694026414163300,0.1050,0.4190
446.7930,151.9920,0.6170,694026430941700,0.1050,0.4190
446.5790,152.2000,0.6240,694026431062100,0.1050,0.4190
446.3050,152.4850,0.6320,694026431064200,0.1230,0.4190
446.0300,152.6930,0.6410,694026447467700,0.1230,0.4190
445.5120,153.0560,0.6510,694026447566800,0.1230,0.4190
444.9630,153.4450,0.6610,694026447568700,0.1230,0.4190
444.0180,154.0160,0.6700,694026464391500,0.1230,0.4190
442.9510,154.7170,0.6800,694026464467200,0.1230,0.4190
441.7620,155.3650,0.6900,694026464469700,0.1230,0.4190
440.3900,155.9880,0.6990,694026464470500,0.1230,0.4370
438.8350,156.7410,0.7080,694026480589500,0.1230,0.4550
435.9070,157.9600,0.7170,694026480685400,0.1230,0.4720
432.9190,159.0760,0.7260,694026497523000,0.1230,0.4720
429.9010,160.0360,0.7340,694026497625200,0.1230,0.4720
427.4310,160.7360,0.7420,694026497627200,0.1230,0.4720
425.2970,161.2810,0.7500,694026497628200,0.1230,0.4720
421.9120,161.9560,0.7560,694026497628800,0.1230,0.4720
419.2290,162.3970,0.7610,694026513512800,0.1230,0.4720
417.0030,162.6560,0.7650,694026513591900,0.1230,0.4720
414.9300,162.8120,0.7700,694026513594200,0.1230,0.4720
412.7950,162.9160,0.7730,694026513595400,0.1230,0.4720
410.6000,162.9160,0.7770,694026530495500,0.1230,0.4720
408.4040,162.9160,0.7800,694026530579600,0.1230,0.4720
406.2700,162.7600,0.7820,694026530581900,0.1230,0.4720
404.3190,162.5010,0.7850,694026546534200,0.1230,0.4720
402.4590,162.1630,0.7870,694026546612500,0.1230,0.4720
400.7820,161.8000,0.7900,694026546614600,0.1230,0.4720
399.3490,161.3330,0.7920,694026546615400,0.1230,0.4720
398.1290,160.7360,0.7950,694026563388500,0.1230,0.4900
397.1840,160.1390,0.7970,694026563452800,0.1220,0.5060
396.5740,159.5690,0.7990,694026579447100,0.1060,0.5070
396.2690,159.0240,0.8010,694026579536000,0.1060,0.5070
396.2080,158.5050,0.8030,694026579538200,0.0880,0.5060
396.3300,157.9600,0.8040,694026579539000,0.0880,0.5060
396.5740,157.3890,0.8060,694026579539600,0.0880,0.5060
397.2750,156.5330,0.8070,694026595621800,0.0880,0.5060
398.1900,155.7290,0.8080,694026595769100,0.0880,0.5060
399.3180,154.9760,0.8090,694026611688700,0.0880,0.5060
400.6290,154.3020,0.8100,694026611811800,0.0880,0.5060
402.1230,153.6010,0.8110,694026611813700,0.0880,0.5060
403.7390,153.0560,0.8120,694026611814400,0.0880,0.5060
405.4770,152.6410,0.8120,694026611815000,0.0880,0.5060
407.3370,152.3300,0.8120,694026628872800,0.0880,0.5060
409.2280,152.1480,0.8120,694026629010400,0.0880,0.5060
411.1490,152.2000,0.8120,694026645543900,0.0880,0.5060
413.0090,152.4340,0.8130,694026645633600,0.0880,0.5060
414.8080,152.6410,0.8130,694026645636400,0.0880,0.5060
416.5150,152.9520,0.8130,694026645637600,0.0880,0.5060
418.1010,153.4450,0.8130,694026661880400,0.0880,0.5060
419.5030,154.0680,0.8130,694026662088300,0.0880,0.5060
420.7840,154.8720,0.8130,694026662090700,0.0880,0.5060
421.7900,155.7810,0.8130,694026662091800,0.0880,0.5060
422.5830,156.7920,0.8140,694026662092400,0.0880,0.5060
423.1620,157.9600,0.8160,694026678815200,0.0880,0.5060
423.3760,159.0240,0.8180,694026678909300,0.0880,0.5060
423.3760,160.0360,0.8210,694026694856700,0.0880,0.5060
423.0710,161.5410,0.8250,694026694975000,0.0880,0.5060
422.4910,162.9680,0.8300,694026694977500,0.0880,0.5060
420.9360,165.6400,0.8350,694026694978300,0.1060,0.5070
419.0150,168.0270,0.8400,694026694978900,0.1060,0.5070
416.7900,170.1550,0.8450,694026710853400,0.1060,0.5070
414.3200,172.1780,0.8500,694026710943300,0.1060,0.5070
411.6670,173.9950,0.8550,694026727451300,0.1220,0.5060
407.7340,176.4080,0.8590,694026727572000,0.1220,0.5060
404.9590,177.7830,0.8640,694026727574300,0.1220,0.5060
401.8180,179.1060,0.8670,694026727575100,0.1220,0.5060
398.5560,180.3510,0.8690,694026743379200,0.1220,0.5060
395.2630,181.5190,0.8670,694026743467900,0.1220,0.5060
392.0000,182.6350,0.8560,694026759605100,0.1220,0.5060
389.0120,183.6460,0.8370,694026759727300,0.1220,0.5060
386.7250,184.2950,0.8220,694026759729300,0.1220,0.5060
384.7130,184.7620,0.7920,694026759730400,0.1220,0.5060
383.0970,184.9700,0.7410,694026759731000,0.1220,0.5060
381.7860,184.9700,0.6180,694026776525900,0.1220,0.5060
380.3830,184.7100,0.5150,694026776640800,0.1220,0.5060
379.1030,184.1140,0.4290,694026776655900,0.1220,0.5060
392.4270,125.7350,0.0330,694026893169100,0.0000,0.4890
392.5800,124.6190,0.0800,694026893247000,0.0000,0.4890
392.7020,123.7630,0.1310,694026893251900,0.0000,0.4890
392.8540,123.0630,0.1820,694026893253000,0.0000,0.4890
392.9760,122.5440,0.2320,694026909728500,0.0000,0.4890
393.1890,122.0510,0.2790,694026909780300,0.0000,0.4890
393.4030,121.7390,0.3240,694026925913200,0.0180,0.4900
393.6160,121.4800,0.3660,694026926033700,0.0350,0.4900
393.8600,121.2980,0.4040,694026926036300,0.0530,0.4900
394.0740,121.2470,0.4390,694026926037000,0.0700,0.4900
394.2870,121.2980,0.4700,694026926037600,0.0700,0.4900
394.5620,121.4800,0.4980,694026941874400,0.0700,0.4900
394.7750,121.7910,0.5210,694026941924500,0.0700,0.4900
394.9270,122.2580,0.5350,694026958354000,0.0880,0.4900
394.9880,122.7510,0.5410,694026958474600,0.0880,0.4900
394.9880,123.3480,0.5320,694026958476800,0.0880,0.4900
394.9270,124.1780,0.5150,694026958478000,0.1050,0.4890
394.8360,124.9830,0.4290,694026974932500,0.1050,0.4890
394.5620,125.6830,0.3580,694026975023800,0.0880,0.4900
394.2570,126.3320,0.2980,694026975027100,0.0700,0.4900
381.2370,104.4850,0.2630,694027056984400,0.0520,0.5590
380.3830,101.1640,0.3960,694027057037400,0.0700,0.5590
379.6820,98.9330,0.4650,694027073709200,0.0700,0.5590
379.1030,97.4540,0.5020,694027073757900,0.0880,0.5590
378.5840,96.2610,0.5210,694027073759900,0.0880,0.5590
377.9740,95.1970,0.5330,694027073760600,0.0880,0.5590
377.3950,94.1850,0.5410,694027073761200,0.0880,0.5590
376.8770,93.3810,0.5500,694027089907800,0.0880,0.5590
376.4500,92.7580,0.5600,694027090032400,0.0880,0.5590
376.0840,92.2650,0.5710,694027106440000,0.0880,0.5590
375.7490,91.8500,0.5820,694027106558500,0.0880,0.5590
375.4740,91.4860,0.5940,694027106560400,0.0880,0.5590
375.3220,91.2010,0.6050,694027106561000,0.0880,0.5590
375.1690,91.0450,0.6150,694027106562000,0.0880,0.5590
375.0470,90.9930,0.6240,694027122586900,0.0880,0.5590
375.4440,92.3690,0.6520,694027138615800,0.0880,0.5590
375.8710,93.8740,0.6580,694027138710000,0.0880,0.5590
376.3280,95.6380,0.6630,694027154682700,0.0880,0.5590
377.2430,99.0370,0.6680,694027154799900,0.0880,0.5590
377.8830,101.6050,0.6720,694027154801800,0.0880,0.5590
378.6150,104.9010,0.6760,694027154803300,0.0880,0.5590
379.2550,108.2480,0.6800,694027154804000,0.0880,0.5590
379.5900,110.9200,0.6840,694027170637700,0.0880,0.5590
379.8650,113.2550,0.6900,694027170707400,0.0880,0.5590
380.1090,117.1990,0.6960,694027187514700,0.0880,0.5590
380.1090,120.2350,0.7050,694027187565700,0.0880,0.5590
380.1090,122.8030,0.7130,694027187567600,0.0880,0.5590
380.0170,126.7990,0.7220,694027187568400,0.0880,0.5590
379.8040,130.7430,0.7320,694027204387800,0.0880,0.5590
379.4680,134.5310,0.7410,694027204445800,0.0880,0.5590
379.0110,138.3710,0.7510,694027204448200,0.0880,0.5590
378.3710,142.0810,0.7610,694027221280600,0.0880,0.5420
377.5480,145.6100,0.7710,694027221331000,0.0880,0.5420
376.5110,148.9570,0.7810,694027221333000,0.1060,0.5410
375.2610,152.3300,0.7900,694027221333900,0.1060,0.5410
373.1260,156.4810,0.8000,694027238191100,0.1230,0.5420
371.4800,159.0760,0.8090,694027238246500,0.1230,0.5420
369.5280,161.6440,0.8180,694027238249200,0.1230,0.5420
367.1810,163.9280,0.8260,694027254557400,0.1230,0.5420
363.6130,166.8590,0.8340,694027254674800,0.1400,0.5410
360.8380,168.6760,0.8420,694027254676800,0.1580,0.5420
356.5700,170.8030,0.8500,694027254677500,0.1580,0.5420
353.3680,172.0750,0.8570,694027271122900,0.1750,0.5420
349.8920,173.2160,0.8640,694027271219000,0.1750,0.5420
346.2330,174.0460,0.8700,694027271221700,0.1750,0.5420
342.4520,174.6950,0.8770,694027271222800,0.1750,0.5420
339.4640,174.9030,0.8830,694027271223500,0.1750,0.5420
336.9940,174.9030,0.8890,694027287355400,0.1750,0.5420
334.8910,174.7470,0.8940,694027287471900,0.1750,0.5420
331.3540,174.2800,0.8990,694027303589100,0.1750,0.5420
328.3350,173.2680,0.9050,694027303707400,0.1750,0.5420
326.3530,172.2560,0.9100,694027303709400,0.1750,0.5420
325.0720,171.0110,0.9150,694027303710100,0.1750,0.5420
324.2190,169.7390,0.9190,694027320627800,0.1750,0.5420
323.7000,168.0270,0.9230,694027320747800,0.1750,0.5420
323.4870,166.1590,0.9270,694027320749700,0.1750,0.5420
323.5780,163.9280,0.9310,694027336691500,0.1750,0.5420
324.5850,158.4530,0.9340,694027336787300,0.1750,0.5420
326.0790,153.3930,0.9370,694027336789200,0.1750,0.5420
328.1220,149.1120,0.9380,694027336790200,0.1750,0.5420
329.7680,146.4140,0.9390,694027353617800,0.1750,0.5420
331.6890,143.8970,0.9350,694027353747700,0.1750,0.5420
333.7010,141.7700,0.9280,694027370443400,0.1750,0.5420
335.3170,140.3430,0.9150,694027370494400,0.1750,0.5420
336.6280,139.2010,0.8950,694027370496700,0.1580,0.5420
337.8180,138.3710,0.8660,694027370497500,0.1580,0.5420
339.0370,137.6180,0.8470,694027370498200,0.1580,0.5420
340.2570,136.9180,0.8100,694027387319200,0.1580,0.5420
341.4770,136.3470,0.6750,694027387368500,0.1580,0.5420
342.6660,135.6980,0.5630,694027404220500,0.1580,0.5420
343.7330,135.0500,0.4690,694027404294000,0.1580,0.5420
307.8750,159.2570,0.3060,694027671238900,0.0000,0.3670
308.3330,159.3610,0.4590,694027686964800,0.0000,0.3840
308.6990,159.5170,0.5340,694027687095900,0.0180,0.4030
309.0340,159.6720,0.5710,694027703308100,0.0350,0.4190
309.2480,159.8800,0.5870,694027703374400,0.0530,0.4370
309.4000,160.0360,0.5940,694027703376500,0.0700,0.4550
309.5220,160.1910,0.5960,694027703377200,0.0710,0.4730
309.5220,160.3730,0.5950,694027720322300,0.0710,0.4730
309.1260,160.6840,0.5920,694027720395600,0.0710,0.4730
308.7600,160.7880,0.5930,694027720397800,0.0710,0.4730
308.0280,160.9440,0.5950,694027736356500,0.0880,0.4720
306.7470,161.2810,0.5980,694027736403200,0.0880,0.4720
305.2530,161.4890,0.6030,694027736405500,0.0880,0.4720
303.5460,161.6960,0.6070,694027753339900,0.0880,0.4720
301.6860,161.9040,0.6120,694027753389600,0.0880,0.4720
299.6430,162.0590,0.6160,694027753391700,0.0880,0.4720
297.5690,162.1110,0.6200,694027753392500,0.0880,0.4720
295.4350,162.0590,0.6250,694027770071200,0.0880,0.4720
291.5020,161.9560,0.6300,694027770194200,0.0880,0.4720
288.6660,161.6440,0.6350,694027786984500,0.0880,0.4720
286.5010,161.3850,0.6410,694027787068300,0.0880,0.4720
284.6720,160.9960,0.6480,694027787070400,0.0880,0.4720
282.9340,160.5810,0.6540,694027787071100,0.0880,0.4720
281.3180,160.0880,0.6620,694027787072000,0.0880,0.4720
279.7630,159.5690,0.6710,694027803572800,0.0880,0.4900
278.3910,159.0240,0.6800,694027803679200,0.0880,0.5060
277.1710,158.4010,0.6890,694027803681300,0.0880,0.5060
276.1650,157.7520,0.6990,694027820433500,0.0880,0.5060
275.2500,157.0520,0.7090,694027820532900,0.0880,0.5060
274.6100,156.4810,0.7190,694027820535300,0.0880,0.5060
274.1830,155.9880,0.7280,694027820536100,0.0880,0.5060
273.8470,155.4690,0.7370,694027837261500,0.0880,0.5060
273.6950,154.9760,0.7460,694027837327600,0.0880,0.5060
273.5430,154.5090,0.7540,694027837329600,0.0880,0.5060
273.5430,154.1200,0.7610,694027837330400,0.0880,0.5060
273.5430,153.6530,0.7680,694027853395700,0.0880,0.5060
273.6640,153.2900,0.7740,694027853494000,0.0880,0.5060
273.8170,152.9520,0.7800,694027869575300,0.0880,0.5060
274.0610,152.6930,0.7850,694027869699600,0.0880,0.5060
274.3350,152.4340,0.7890,694027869701600,0.0880,0.5060
274.7620,152.2000,0.7930,694027869702400,0.0880,0.5060
275.2500,152.0440,0.7960,694027869703000,0.0880,0.5060
275.7680,151.9920,0.7990,694027885704500,0.0880,0.5060
276.5920,152.0440,0.8020,694027885751000,0.0880,0.5060
277.4450,152.1480,0.8050,694027901927000,0.0880,0.5060
278.7260,152.4850,0.8070,694027902048300,0.0880,0.5060
279.9460,152.9520,0.8090,694027902050200,0.0880,0.5060
281.0430,153.4450,0.8110,694027902051400,0.0880,0.5060
282.0800,154.0160,0.8130,694027902052100,0.0880,0.5060
283.0250,154.7690,0.8140,694027918705000,0.0880,0.5060
283.8180,155.6250,0.8150,694027918820200,0.0880,0.5060
284.4580,156.5330,0.8170,694027918822400,0.0880,0.5060
285.0070,157.5450,0.8180,694027934977200,0.0880,0.5060
285.2510,158.5050,0.8190,694027935094600,0.0880,0.5060
285.3730,159.4650,0.8200,694027935096700,0.0880,0.5060
285.3120,160.3210,0.8210,694027950972900,0.0880,0.5060
284.9460,161.6960,0.8220,694027951038800,0.0880,0.5060
284.3670,163.0710,0.8230,694027951041000,0.0880,0.5060
283.5740,164.4210,0.8250,694027951041900,0.0880,0.5060
281.8060,166.8080,0.8270,694027967679800,0.0880,0.5060
280.2510,168.4160,0.8280,694027967792600,0.0880,0.5060
278.8780,169.5840,0.8300,694027967794500,0.0880,0.5060
276.4700,171.3480,0.8320,694027984720300,0.0880,0.5060
273.9080,172.8270,0.8340,694027984837700,0.0880,0.5060
271.8960,173.8390,0.8370,694027984839900,0.1060,0.5070
270.0360,174.5910,0.8390,694027984840600,0.1060,0.5070
268.3590,175.1620,0.8410,694028000615100,0.1060,0.5070
265.2180,176.0700,0.8440,694028000711500,0.1060,0.5070
262.9320,176.6670,0.8460,694028016647000,0.1220,0.5060
261.1330,176.9780,0.8490,694028016742500,0.1220,0.5060
259.5170,177.1340,0.8530,694028016744700,0.1220,0.5060
258.0840,177.2640,0.8570,694028016745300,0.1220,0.5060
256.7420,177.2640,0.8610,694028016746000,0.1220,0.5060
255.7050,177.1340,0.8670,694028033241200,0.1220,0.5060
254.3030,176.9780,0.8730,694028033349000,0.1220,0.5060
253.0830,176.6150,0.8800,694028033351300,0.1220,0.5060
251.8940,176.1220,0.8870,694028049937400,0.1220,0.5060
250.9490,175.4990,0.8950,694028050039700,0.1220,0.5060
250.0340,174.7470,0.9030,694028050041600,0.1220,0.5060
249.3630,173.7350,0.9110,694028066037700,0.1220,0.5060
248.8140,172.6710,0.9190,694028066144300,0.1220,0.5060
248.3870,171.4000,0.9270,694028066146400,0.1220,0.5060
248.0210,169.9990,0.9350,694028066147200,0.1220,0.5060
247.8690,168.4160,0.9420,694028066148000,0.1220,0.5060
247.7470,166.7560,0.9500,694028082815000,0.1220,0.5060
247.6560,164.9910,0.9560,694028082934900,0.1220,0.5060
247.5340,163.1230,0.9630,694028099016200,0.1220,0.5060
247.4420,161.0480,0.9680,694028099136200,0.1220,0.5060
247.1070,157.2080,0.9790,694028099138000,0.1220,0.5060
246.8020,153.5490,0.9830,694028099138600,0.1220,0.5060
246.4660,150.6690,0.9870,694028099139300,0.1220,0.5060
246.1610,148.3340,0.9900,694028115231100,0.1220,0.5060
245.6740,144.7530,0.9940,694028115326300,0.1220,0.5060
245.1860,142.1850,0.9960,694028131795900,0.1220,0.5060
244.8200,140.1090,0.9980,694028131896000,0.1220,0.5060
244.4540,138.4750,1.0000,694028131898100,0.1220,0.5060
244.0880,136.8140,1.0000,694028131898800,0.1220,0.5060
243.6610,135.2050,1.0000,694028148470700,0.1220,0.5060
243.3260,133.7260,1.0000,694028148572100,0.1220,0.5060
242.9600,132.2740,1.0000,694028148574100,0.1220,0.5060
242.6250,130.8460,1.0000,694028165385900,0.1220,0.5060
242.2590,129.5750,1.0000,694028165493500,0.1220,0.5060
241.9840,128.5630,1.0000,694028165495600,0.1220,0.5060
241.8320,127.7070,1.0000,694028165496300,0.1220,0.5060
241.6790,126.9550,1.0000,694028182112900,0.1220,0.5060
241.5270,126.3320,1.0000,694028182211800,0.1220,0.5060
241.4050,125.7870,1.0000,694028182214200,0.1220,0.5060
241.3130,125.3720,1.0000,694028182215700,0.1230,0.5240
241.2520,124.9830,0.9970,694028182216400,0.1230,0.5420
241.2520,124.6710,0.9790,694028198561700,0.1230,0.5420
241.3130,124.4640,0.9560,694028198661300,0.1230,0.5420
241.4050,124.3600,0.9260,694028215300400,0.1230,0.5420
241.6180,124.2820,0.9070,694028215386300,0.1230,0.5420
241.9840,124.4120,0.8730,694028215388400,0.1230,0.5420
242.6250,124.6190,0.8190,694028215389200,0.1230,0.5420
243.7530,125.0860,0.6820,694028231557800,0.1230,0.5420
244.9720,125.6310,0.5690,694028231602800,0.1230,0.5420
246.3750,126.0980,0.4740,694028231604200,0.1230,0.5420
262.1390,134.5830,0.2980,694028297725100,0.1230,0.4900
262.6570,134.7380,0.4480,694028297832000,0.1230,0.4900
263.1450,134.8420,0.5230,694028297834200,0.1230,0.4900
263.6330,134.9460,0.5610,694028314210500,0.1230,0.4900
264.1210,135.1020,0.5800,694028314315800,0.1230,0.4900
264.6390,135.2050,0.5900,694028331186400,0.1230,0.4900
265.1880,135.2570,0.6010,694028331317400,0.1230,0.4900
266.0420,135.3350,0.6150,694028331339200,0.1230,0.4900
266.8950,135.2050,0.6310,694028331340200,0.1230,0.4900
267.8410,135.1540,0.6480,694028331340800,0.1230,0.4900
269.3960,134.9980,0.6660,694028347397100,0.1230,0.4900
270.9810,134.7380,0.6840,694028347461900,0.1230,0.4900
272.7500,134.4270,0.7010,694028363425100,0.1230,0.4900
276.1650,133.7780,0.7170,694028363517000,0.1230,0.4900
278.6040,133.2850,0.7310,694028363519200,0.1050,0.4890
280.6770,132.9220,0.7440,694028363520000,0.1050,0.4890
282.4460,132.6110,0.7560,694028380382900,0.0880,0.4900
284.2450,132.4030,0.7660,694028380435900,0.0700,0.4900
286.0740,132.1700,0.7730,694028380437800,0.0700,0.4900
287.7820,132.0660,0.7750,694028380438500,0.0700,0.4900
289.2760,132.1700,0.7650,694028380439200,0.0700,0.4900
290.2820,132.4030,0.7430,694028396689500,0.0700,0.4900
290.8000,132.7660,0.7270,694028396774900,0.0700,0.4900
291.1360,133.1820,0.6920,694028413351300,0.0700,0.4900
291.0140,133.7780,0.5760,694028413621900,0.0700,0.4900
290.4960,134.7380,0.4800,694028413651600,0.0700,0.4900
289.4280,135.7500,0.4000,694028413653300,0.0700,0.4900
212.5910,159.9320,0.0210,694028710904900,0.1060,0.5070
212.4690,159.5690,0.0580,694028710924100,0.1060,0.5070
212.3160,159.1790,0.1010,694028710925900,0.1060,0.5070
212.1940,158.8680,0.1470,694028727361000,0.1060,0.5070
212.1030,158.5570,0.1940,694028727428100,0.1060,0.5070
212.0420,158.2970,0.2400,694028727430000,0.1060,0.5070
211.9810,158.0120,0.2840,694028727430600,0.1060,0.5070
212.0420,157.7010,0.3630,694028743705900,0.1060,0.5070
212.3160,157.5970,0.4300,694028759646500,0.1060,0.5070
212.5300,157.5970,0.4590,694028759750800,0.1060,0.5070
212.8350,157.7010,0.4850,694028759752700,0.1060,0.5070
213.1700,157.8560,0.5090,694028759753300,0.1060,0.5070
213.6890,158.2190,0.5300,694028776674900,0.1060,0.5070
214.1760,158.6610,0.5500,694028776792900,0.1060,0.5070
214.6640,159.2570,0.5680,694028793407900,0.1060,0.5070
215.3660,160.1910,0.5840,694028793493500,0.1060,0.5070
215.9450,161.2030,0.5990,694028793495400,0.1060,0.5070
216.4020,162.2930,0.6140,694028793508100,0.1060,0.5070
216.7990,163.4610,0.6270,694028793509100,0.1060,0.5070
217.0430,164.4720,0.6400,694028810295200,0.1060,0.5070
217.1650,165.4320,0.6530,694028810417900,0.1060,0.5070
217.2250,166.2890,0.6650,694028810420100,0.1060,0.5070
217.1650,167.1190,0.6760,694028810420800,0.1060,0.5070
217.0120,168.0270,0.6870,694028827371500,0.1060,0.5070
216.6160,169.2720,0.6980,694028827488900,0.1060,0.5070
216.0970,170.3880,0.7090,694028844008000,0.1060,0.5070
215.4570,171.4520,0.7200,694028844125800,0.1060,0.5070
214.6640,172.4120,0.7290,694028844127700,0.1060,0.5070
213.7500,173.3200,0.7390,694028844128400,0.1060,0.5070
212.6820,174.0460,0.7480,694028844129000,0.1060,0.5070
211.5540,174.6430,0.7550,694028860592300,0.1060,0.5070
210.3040,175.1620,0.7620,694028860713800,0.1060,0.5070
208.9010,175.6030,0.7690,694028877270200,0.1060,0.5070
207.5290,175.8630,0.7750,694028877318800,0.1060,0.5070
206.0660,176.0180,0.7810,694028877320900,0.1060,0.5070
204.8160,175.9660,0.7870,694028877321600,0.1060,0.5070
203.2610,175.8630,0.7920,694028877322300,0.1060,0.5070
201.7670,175.6030,0.7960,694028893606300,0.1060,0.5070
200.2720,175.1620,0.8010,694028893724400,0.1060,0.5070
198.9000,174.5910,0.8050,694028909835000,0.1060,0.5070
197.5590,173.8390,0.8090,694028909952100,0.1060,0.5070
196.3390,172.9830,0.8120,694028909954100,0.1060,0.5070
195.2720,172.0230,0.8160,694028909954800,0.1060,0.5070
194.2350,171.0630,0.8190,694028926829300,0.1060,0.5070
193.4120,170.1030,0.8230,694028926949500,0.1060,0.5070
192.6500,169.1430,0.8270,694028926951400,0.1060,0.5070
191.9480,168.2610,0.8310,694028926952600,0.1060,0.5070
191.4300,167.5600,0.8350,694028926953200,0.1060,0.5070
191.0030,167.0150,0.8390,694028943596100,0.1060,0.5070
190.6680,166.5480,0.8430,694028943698400,0.1060,0.5070
190.3630,166.2370,0.8470,694028960061300,0.1060,0.5070
190.0880,165.8990,0.8510,694028960179200,0.1060,0.5070
189.8750,165.6400,0.8540,694028960181100,0.1060,0.5070
189.7840,165.4320,0.8570,694028960181800,0.1060,0.5070
189.6010,165.3290,0.8590,694028976286800,0.1060,0.5070
189.3870,165.1990,0.8610,694028976402500,0.1060,0.5070
188.9300,165.3810,0.8650,694028992991400,0.1060,0.5070
188.5940,165.5880,0.8660,694028993117200,0.1060,0.5070
188.1070,166.0030,0.8680,694028993119000,0.1060,0.5070
187.6490,166.4960,0.8690,694028993119800,0.1060,0.5070
186.8560,167.3010,0.8700,694029009029900,0.1060,0.5070
186.0330,168.1310,0.8710,694029009096800,0.1060,0.5070
185.2400,168.9350,0.8730,694029009098700,0.1060,0.5070
184.3870,169.7910,0.8740,694029009099400,0.1060,0.5070
183.5330,170.5440,0.8740,694029025619200,0.1060,0.5070
182.6790,171.2960,0.8750,694029025738300,0.1060,0.5070
181.7950,171.9710,0.8760,694029042625000,0.1060,0.5070
180.8190,172.6190,0.8770,694029042737900,0.1060,0.5070
179.9650,173.0860,0.8780,694029042739900,0.1060,0.5070
179.2340,173.4760,0.8780,694029042740700,0.1060,0.5070
178.4710,173.7870,0.8790,694029042741700,0.1060,0.5070
177.7400,174.0460,0.8800,694029059597100,0.1060,0.5070
176.9770,174.2800,0.8810,694029059717300,0.1060,0.5070
176.1850,174.4880,0.8820,694029076690900,0.1060,0.5070
175.3920,174.5910,0.8820,694029076814700,0.1060,0.5070
174.5990,174.5910,0.8830,694029076817000,0.1060,0.5070
173.8370,174.5390,0.8840,694029076817600,0.1060,0.5070
173.0440,174.3840,0.8850,694029076818300,0.1060,0.5070
172.3430,174.0980,0.8860,694029093399500,0.1060,0.5070
171.6410,173.7870,0.8870,694029093484800,0.1060,0.5070
170.6350,173.0860,0.8870,694029093486800,0.1220,0.5060
169.7810,172.2560,0.8870,694029093487500,0.1220,0.5060
169.1110,171.4000,0.8870,694029109609500,0.1220,0.5060
168.4090,170.4400,0.8870,694029109822900,0.1220,0.5060
167.8600,169.6360,0.8860,694029126044900,0.1220,0.5060
167.4340,168.9350,0.8860,694029126152000,0.1220,0.5060
167.0680,168.4160,0.8850,694029126154300,0.1220,0.5060
166.7630,167.8710,0.8840,694029126155000,0.1220,0.5060
166.4880,167.4560,0.8830,694029126155600,0.1220,0.5060
166.2140,167.1190,0.8820,694029142287600,0.1220,0.5060
165.9390,166.8080,0.8810,694029142388500,0.1220,0.5060
165.7260,166.5480,0.8800,694029158632000,0.1220,0.5060
165.4820,166.3410,0.8790,694029158726800,0.1220,0.5060
165.1470,166.2370,0.8770,694029158728700,0.1220,0.5060
164.8420,166.2370,0.8760,694029158729600,0.1220,0.5060
164.4150,166.2890,0.8750,694029175569900,0.1220,0.5060
163.7750,166.4960,0.8750,694029175688000,0.1220,0.5060
163.1340,166.9110,0.8740,694029175690100,0.1220,0.5060
162.1590,167.6120,0.8740,694029175690800,0.1220,0.5060
161.2740,168.4160,0.8740,694029175691400,0.1220,0.5060
160.3600,169.2210,0.8730,694029191943300,0.1220,0.5060
159.4450,170.0510,0.8730,694029192064000,0.1220,0.5060
158.5910,170.8550,0.8730,694029208601800,0.1220,0.5060
157.7980,171.7110,0.8720,694029208721000,0.1220,0.5060
157.0060,172.4120,0.8720,694029208723100,0.1220,0.5060
156.3650,173.0350,0.8720,694029208723900,0.1220,0.5060
155.7860,173.5280,0.8720,694029224626300,0.1220,0.5060
155.2980,173.8910,0.8720,694029224734700,0.1220,0.5060
154.8100,174.2280,0.8720,694029241593500,0.1220,0.5060
154.2310,174.5390,0.8720,694029241713600,0.1220,0.5060
153.7430,174.7470,0.8730,694029241715500,0.1220,0.5060
153.3160,174.9030,0.8730,694029241716200,0.1220,0.5060
152.8590,174.9550,0.8740,694029241716800,0.1220,0.5060
152.3100,174.9550,0.8740,694029257749700,0.1220,0.5060
151.7920,174.9030,0.8750,694029257860100,0.1220,0.5060
151.0290,174.7470,0.8750,694029257862100,0.1220,0.5060
150.3280,174.4360,0.8760,694029257862800,0.1220,0.5060
149.2610,173.9430,0.8760,694029273760600,0.1220,0.5060
148.2550,173.2680,0.8770,694029273811600,0.1220,0.5060
147.3090,172.4640,0.8770,694029273813500,0.1220,0.5060
146.3950,171.5040,0.8770,694029290479500,0.1220,0.5060
145.4500,170.4400,0.8770,694029290600000,0.1220,0.5060
144.4740,169.2720,0.8770,694029290602100,0.1220,0.5060
142.8270,166.7040,0.8760,694029290602800,0.1220,0.5060
141.5470,164.7320,0.8760,694029306610600,0.1220,0.5060
140.5400,163.1230,0.8740,694029306729400,0.1220,0.5060
138.9240,160.7360,0.8740,694029322817900,0.1220,0.5060
137.7660,158.9200,0.8730,694029322937900,0.1220,0.5060
136.7900,157.4410,0.8710,694029322939900,0.1230,0.5240
135.9670,156.1960,0.8700,694029322940600,0.1230,0.5240
135.0520,155.0280,0.8690,694029322941300,0.1230,0.5240
134.1370,153.9120,0.8680,694029338806800,0.1230,0.5240
133.1920,152.8490,0.8670,694029338896300,0.1230,0.5240
132.2160,151.9920,0.8660,694029355265200,0.1230,0.5240
131.2710,151.0840,0.8650,694029355354300,0.1230,0.5240
130.2650,150.3060,0.8640,694029355356400,0.1230,0.5240
129.2280,149.6050,0.8630,694029355357100,0.1230,0.5240
128.2220,149.0610,0.8610,694029371919000,0.1230,0.5240
127.3070,148.6970,0.8600,694029371986900,0.1230,0.5240
126.4540,148.5420,0.8590,694029371989200,0.1230,0.5240
125.6000,148.4380,0.8580,694029388159300,0.1230,0.5240
124.7460,148.4900,0.8570,694029388277700,0.1230,0.5240
123.3740,148.7490,0.8560,694029388279500,0.1230,0.5240
122.0020,149.1120,0.8550,694029388280200,0.1400,0.5250
120.5990,149.6570,0.8550,694029404839900,0.1580,0.5420
119.2270,150.3060,0.8540,694029404910900,0.1580,0.5420
117.7940,151.0840,0.8540,694029404913000,0.1580,0.5420
115.3240,152.7450,0.8530,694029404913700,0.1580,0.5420
113.5250,154.0680,0.8530,694029421107500,0.1750,0.5420
112.1230,155.3140,0.8530,694029421226600,0.1750,0.5420
111.0560,156.3770,0.8520,694029421228700,0.1750,0.5420
110.0490,157.4930,0.8520,694029437243600,0.1750,0.5420
109.1960,158.6610,0.8520,694029437329100,0.1750,0.5420
108.4940,159.8280,0.8520,694029437331100,0.1750,0.5420
107.9760,160.9440,0.8520,694029437332200,0.1750,0.5420
107.5490,162.1110,0.8520,694029453406600,0.1750,0.5420
107.3970,163.0190,0.8520,694029453527400,0.1750,0.5420
107.3970,163.8760,0.8520,694029469601500,0.1750,0.5420
107.5490,164.5760,0.8520,694029469714600,0.1750,0.5420
107.9150,165.1990,0.8520,694029469716200,0.1750,0.5420
108.6770,166.0550,0.8520,694029469716800,0.1750,0.5420
109.5620,166.7560,0.8520,694029469717400,0.1750,0.5420
110.6900,167.3520,0.8520,694029485524000,0.1750,0.5420
111.8180,167.8190,0.8520,694029485597100,0.1750,0.5420
112.9770,168.1830,0.8500,694029501758100,0.1750,0.5420
113.9830,168.4680,0.8500,694029501875400,0.1750,0.5420
114.8360,168.6240,0.8490,694029501877200,0.1750,0.5420
115.5990,168.7790,0.8480,694029501877900,0.1750,0.5420
116.1780,168.9350,0.8470,694029501878400,0.1750,0.5420
116.6660,169.0390,0.8450,694029517991300,0.1750,0.5420
117.0320,169.0910,0.8440,694029518113200,0.1750,0.5420
117.3060,169.2210,0.8430,694029534129300,0.1750,0.5420
117.4590,169.2720,0.8420,694029534249700,0.1750,0.5420
116.9710,169.5320,0.8390,694029551008100,0.1750,0.5420
116.3000,169.7910,0.8380,694029551133400,0.1750,0.5420
115.0500,170.1550,0.8370,694029551135000,0.1750,0.5420
113.5560,170.5960,0.8360,694029551135500,0.1750,0.5420
111.9090,171.0630,0.8340,694029551136100,0.1750,0.5420
110.1710,171.5560,0.8320,694029567591800,0.1750,0.5420
106.9090,172.5160,0.8320,694029567713200,0.1930,0.5410
104.4090,173.2160,0.8310,694029584422200,0.1930,0.5410
102.3660,173.7870,0.8300,694029584542800,0.1930,0.5410
99.1950,174.7990,0.8290,694029584544200,0.1930,0.5410
96.8770,175.4990,0.8280,694029584544800,0.1930,0.5410
95.0780,176.0180,0.8280,694029600595800,0.1930,0.5410
93.5840,176.5110,0.8280,694029600689000,0.1930,0.5410
92.1510,177.0820,0.8270,694029617582200,0.1930,0.5410
90.6570,177.6270,0.8270,694029617700900,0.1930,0.5410
89.2240,178.2760,0.8270,694029617702600,0.1930,0.5410
87.7910,178.8980,0.8270,694029617703200,0.1930,0.5410
86.3270,179.6510,0.8270,694029617703900,0.2100,0.5430
84.8940,180.4030,0.8270,694029634430900,0.2100,0.5430
82.3330,181.8820,0.8270,694029634547800,0.2100,0.5430
80.5340,183.0500,0.8280,694029634549400,0.2100,0.5430
79.1010,184.0100,0.8280,694029634550100,0.2100,0.5430
77.9120,184.8660,0.8300,694029651273400,0.2100,0.5430
76.8140,185.8260,0.8310,694029651376800,0.2100,0.5430
75.6860,186.7860,0.8320,694029651378300,0.2100,0.5430
74.6800,187.7980,0.8340,694029667125900,0.2100,0.5430
73.6430,188.8620,0.8360,694029667208600,0.2100,0.5430
72.8200,190.0290,0.8390,694029667210200,0.2100,0.5430
71.9970,191.3270,0.8410,694029667211300,0.2100,0.5430
71.3560,192.7530,0.8440,694029683187400,0.2100,0.5430
70.7770,194.2060,0.8460,694029683327400,0.2100,0.5430
70.3500,195.7370,0.8500,694029700005200,0.2100,0.5430
70.0450,197.2940,0.8530,694029700128400,0.2100,0.5430
69.8320,198.8770,0.8570,694029700130400,0.2100,0.5430
69.7100,200.4850,0.8610,694029700131200,0.2100,0.5430
69.6490,202.1980,0.8650,694029700131700,0.2100,0.5430
69.6490,203.9880,0.8700,694029716655500,0.2100,0.5430
69.7100,205.8040,0.8750,694029716774700,0.2100,0.5430
69.7710,207.7240,0.8800,694029733377400,0.2100,0.5430
69.8620,209.6960,0.8860,694029733438500,0.2100,0.5430
69.9230,211.6160,0.8920,694029733440200,0.2100,0.5430
70.0450,213.5360,0.8980,694029733440700,0.2100,0.5430
70.1980,215.3520,0.9040,694029749987400,0.2100,0.5430
70.3500,217.0390,0.9100,694029750101000,0.2100,0.5430
70.5020,218.7510,0.9150,694029750103200,0.2100,0.5430
70.7160,220.3080,0.9210,694029750104100,0.2100,0.5430
70.9290,221.7870,0.9260,694029750105200,0.2100,0.5430
71.1430,223.1880,0.9300,694029766580800,0.2100,0.5430
71.3560,224.2520,0.9350,694029766671900,0.2100,0.5430
71.5700,225.1600,0.9390,694029782705000,0.2100,0.5430
71.7530,225.9380,0.9440,694029782828100,0.2100,0.5430
71.9050,226.6910,0.9480,694029782829600,0.2100,0.5430
72.1180,227.3910,0.9510,694029782830200,0.2100,0.5430
72.3320,228.0920,0.9530,694029782830700,0.2100,0.5430
72.4840,228.7150,0.9530,694029799561000,0.2100,0.5430
72.7590,229.3630,0.9480,694029799606700,0.2100,0.5430
72.9720,229.9860,0.9390,694029815762000,0.2100,0.5430
73.2160,230.6860,0.9240,694029815862300,0.2100,0.5430
73.4910,231.3350,0.9000,694029815864000,0.2100,0.5430
73.7650,232.0100,0.8820,694029815864700,0.2110,0.5250
74.1310,232.6580,0.8480,694029832128600,0.2100,0.5060
74.5580,233.2550,0.7070,694029832232400,0.2100,0.4890
74.9850,233.7220,0.5890,694029848271200,0.2100,0.4890
75.3510,234.1110,0.4910,694029848325100,0.2110,0.4730
