691.1790,124.9830,0.1850,694032116408800,0.0000,0.5060
691.3920,124.7750,0.2820,694032116434200,0.0000,0.5060
691.6360,124.5680,0.3340,694032132165200,0.0000,0.5060
691.8490,124.4120,0.3630,694032132274600,0.0000,0.5060
692.0320,124.2300,0.3790,694032148681900,0.0000,0.5060
692.2460,124.1260,0.3890,694032148786600,0.0000,0.5060
692.4900,124.0750,0.4020,694032148792300,0.0000,0.5060
692.6730,124.0230,0.4070,694032148793600,0.0000,0.5060
693.0390,124.1260,0.4260,694032165036200,0.0000,0.5060
693.1300,124.2300,0.4350,694032165111400,0.0000,0.5060
693.4660,124.6190,0.4570,694032181476100,0.0000,0.5060
693.6180,124.9310,0.4700,694032181608000,0.0000,0.5060
693.8310,125.2940,0.4830,694032197483200,0.0000,0.5060
694.1060,125.9950,0.4980,694032197565100,0.0000,0.5060
694.5630,127.2140,0.5130,694032197582500,0.0000,0.5060
695.0510,128.5630,0.5280,694032197584200,0.0000,0.5060
695.6000,130.0940,0.5440,694032214277100,0.0000,0.5060
696.1180,131.8060,0.5600,694032214420200,0.0000,0.5060
696.8800,135.2050,0.5750,694032231203300,0.0000,0.5060
697.8260,138.5780,0.5910,694032231329500,0.0000,0.5060
698.5270,142.0290,0.6070,694032231335700,0.0000,0.5060
699.3200,145.5060,0.6230,694032231336900,0.0000,0.5060
700.1740,149.1120,0.6390,694032247885100,0.0000,0.5060
700.6920,152.7970,0.6550,694032247998100,0.0000,0.5060
701.1800,156.5330,0.6700,694032248004500,0.0000,0.5060
701.5460,160.3210,0.6850,694032248005600,0.0000,0.5060
701.9420,164.0310,0.6990,694032248006500,0.0000,0.5060
702.1550,166.9630,0.7120,694032264275400,-0.0350,0.5070
702.1550,169.5320,0.7240,694032264386300,-0.0530,0.5080
701.8200,173.5280,0.7360,694032281123700,-0.0690,0.5060
701.0270,177.3160,0.7460,694032281272100,-0.0870,0.5060
700.1130,180.8700,0.7560,694032281278300,-0.1050,0.5070
698.1000,185.5660,0.7660,694032281279300,-0.1040,0.4900
695.8130,189.8220,0.7740,694032297817000,-0.1040,0.4900
693.0690,193.8690,0.7830,694032297875800,-0.1220,0.4720
689.7760,197.4500,0.7900,694032314706100,-0.1400,0.4720
686.1480,200.7450,0.7980,694032315263900,-0.1400,0.4720
682.0010,203.7290,0.8040,694032315270100,-0.1400,0.4720
677.5800,206.4530,0.8110,694032315298200,-0.1400,0.4720
672.6710,208.9960,0.8170,694032315300100,-0.1400,0.4720
667.8230,211.4090,0.8220,694032331558800,-0.1400,0.4720
662.3950,213.5360,0.8260,694032331628600,-0.1400,0.4720
657.2120,215.5600,0.8260,694032331670200,-0.1400,0.4720
651.9060,217.2720,0.8180,694032331673500,-0.1220,0.4720
646.4480,218.7510,0.8030,694032348496100,-0.1220,0.4720
641.2340,219.8670,0.7800,694032348631900,-0.1220,0.4720
637.5450,220.4640,0.7510,694032348635900,-0.1220,0.4720
634.6180,220.7230,0.7310,694032364907800,-0.1220,0.4720
632.3310,220.6710,0.6930,694032365022900,-0.1220,0.4720
630.3190,220.5680,0.5770,694032365027800,-0.1220,0.4720
626.8430,219.9710,0.4810,694032365029000,-0.1220,0.4720
624.5560,219.2960,0.4010,694032381860600,-0.1220,0.4720
649.0710,138.6820,0.0000,694032677406100,-0.0870,0.4720
649.2230,138.3710,0.0260,694032677432900,-0.0870,0.4720
649.3750,137.9820,0.0630,694032677435800,-0.0870,0.4720
649.4970,137.6700,0.1030,694032693138400,-0.1040,0.4720
649.5580,137.3590,0.1450,694032693230000,-0.1040,0.4720
649.5890,137.0730,0.1870,694032693233600,-0.1040,0.4720
649.4970,136.7100,0.2280,694032709962000,-0.1040,0.4720
649.3750,136.4510,0.2660,694032710084400,-0.1040,0.4720
649.2840,136.1650,0.3030,694032710101300,-0.1040,0.4720
649.1620,136.0100,0.3370,694032710103500,-0.1040,0.4720
648.9180,135.8020,0.3680,694032726914700,-0.1040,0.4720
648.5830,135.6980,0.3970,694032727034700,-0.1040,0.4720
648.1560,135.6460,0.4240,694032743115800,-0.1040,0.4720
647.4240,135.7500,0.4490,694032743241900,-0.1220,0.4720
646.6620,136.0100,0.4720,694032743245600,-0.1400,0.4720
645.5030,136.7100,0.4940,694032743246700,-0.1400,0.4720
642.9420,138.1890,0.5150,694032759159600,-0.1400,0.4720
640.6550,140.0050,0.5340,694032759242800,-0.1400,0.4720
638.3680,142.0290,0.5520,694032759246400,-0.1400,0.4720
636.2340,144.2860,0.5690,694032776281200,-0.1400,0.4720
634.3130,146.5700,0.5850,694032776411300,-0.1400,0.4720
632.3920,148.9050,0.6010,694032776415100,-0.1400,0.4720
631.0500,150.6690,0.6150,694032776416400,-0.1400,0.4720
630.1970,152.2000,0.6280,694032792627900,-0.1400,0.4720
629.5260,153.5490,0.6410,694032792731500,-0.1400,0.4720
628.9770,154.9760,0.6530,694032792735200,-0.1400,0.4720
628.7030,156.3770,0.6650,694032792736600,-0.1400,0.4720
628.4890,157.8040,0.6750,694032792737800,-0.1400,0.4720
628.4890,158.9720,0.6860,694032808834100,-0.1400,0.4720
628.6720,159.9840,0.6950,694032808955300,-0.1400,0.4720
629.1290,161.2030,0.7050,694032825577400,-0.1400,0.4720
629.9830,162.3450,0.7130,694032825637600,-0.1400,0.4720
631.0500,163.3050,0.7220,694032825640600,-0.1400,0.4720
632.2400,164.0830,0.7290,694032825642100,-0.1400,0.4720
633.5510,164.6800,0.7360,694032841870500,-0.1400,0.4720
635.1060,165.0950,0.7430,694032841990300,-0.1400,0.4720
636.6610,165.3290,0.7490,694032857919600,-0.1400,0.4720
638.3070,165.3810,0.7540,694032858046100,-0.1400,0.4720
639.9540,165.1990,0.7590,694032858049600,-0.1400,0.4720
641.5090,164.8880,0.7630,694032858050800,-0.1400,0.4720
643.0330,164.3690,0.7670,694032858051800,-0.1400,0.4720
644.4970,163.6160,0.7710,694032874605000,-0.1400,0.4720
646.9360,162.0080,0.7740,694032874729600,-0.1400,0.4720
648.2780,160.6840,0.7770,694032890798900,-0.1400,0.4720
649.2230,159.3610,0.7790,694032890903500,-0.1400,0.4720
649.7720,158.0640,0.7810,694032890907200,-0.1400,0.4720
650.0770,156.5850,0.7840,694032890908400,-0.1400,0.4720
650.3510,154.8210,0.7850,694032907851300,-0.1400,0.4720
650.1990,152.9520,0.7870,694032907967600,-0.1400,0.4720
649.8020,151.0320,0.7890,694032907971400,-0.1400,0.4720
649.0100,147.5300,0.7900,694032907972700,-0.1400,0.4720
648.0030,144.4940,0.7910,694032907974000,-0.1400,0.4720
646.7230,141.7180,0.7910,694032924028900,-0.1400,0.4720
645.5950,139.7980,0.7920,694032924149400,-0.1400,0.4720
644.7410,138.3190,0.7930,694032940421800,-0.1400,0.4720
643.7960,137.0730,0.7930,694032940543400,-0.1400,0.4720
642.8200,135.9580,0.7940,694032940547800,-0.1400,0.4900
642.0880,134.8420,0.7940,694032940550200,-0.1400,0.4900
641.2340,133.8820,0.7950,694032957352600,-0.1400,0.4900
640.2890,133.0260,0.7960,694032957407100,-0.1400,0.4900
639.3740,132.2740,0.7960,694032957410800,-0.1400,0.4900
638.8260,131.8060,0.7940,694032973557100,-0.1400,0.4900
638.3070,131.4950,0.7860,694032973680500,-0.1400,0.4900
637.8190,131.3390,0.7720,694032973684700,-0.1400,0.4900
637.3310,131.3910,0.7510,694032973685900,-0.1400,0.4900
636.9050,131.4950,0.7240,694032973686800,-0.1400,0.4900
636.3860,131.8060,0.7060,694032989761100,-0.1400,0.4900
635.8370,132.2220,0.6690,694032989883800,-0.1400,0.4900
635.0450,133.0260,0.5570,694033005684900,-0.1400,0.4900
634.2520,133.8820,0.4650,694033005771800,-0.1400,0.4900
633.3980,134.6860,0.3870,694033005776000,-0.1400,0.4900
605.3160,140.6540,0.2940,694033171527500,-0.0520,0.3670
605.2240,139.7460,0.4450,694033188066500,-0.0700,0.3840
605.1630,139.0450,0.5250,694033188176300,-0.0870,0.4030
605.0410,138.5260,0.5670,694033188193100,-0.1040,0.4190
604.9500,138.0340,0.5900,694033188194900,-0.1220,0.4370
604.8890,137.6700,0.6030,694033188196300,-0.1220,0.4560
604.8280,137.3590,0.6130,694033204628400,-0.1220,0.4720
604.7970,137.0730,0.6230,694033204749000,-0.1230,0.4900
604.7370,136.8660,0.6320,694033221391200,-0.1210,0.5070
604.7370,136.6580,0.6420,694033221475000,-0.1220,0.5240
604.6750,136.3990,0.6630,694033221479200,-0.1220,0.5430
604.8890,136.2690,0.6810,694033237594000,-0.1220,0.5430
605.3160,136.4510,0.6960,694033254626300,-0.1390,0.5420
605.6510,136.6580,0.7030,694033254745100,-0.1390,0.5420
606.1090,137.0730,0.7090,694033254748700,-0.1390,0.5420
606.5350,137.5150,0.7140,694033254750200,-0.1390,0.5420
606.9010,138.0850,0.7190,694033271179100,-0.1390,0.5420
607.2980,138.7340,0.7230,694033271278300,-0.1390,0.5420
607.6030,139.4350,0.7270,694033271282100,-0.1390,0.5420
607.7550,140.1610,0.7310,694033271283300,-0.1390,0.5420
607.8770,140.9650,0.7340,694033287098800,-0.1390,0.5420
607.8160,141.8220,0.7370,694033287185200,-0.1390,0.5420
607.6030,142.6260,0.7400,694033303441500,-0.1390,0.5420
607.1150,143.8450,0.7420,694033303556600,-0.1390,0.5420
606.3830,144.9090,0.7440,694033303560300,-0.1390,0.5420
605.5900,145.8690,0.7450,694033319381200,-0.1390,0.5420
604.3710,146.7250,0.7470,694033319465400,-0.1390,0.5420
603.0290,147.4260,0.7490,694033319469400,-0.1390,0.5420
601.4740,148.0490,0.7500,694033319470500,-0.1390,0.5420
598.4860,149.1120,0.7520,694033319471600,-0.1390,0.5420
596.1080,149.7090,0.7540,694033335886200,-0.1390,0.5420
594.1870,150.0720,0.7550,694033335944400,-0.1390,0.5420
592.4790,150.4100,0.7570,694033335948100,-0.1390,0.5420
590.6500,150.6690,0.7590,694033335949200,-0.1390,0.5420
588.8510,150.8770,0.7610,694033352086800,-0.1390,0.5420
587.1430,151.1880,0.7640,694033352191200,-0.1390,0.5420
585.4970,151.5250,0.7660,694033369017500,-0.1390,0.5420
583.9420,151.8370,0.7690,694033369142100,-0.1390,0.5420
582.4480,152.2000,0.7720,694033369145800,-0.1390,0.5420
581.1360,152.6410,0.7750,694033369147000,-0.1390,0.5420
579.8860,153.1080,0.7790,694033385036000,-0.1390,0.5420
578.8800,153.6530,0.7820,694033385122500,-0.1390,0.5420
577.9350,154.3020,0.7860,694033401818900,-0.1390,0.5420
577.3560,154.8720,0.7900,694033401941900,-0.1390,0.5420
576.8680,155.4690,0.7940,694033401945900,-0.1390,0.5420
576.7150,156.0920,0.7980,694033401947100,-0.1390,0.5420
576.5320,156.8440,0.8040,694033401948200,-0.1390,0.5420
576.5930,157.5970,0.8090,694033418210100,-0.1390,0.5420
576.9290,158.8680,0.8140,694033418321900,-0.1390,0.5420
577.3560,160.0880,0.8190,694033418325800,-0.1390,0.5420
577.9350,161.3850,0.8250,694033418327200,-0.1390,0.5420
578.6670,162.7080,0.8300,694033434588900,-0.1390,0.5420
579.4590,164.0310,0.8340,694033434714200,-0.1390,0.5420
580.3130,165.4320,0.8390,694033434718200,-0.1390,0.5420
581.9900,167.8710,0.8430,694033450605400,-0.1390,0.5420
583.0570,169.6360,0.8470,694033450702900,-0.1390,0.5420
583.8500,171.0110,0.8510,694033450716500,-0.1390,0.5420
584.5820,172.2560,0.8540,694033450718000,-0.1390,0.5420
585.2830,173.4240,0.8580,694033467191300,-0.1390,0.5420
585.8630,174.6430,0.8610,694033467322200,-0.1390,0.5420
586.2280,175.8630,0.8630,694033483373400,-0.1390,0.5420
586.5030,176.8750,0.8660,694033483500700,-0.1390,0.5420
586.5030,177.8350,0.8690,694033483504800,-0.1390,0.5420
586.5030,178.6390,0.8710,694033483506000,-0.1390,0.5420
586.4110,179.4950,0.8730,694033483507200,-0.1390,0.5420
585.9240,180.6110,0.8750,694033500291300,-0.1390,0.5420
585.3440,181.7260,0.8770,694033500421500,-0.1390,0.5420
584.4900,182.6860,0.8790,694033517024000,-0.1390,0.5420
583.4230,183.6460,0.8800,694033517111300,-0.1390,0.5420
582.2340,184.3990,0.8820,694033517115000,-0.1390,0.5420
581.0750,185.0730,0.8830,694033517116300,-0.1390,0.5420
579.7340,185.6700,0.8850,694033533376600,-0.1390,0.5420
578.2400,186.0850,0.8860,694033533512400,-0.1390,0.5420
576.8070,186.4230,0.8870,694033533516200,-0.1390,0.5420
575.2520,186.5780,0.8880,694033533517400,-0.1390,0.5420
573.9410,186.6300,0.8900,694033533518500,-0.1390,0.5420
572.4460,186.4750,0.8910,694033550136400,-0.1390,0.5420
571.0130,186.2150,0.8920,694033550263800,-0.1390,0.5420
569.5190,185.7740,0.8930,694033566501400,-0.1390,0.5420
568.1170,185.2030,0.8940,694033566626100,-0.1390,0.5420
566.7750,184.4510,0.8950,694033566630000,-0.1390,0.5420
565.6160,183.5430,0.8960,694033566631200,-0.1390,0.5420
564.4880,182.4270,0.8970,694033582491200,-0.1390,0.5420
562.6890,180.2480,0.8980,694033582608300,-0.1390,0.5420
561.6830,178.3790,0.8990,694033582611900,-0.1390,0.5420
560.8600,176.6670,0.9000,694033598522400,-0.1390,0.5420
560.4030,175.0070,0.9000,694033598639500,-0.1390,0.5420
560.0370,173.2160,0.9010,694033598643000,-0.1390,0.5420
559.8230,171.2440,0.9020,694033598644200,-0.1390,0.5420
559.4880,167.3520,0.9030,694033598645300,-0.1390,0.5420
559.2740,164.4210,0.9040,694033615360500,-0.1390,0.5420
559.2130,161.8520,0.9050,694033615523500,-0.1390,0.5420
559.2130,159.5690,0.9050,694033632199600,-0.1390,0.5420
559.2740,155.3650,0.9060,694033632283300,-0.1390,0.5420
559.3350,152.2000,0.9070,694033632286900,-0.1390,0.5420
559.4270,149.7090,0.9070,694033632288000,-0.1390,0.5420
559.5490,147.5820,0.9080,694033648402900,-0.1390,0.5600
559.7010,145.5060,0.9090,694033648493600,-0.1390,0.5600
559.9150,143.4820,0.9090,694033648497500,-0.1390,0.5600
560.1890,141.6140,0.9100,694033648499100,-0.1390,0.5600
560.4030,139.9020,0.9110,694033665596300,-0.1390,0.5600
560.7680,138.2410,0.9120,694033665702400,-0.1390,0.5600
561.0730,136.8660,0.9130,694033682035000,-0.1390,0.5600
561.4090,135.5950,0.9150,694033682087100,-0.1390,0.5600
561.7140,134.6350,0.9160,694033682091000,-0.1390,0.5600
562.1100,133.8300,0.9170,694033682092200,-0.1390,0.5600
562.4760,133.2340,0.9180,694033682093400,-0.1390,0.5600
562.7810,132.7660,0.9190,694033698799800,-0.1390,0.5600
563.2080,132.3510,0.9200,694033698900900,-0.1390,0.5600
563.6040,132.1180,0.9210,694033714786600,-0.1390,0.5600
564.0310,131.9620,0.9220,694033714934600,-0.1390,0.5600
564.3970,131.9620,0.9230,694033714940400,-0.1390,0.5600
564.7630,132.0140,0.9230,694033714941600,-0.1390,0.5600
565.1900,132.2220,0.9240,694033730771000,-0.1390,0.5600
565.7380,132.6110,0.9240,694033730835600,-0.1390,0.5600
566.1960,133.1300,0.9240,694033730839800,-0.1390,0.5600
566.7750,134.1420,0.9250,694033747672600,-0.1390,0.5600
567.2630,135.2050,0.9250,694033747730400,-0.1390,0.5600
567.6290,136.4510,0.9250,694033747734200,-0.1390,0.5600
567.9030,137.8260,0.9250,694033747735300,-0.1390,0.5600
567.9640,139.0450,0.9250,694033764050400,-0.1390,0.5600
567.8120,140.5500,0.9260,694033764149600,-0.1390,0.5600
567.5370,142.0290,0.9260,694033764153200,-0.1390,0.5600
567.0500,143.6380,0.9260,694033764154300,-0.1390,0.5600
566.3790,145.1690,0.9270,694033764155300,-0.1390,0.5600
565.6160,146.6730,0.9270,694033781028000,-0.1390,0.5600
563.9700,149.2940,0.9270,694033781134600,-0.1390,0.5600
562.5370,151.0320,0.9280,694033797372700,-0.1390,0.5600
561.2560,152.3820,0.9280,694033797450900,-0.1390,0.5600
559.0000,154.3540,0.9280,694033797454800,-0.1390,0.5600
557.3530,155.6770,0.9280,694033797465500,-0.1390,0.5600
555.9200,156.6890,0.9290,694033813648000,-0.1390,0.5600
554.7010,157.4410,0.9290,694033813736300,-0.1390,0.5600
553.3590,158.1160,0.9290,694033813750500,-0.1390,0.5600
551.9870,158.7120,0.9290,694033829757900,-0.1390,0.5600
550.5840,159.1790,0.9300,694033829897100,-0.1390,0.5600
549.0900,159.5690,0.9300,694033829900900,-0.1390,0.5600
547.7180,159.8280,0.9310,694033829902200,-0.1390,0.5600
546.2850,159.9840,0.9310,694033845816500,-0.1390,0.5600
545.0960,160.0360,0.9310,694033845953700,-0.1390,0.5600
544.0900,159.9840,0.9320,694033845958100,-0.1390,0.5600
542.8090,159.7240,0.9320,694033845959400,-0.1390,0.5600
541.5290,159.4650,0.9320,694033862511500,-0.1390,0.5600
540.3700,158.9720,0.9330,694033862628200,-0.1390,0.5600
539.3030,158.4010,0.9330,694033862632100,-0.1390,0.5600
538.2660,157.6490,0.9340,694033878599700,-0.1390,0.5600
537.3820,156.7920,0.9350,694033878707500,-0.1390,0.5600
536.5890,155.6770,0.9360,694033878710500,-0.1390,0.5600
535.8270,154.5090,0.9370,694033878711300,-0.1390,0.5600
535.2470,153.1600,0.9390,694033894872500,-0.1390,0.5600
534.6990,151.6810,0.9410,694033894994000,-0.1390,0.5600
534.2410,150.0210,0.9430,694033911922000,-0.1390,0.5600
533.8450,148.3340,0.9450,694033912045100,-0.1390,0.5600
533.4790,146.4660,0.9470,694033912048300,-0.1390,0.5600
533.1130,144.5460,0.9490,694033912049200,-0.1390,0.5600
532.6860,141.0170,0.9520,694033912050200,-0.1400,0.5780
532.4120,138.3190,0.9530,694033928608000,-0.1400,0.5780
532.1370,136.0620,0.9550,694033928735600,-0.1400,0.5780
531.6800,132.5070,0.9570,694033944878500,-0.1400,0.5780
531.4050,129.7310,0.9580,694033945044700,-0.1400,0.5780
531.1310,127.3960,0.9600,694033945049400,-0.1400,0.5780
530.7650,123.7110,0.9610,694033945050600,-0.1390,0.5940
530.5520,120.9350,0.9620,694033961207900,-0.1390,0.5940
530.3990,118.7040,0.9630,694033961324400,-0.1390,0.5940
530.1860,116.6800,0.9630,694033961328300,-0.1390,0.6120
530.0640,114.5520,0.9640,694033961329700,-0.1390,0.6120
529.8500,110.6610,0.9640,694033961331200,-0.1390,0.6120
529.7590,107.8840,0.9640,694033977368800,-0.1390,0.6120
529.6980,105.7050,0.9650,694033977491800,-0.1390,0.6120
529.6980,103.8890,0.9650,694033994079800,-0.1390,0.6120
529.6980,102.1240,0.9660,694033994180700,-0.1390,0.6120
529.7590,100.5420,0.9660,694033994185100,-0.1390,0.6120
529.8200,99.0370,0.9670,694033994186300,-0.1400,0.6300
529.9110,97.8690,0.9680,694033994187400,-0.1400,0.6300
529.9720,96.9090,0.9680,694034010263900,-0.1400,0.6300
530.0330,96.1570,0.9690,694034010384500,-0.1400,0.6300
530.0640,95.5340,0.9700,694034026777400,-0.1400,0.6300
530.1250,94.9890,0.9700,694034026903000,-0.1400,0.6300
530.1860,94.5740,0.9700,694034026906600,-0.1400,0.6300
530.2770,94.1850,0.9670,694034026907700,-0.1400,0.6300
530.3380,93.8740,0.9600,694034043429300,-0.1400,0.6300
530.4600,93.7180,0.9510,694034043535400,-0.1400,0.6300
530.6130,93.6140,0.9370,694034060608800,-0.1400,0.6300
531.1010,93.8220,0.8910,694034060732300,-0.1400,0.6300
531.5270,94.2890,0.8720,694034060736200,-0.1400,0.6300
532.3200,95.3010,0.8370,694034060737400,-0.1400,0.6300
533.1130,96.5980,0.6970,694034076727900,-0.1400,0.6300
534.8210,99.0890,0.5810,694034076795900,-0.1400,0.6300
536.0400,100.9050,0.4840,694034076808300,-0.1400,0.6300
594.6130,170.3880,0.2500,694034406544000,-0.0520,0.4900
594.2780,170.2840,0.4510,694034422558300,-0.0870,0.5060
594.1260,170.2320,0.4890,694034422675000,-0.1050,0.5070
593.9120,170.1030,0.5270,694034438639200,-0.1400,0.5070
593.7600,169.9990,0.5400,694034438758600,-0.1400,0.5070
593.5460,169.8950,0.5690,694034454858400,-0.1400,0.5070
593.9120,169.5320,0.6620,694034488098700,-0.1400,0.5070
594.4000,169.4800,0.6750,694034488219300,-0.1400,0.5070
594.9180,169.4280,0.6870,694034488222900,-0.1400,0.5070
595.7720,169.3240,0.6980,694034488224100,-0.1400,0.5070
596.7480,169.2210,0.7070,694034488225100,-0.1400,0.5070
598.2420,169.0390,0.7170,694034504608100,-0.1400,0.5070
599.7660,168.8830,0.7250,694034504729400,-0.1400,0.5070
601.3210,168.8310,0.7320,694034521495400,-0.1400,0.5070
602.8160,168.7790,0.7370,694034521614400,-0.1400,0.5070
603.9440,168.7790,0.7380,694034521618300,-0.1400,0.5070
604.9500,168.8310,0.7290,694034521619500,-0.1400,0.5070
605.6510,168.9350,0.7100,694034538416300,-0.1400,0.5070
606.0780,169.0910,0.6820,694034538539100,-0.1400,0.5070
606.3220,169.3240,0.6580,694034538542500,-0.1400,0.5070
606.3830,169.5320,0.5490,694034538543700,-0.1400,0.5070
606.2310,169.7390,0.4570,694034538544700,-0.1400,0.5070
605.9560,169.8950,0.3810,694034554565200,-0.1400,0.5070
495.3960,153.5490,0.2870,694034869812900,0.0000,0.4890
495.4260,152.6410,0.4340,694034869861300,0.0000,0.4890
495.4870,151.9920,0.5100,694034869864100,0.0000,0.4890
495.6090,151.5250,0.5490,694034869864900,0.0000,0.4890
495.7000,151.1880,0.5690,694034886598100,-0.0340,0.4900
495.8220,151.0320,0.5800,694034886690200,-0.0340,0.4900
495.9750,150.8770,0.5860,694034886692800,-0.0520,0.4900
496.1270,150.8250,0.5900,694034886693600,-0.0520,0.4900
496.5540,150.9810,0.6050,694034902623600,-0.0870,0.5240
496.6760,151.0840,0.6110,694034919445200,-0.0870,0.5420
496.8900,151.3700,0.6180,694034919568100,-0.0870,0.5420
497.1030,151.7330,0.6260,694034919571200,-0.1050,0.5410
497.4080,152.2000,0.6330,694034919572000,-0.1050,0.5410
497.7130,152.8490,0.6410,694034919572800,-0.1050,0.5410
497.9870,153.6010,0.6480,694034936319800,-0.1050,0.5410
498.2620,154.3540,0.6550,694034936372000,-0.1050,0.5410
498.4140,155.1840,0.6620,694034952474400,-0.1050,0.5410
498.5670,156.0400,0.6680,694034952604200,-0.1050,0.5410
498.6890,156.8960,0.6740,694034952607200,-0.1050,0.5410
498.7500,157.8040,0.6800,694034952608000,-0.1050,0.5410
498.6280,158.6610,0.6850,694034952608900,-0.1050,0.5410
498.4750,159.4650,0.6900,694034968616600,-0.1050,0.5410
498.0480,160.5810,0.6940,694034968841000,-0.1050,0.5410
497.4080,161.5920,0.6990,694034984846100,-0.1050,0.5410
496.6760,162.5010,0.7030,694034984963700,-0.1050,0.5410
495.7000,163.3050,0.7070,694034984966700,-0.1050,0.5410
494.5420,163.9790,0.7110,694034984967800,-0.1050,0.5410
493.2610,164.5240,0.7150,694035001522700,-0.1050,0.5410
491.8590,164.9390,0.7180,694035001590800,-0.1050,0.5410
490.3650,165.1990,0.7220,694035001593600,-0.1050,0.5410
488.8700,165.3810,0.7250,694035001594400,-0.1050,0.5410
487.5900,165.3810,0.7280,694035001595100,-0.1050,0.5410
486.1260,165.2770,0.7300,694035017716000,-0.1050,0.5410
484.6320,164.9910,0.7330,694035017840700,-0.1050,0.5410
483.1690,164.6280,0.7350,694035034539800,-0.1050,0.5410
481.8570,164.0310,0.7380,694035034590400,-0.1050,0.5410
480.6070,163.3570,0.7420,694035034593400,-0.1050,0.5410
479.5100,162.6040,0.7450,694035034594500,-0.1050,0.5410
478.5030,161.6440,0.7490,694035034595300,-0.1050,0.5410
477.6500,160.5810,0.7520,694035050628100,-0.1050,0.5410
476.8870,159.3610,0.7560,694035050724600,-0.1050,0.5410
476.3080,157.9600,0.7590,694035067632200,-0.1050,0.5410
475.7590,156.4810,0.7630,694035067759300,-0.1050,0.5410
475.3930,154.9240,0.7670,694035067762300,-0.1050,0.5410
475.0280,153.3420,0.7700,694035067763300,-0.1050,0.5410
474.6920,151.6290,0.7730,694035067764100,-0.1050,0.5410
474.4480,149.9170,0.7760,694035084543000,-0.1050,0.5410
474.1740,148.2040,0.7780,694035084658100,-0.1050,0.5410
473.8990,146.6220,0.7810,694035084660900,-0.1050,0.5410
473.5940,144.9610,0.7820,694035100643300,-0.1050,0.5410
473.2290,143.4820,0.7840,694035100748300,-0.1050,0.5410
472.8320,141.9770,0.7860,694035100751000,-0.1050,0.5410
472.3750,140.6540,0.7870,694035117291300,-0.1050,0.5410
471.7650,139.3830,0.7890,694035117375000,-0.1050,0.5410
471.0940,138.2410,0.7900,694035117377900,-0.1050,0.5410
470.2710,137.2290,0.7910,694035117378900,-0.1050,0.5410
469.3870,136.3470,0.7910,694035133584700,-0.1050,0.5410
468.3190,135.5430,0.7920,694035133703700,-0.1050,0.5410
467.1300,134.8940,0.7930,694035149827700,-0.1050,0.5410
465.8500,134.3750,0.7930,694035149907000,-0.1050,0.5410
464.4780,133.8820,0.7940,694035149909900,-0.1050,0.5410
462.9840,133.5710,0.7950,694035149910700,-0.1050,0.5410
461.3980,133.3630,0.7950,694035149911400,-0.1050,0.5410
459.6900,133.2340,0.7950,694035166673700,-0.1050,0.5410
457.9220,133.1820,0.7960,694035166794100,-0.1050,0.5410
455.9400,133.1820,0.7960,694035183314500,-0.1050,0.5410
454.0800,133.2340,0.7960,694035183397300,-0.1050,0.5410
452.1590,133.3630,0.7970,694035183400000,-0.1050,0.5410
450.4210,133.4670,0.7970,694035183400700,-0.1050,0.5410
448.7440,133.5710,0.7970,694035200102900,-0.1050,0.5410
447.1590,133.6230,0.7980,694035200203800,-0.1050,0.5410
445.6650,133.7260,0.7980,694035200207000,-0.1050,0.5410
444.5060,133.7780,0.7980,694035200207700,-0.1050,0.5410
443.5910,133.8820,0.7990,694035200208400,-0.1050,0.5410
442.8290,133.8820,0.8000,694035216382600,-0.1050,0.5410
442.1890,133.8820,0.8030,694035216482500,-0.1050,0.5410
441.7310,133.8820,0.8060,694035232552800,-0.1050,0.5410
441.3040,133.8300,0.8110,694035232673700,-0.1050,0.5410
440.9080,133.7780,0.8160,694035232676800,-0.1050,0.5410
440.6640,133.6750,0.8210,694035232677600,-0.1050,0.5410
440.4810,133.5190,0.8260,694035232678400,-0.1050,0.5410
440.3900,133.3630,0.8320,694035248896700,-0.1050,0.5410
440.4810,132.7150,0.8420,694035265411700,-0.1050,0.5410
440.8170,132.1700,0.8470,694035265521500,-0.1050,0.5410
441.4570,131.2100,0.8510,694035265524400,-0.1040,0.5590
442.3110,130.1980,0.8550,694035265525500,-0.1040,0.5590
443.3780,129.0820,0.8600,694035281062600,-0.1040,0.5590
445.7870,127.0070,0.8650,694035281178900,-0.1040,0.5590
448.0730,124.9310,0.8710,694035281182100,-0.1040,0.5590
450.5130,123.0110,0.8760,694035281182900,-0.1040,0.5590
452.9520,121.1430,0.8800,694035281185400,-0.1040,0.5590
455.3610,119.4040,0.8850,694035298456600,-0.1040,0.5590
457.1900,118.0550,0.8890,694035298561200,-0.1040,0.5590
458.7150,117.0950,0.8930,694035314386800,-0.1040,0.5590
460.1170,116.2910,0.8970,694035314483100,-0.1040,0.5590
462.6180,114.7080,0.9010,694035314486200,-0.1040,0.5590
464.3560,113.5410,0.9040,694035314487000,-0.1040,0.5770
465.7580,112.6320,0.9080,694035330364500,-0.1040,0.5770
466.8860,111.7760,0.9110,694035330419800,-0.1040,0.5770
467.9840,110.9720,0.9140,694035330422500,-0.1040,0.5770
469.0510,110.2190,0.9180,694035346446600,-0.1040,0.5770
470.1180,109.4410,0.9210,694035346626300,-0.1040,0.5770
471.1250,108.5850,0.9240,694035346629700,-0.1040,0.5770
472.1610,107.7810,0.9260,694035346630600,-0.1040,0.5770
473.0460,106.9240,0.9280,694035362575000,-0.1040,0.5770
473.8990,106.1720,0.9310,694035362713800,-0.1040,0.5770
474.6010,105.5490,0.9330,694035378636100,-0.1040,0.5770
475.1190,105.0560,0.9350,694035378759300,-0.1040,0.5770
475.6070,104.6410,0.9360,694035378762100,-0.1040,0.5770
475.9730,104.3040,0.9350,694035378762900,-0.1040,0.5770
476.3690,104.1480,0.9270,694035378763600,-0.1040,0.5770
476.6130,104.0960,0.9130,694035394649500,-0.1040,0.5770
476.9480,104.1480,0.8900,694035394746000,-0.1040,0.5950
477.1620,104.4340,0.8720,694035410727600,-0.1040,0.5950
477.3750,104.7970,0.8390,694035410854600,-0.1040,0.5950
477.6500,105.5490,0.6990,694035410857500,-0.1040,0.5950
477.8630,106.4050,0.5820,694035410858300,-0.1040,0.5950
478.1070,107.6770,0.4850,694035426671000,-0.1040,0.5950
496.3410,128.9780,0.3570,694035510225900,-0.0520,0.4730
496.7680,129.1860,0.5380,694035526813300,-0.0520,0.4900
497.1030,129.4190,0.6290,694035526933500,-0.0530,0.5080
497.3160,129.6790,0.6750,694035526936400,-0.0530,0.5080
497.4080,129.9900,0.6980,694035526937100,-0.0530,0.5080
497.4080,130.3280,0.7100,694035526937900,-0.0530,0.5080
497.3160,130.6910,0.7160,694035543028900,-0.0530,0.5080
497.1950,131.0540,0.7200,694035543128800,-0.0530,0.5080
497.0420,131.5470,0.7240,694035543143700,-0.0530,0.5080
496.7680,132.0660,0.7280,694035543144900,-0.0530,0.5080
496.4630,132.6630,0.7320,694035559121600,-0.0530,0.5080
496.2490,133.2340,0.7380,694035559205700,-0.0530,0.5080
495.9750,133.8300,0.7430,694035575297300,-0.0530,0.5080
495.7000,134.4270,0.7480,694035575419800,-0.0690,0.5060
495.4260,135.0500,0.7530,694035575422500,-0.0870,0.5060
495.1210,135.6460,0.7570,694035575423300,-0.1050,0.5070
494.8470,136.2170,0.7620,694035575424200,-0.1210,0.5070
494.4810,136.7620,0.7650,694035591277800,-0.1210,0.5070
494.0540,137.3590,0.7630,694035591362100,-0.1210,0.5070
493.3530,138.2410,0.7510,694035608178100,-0.1210,0.5070
492.7120,138.9420,0.7290,694035608267600,-0.1210,0.5070
491.8590,139.7460,0.7130,694035608270600,-0.1210,0.5070
490.9740,140.4980,0.6790,694035608271400,-0.1210,0.5070
489.9070,141.3030,0.5660,694035608272000,-0.1210,0.5070
488.8400,141.8220,0.4720,694035624364800,-0.1210,0.5070
487.5900,142.1850,0.3930,694035624482800,-0.1210,0.5070
454.7200,108.1960,0.2740,694035756770900,0.0000,0.5590
454.9340,106.4570,0.4190,694035756822500,0.0000,0.5590
455.0860,104.7970,0.5010,694035756825900,0.0000,0.5590
455.0860,103.2920,0.5510,694035773305100,-0.0340,0.5600
455.1470,102.1760,0.5820,694035773425600,-0.0510,0.5590
455.0860,101.2160,0.6020,694035773428400,-0.0510,0.5590
455.0860,100.4380,0.6170,694035773429300,-0.0510,0.5590
455.0560,99.8410,0.6310,694035789298100,-0.0510,0.5590
455.0560,99.2960,0.6450,694035789379400,-0.0510,0.5590
454.9950,98.8290,0.6580,694035805552700,-0.0510,0.5590
454.9950,98.4660,0.6720,694035805673700,-0.0510,0.5590
454.9950,98.0250,0.6860,694035805676600,-0.0510,0.5590
454.9340,97.7140,0.6990,694035805677400,-0.0510,0.5590
454.9340,97.4540,0.7100,694035821767800,-0.0510,0.5590
454.8730,97.2720,0.7210,694035821890500,-0.0510,0.5590
454.0190,98.0250,0.7610,694035838612600,-0.0510,0.5590
453.2870,98.8290,0.7670,694035854651200,-0.0510,0.5590
452.4340,99.7370,0.7730,694035854748700,-0.0510,0.5590
451.3660,100.7490,0.7790,694035854751500,-0.0510,0.5590
450.2380,101.7090,0.7840,694035854752400,-0.0510,0.5590
448.0120,103.5770,0.7890,694035870859300,-0.0510,0.5590
446.3050,104.8490,0.7930,694035870982300,-0.0510,0.5590
444.9630,105.8090,0.7970,694035870985300,-0.0510,0.5590
443.8050,106.6650,0.8010,694035886875100,-0.0510,0.5590
442.6150,107.5730,0.8040,694035886994700,-0.0510,0.5590
441.5180,108.4810,0.8040,694035887039000,-0.0510,0.5590
440.4510,109.4930,0.7990,694035887040800,-0.0510,0.5590
439.4750,110.6090,0.7870,694035903629900,-0.0510,0.5590
438.5910,111.8800,0.7670,694035903753400,-0.0520,0.5760
437.7670,113.2030,0.7390,694035920276900,-0.0520,0.5760
437.0970,114.7080,0.7210,694035920330700,-0.0520,0.5760
436.6700,116.2390,0.6830,694035920333500,-0.0520,0.5760
436.3950,117.9510,0.5690,694035920334500,-0.0520,0.5760
436.2430,119.6120,0.4740,694035937174100,-0.0520,0.5760
436.2730,121.2980,0.3950,694035937272600,-0.0520,0.5760
469.0510,154.8720,0.3090,694036051644000,0.0000,0.4360
469.1730,155.0800,0.4640,694036051718800,0.0000,0.4540
469.2040,155.3140,0.5420,694036051721600,-0.0350,0.4720
469.1730,155.5210,0.5800,694036068374500,-0.0520,0.4900
468.9900,155.7810,0.5990,694036068446700,-0.0690,0.5060
468.8380,155.9360,0.6090,694036068449400,-0.0870,0.5060
468.6850,156.0920,0.6140,694036068450200,-0.1050,0.5070
468.5330,156.2740,0.6170,694036085267600,-0.1050,0.5070
468.3800,156.3770,0.6200,694036085349700,-0.1050,0.5070
468.1980,156.4810,0.6240,694036085352400,-0.1050,0.5070
468.0450,156.6370,0.6280,694036101494000,-0.1050,0.5070
467.8930,156.7410,0.6330,694036101609000,-0.1050,0.5070
467.6790,156.9480,0.6370,694036101611700,-0.1050,0.5070
467.4660,157.2080,0.6410,694036101612500,-0.1050,0.5070
467.1910,157.4930,0.6450,694036118458100,-0.1050,0.5070
466.7640,157.9600,0.6500,694036118571200,-0.1050,0.5070
466.3380,158.4530,0.6550,694036118574600,-0.1050,0.5070
465.8190,158.9720,0.6610,694036118575400,-0.1050,0.5070
464.9650,159.7760,0.6680,694036135470300,-0.1050,0.5070
464.0510,160.6320,0.6760,694036135587400,-0.1050,0.5070
462.9840,161.5410,0.6840,694036135590100,-0.1050,0.5070
461.8550,162.5010,0.6930,694036151431100,-0.1050,0.5070
460.5440,163.4090,0.7020,694036151495900,-0.1050,0.5070
457.8610,165.1470,0.7110,694036151498500,-0.1050,0.5070
455.3610,166.7040,0.7200,694036151499700,-0.1050,0.5070
453.2870,167.8190,0.7290,694036168493200,-0.1050,0.5070
450.5740,169.2210,0.7370,694036168607600,-0.1050,0.5070
447.7380,170.4920,0.7450,694036184612400,-0.1050,0.5070
445.6040,171.4520,0.7530,694036184736800,-0.1050,0.5070
442.7370,172.5680,0.7600,694036184739700,-0.1050,0.5070
439.6880,173.6310,0.7660,694036184740500,-0.1050,0.5070
436.6090,174.5910,0.7720,694036184741200,-0.1050,0.5070
434.1690,175.2400,0.7770,694036201416600,-0.1050,0.5070
430.8460,175.9150,0.7820,694036201544200,-0.1050,0.5070
428.2540,176.4080,0.7860,694036201547800,-0.1050,0.5070
426.0590,176.7190,0.7910,694036201548600,-0.1050,0.5070
424.1380,176.8750,0.7940,694036218106700,-0.1050,0.5070
422.2780,176.9270,0.7980,694036218159200,-0.1050,0.5070
420.4480,176.9270,0.8010,694036235016100,-0.1050,0.5070
418.8020,176.8230,0.8040,694036235100400,-0.1050,0.5070
417.2160,176.6150,0.8060,694036235103100,-0.1050,0.5070
415.7830,176.3560,0.8090,694036235104300,-0.1050,0.5070
414.5940,175.9660,0.8120,694036235105000,-0.1050,0.5070
413.6790,175.5510,0.8140,694036251568100,-0.1050,0.5070
413.1000,175.1620,0.8170,694036251687800,-0.1050,0.5070
412.6730,174.7470,0.8190,694036267697600,-0.1050,0.5070
412.3990,174.3320,0.8210,694036267802200,-0.1050,0.5070
412.3070,173.8910,0.8230,694036267805200,-0.1050,0.5070
412.3680,173.5280,0.8250,694036267806000,-0.1050,0.5070
412.5820,173.0860,0.8270,694036267806600,-0.1050,0.5070
412.9480,172.5680,0.8280,694036284062400,-0.1050,0.5070
413.8010,171.8150,0.8290,694036284173400,-0.1050,0.5070
414.7470,171.1670,0.8310,694036284176200,-0.1050,0.5070
415.9360,170.5440,0.8320,694036284177600,-0.1050,0.5070
417.2770,169.9990,0.8320,694036300239200,-0.1050,0.5070
418.8020,169.5320,0.8330,694036300353600,-0.1050,0.5070
420.4480,169.2210,0.8340,694036316443000,-0.1050,0.5070
422.2170,168.9350,0.8350,694036316555800,0.0880,0.5060
424.0770,168.8310,0.8350,694036316558700,0.0880,0.5060
425.9370,168.8310,0.8360,694036316559500,0.0880,0.5060
427.7660,168.9350,0.8360,694036316560200,0.0880,0.5060
429.4740,169.2720,0.8360,694036332552500,0.0880,0.5060
430.9980,169.6880,0.8360,694036349351300,0.0880,0.5060
432.4010,170.2840,0.8360,694036349434500,0.0880,0.5060
433.5600,171.0110,0.8360,694036349438100,0.0880,0.5060
434.4130,171.9190,0.8350,694036349439000,0.0880,0.5060
435.0540,172.9310,0.8350,694036349439800,0.0880,0.5060
435.3280,173.9430,0.8350,694036365569100,0.0880,0.5060
435.3280,174.9550,0.8360,694036365670400,0.0880,0.5060
434.9930,176.3560,0.8370,694036382398600,0.0880,0.5060
434.3830,177.8350,0.8380,694036382499400,0.0880,0.5060
432.6750,180.5070,0.8400,694036382502200,0.0880,0.5060
430.7540,182.9460,0.8430,694036382503000,0.0880,0.5060
428.6200,185.1250,0.8450,694036382504200,0.1060,0.5070
426.2720,187.1750,0.8480,694036398676700,0.1060,0.5070
422.8570,189.9770,0.8510,694036398766300,0.1060,0.5070
420.2350,191.6380,0.8540,694036398769400,0.1220,0.5060
417.5210,193.4020,0.8570,694036398770500,0.1220,0.5060
414.5940,194.9850,0.8590,694036398771400,0.1220,0.5060
411.5150,196.4900,0.8620,694036414949500,0.1220,0.5060
407.1240,198.4620,0.8620,694036415466700,0.1220,0.5060
404.1050,199.7850,0.8570,694036431953600,0.1220,0.5060
400.9650,201.0560,0.8460,694036432055500,0.1220,0.5060
397.7020,202.4570,0.8270,694036432058900,0.1220,0.5060
394.6230,203.6770,0.7980,694036432059700,0.1220,0.5060
392.3660,204.5850,0.7790,694036448719500,0.1220,0.5060
390.6280,205.1820,0.7380,694036448817600,0.1220,0.5060
389.3480,205.5970,0.6150,694036465047500,0.1220,0.5060
388.2800,205.7520,0.5120,694036465141800,0.1220,0.5060
387.4270,205.7520,0.4270,694036465144800,0.1220,0.5060
406.0570,139.4860,0.3130,694036564160100,0.1060,0.5070
407.0320,136.3470,0.4740,694036580396100,0.1060,0.5250
407.7340,134.2450,0.5590,694036580449300,0.1060,0.5410
408.3740,132.8180,0.6040,694036580452000,0.1050,0.5590
408.8920,131.8060,0.6280,694036596585200,0.1050,0.5590
409.4410,131.0020,0.6410,694036596666000,0.1050,0.5590
409.8070,130.4310,0.6480,694036596668800,0.1050,0.5590
410.2340,129.9900,0.6530,694036596669700,0.1050,0.5590
410.5390,129.7310,0.6550,694036613495500,0.1050,0.5590
410.8130,129.5230,0.6570,694036613577700,0.1050,0.5590
411.0880,129.5230,0.6580,694036613580400,0.1050,0.5590
411.3010,129.5750,0.6590,694036630380800,0.1050,0.5590
411.5150,129.8350,0.6600,694036630476600,0.1050,0.5590
411.6060,130.2500,0.6560,694036630479800,0.1050,0.5590
411.6670,130.7950,0.6410,694036630480600,0.1230,0.5590
411.6670,131.6510,0.6150,694036646367500,0.1230,0.5590
411.6060,132.6110,0.5920,694036646429400,0.1230,0.5590
411.4540,134.0380,0.4940,694036646431900,0.1230,0.5590
411.2400,135.4390,0.4110,694036662555800,0.1230,0.5590
411.0270,136.4510,0.3430,694036662702600,0.1230,0.5590
390.5670,112.9440,0.0140,694036925767900,0.0000,0.5410
390.6590,112.4250,0.0470,694036925788900,0.0000,0.5410
390.7200,111.9320,0.0880,694036925791000,0.0000,0.5410
390.7810,111.6210,0.1310,694036925791800,0.0000,0.5410
390.8720,111.2830,0.1720,694036941412500,0.0000,0.5410
390.9330,111.0240,0.2100,694036941498800,0.0000,0.5410
391.0550,110.8160,0.2470,694036958479900,0.0000,0.5410
391.0860,110.6090,0.2810,694036958596200,0.0000,0.5410
391.2080,110.5050,0.3130,694036958599100,0.0000,0.5410
391.4210,110.3230,0.3710,694036974632200,0.0000,0.5410
391.9390,110.7120,0.4440,694036974828800,0.0000,0.5410
392.1530,111.0760,0.4650,694036974831900,0.0000,0.5410
392.3660,111.7760,0.4840,694036991274300,0.0180,0.5430
392.5800,112.6320,0.5020,694036991377000,0.0360,0.5420
392.8540,114.0080,0.5190,694037007918500,0.0360,0.5420
393.0680,115.6680,0.5360,694037007993000,0.0360,0.5420
393.1890,117.5360,0.5530,694037007995700,0.0360,0.5420
393.2810,119.6120,0.5710,694037007996600,0.0360,0.5420
393.4940,123.6590,0.5890,694037024074300,0.0360,0.5420
393.5550,126.6950,0.6060,694037024200900,0.0360,0.5420
393.6160,130.7430,0.6230,694037024204100,0.0360,0.5420
393.6470,134.9460,0.6400,694037040584000,0.0360,0.5420
393.6160,139.2010,0.6580,694037040708500,0.0360,0.5420
393.4030,143.3780,0.6750,694037040711900,0.0360,0.5420
393.1280,147.6340,0.6930,694037040712700,0.0360,0.5420
392.5800,153.4970,0.7100,694037057357400,0.0360,0.5420
392.0000,157.5450,0.7260,694037057440700,0.0360,0.5420
390.9330,163.1230,0.7430,694037073380000,0.0360,0.5420
389.6530,168.3120,0.7580,694037073462000,0.0360,0.5420
388.5550,171.8150,0.7740,694037073464700,0.0360,0.5420
386.7860,176.9780,0.7890,694037073465400,0.0360,0.5420
384.8040,181.6230,0.8030,694037073466500,0.0360,0.5420
382.7310,186.0850,0.8170,694037089816200,0.0360,0.5420
380.3830,190.3660,0.8300,694037089871900,0.0350,0.5250
378.0350,194.3620,0.8410,694037089875000,0.0360,0.5070
376.1750,197.1120,0.8520,694037106559600,0.0540,0.5080
374.1020,199.6290,0.8630,694037106684500,0.0700,0.5060
371.8460,201.9640,0.8720,694037106687300,0.0700,0.5060
369.5280,204.0400,0.8810,694037106688100,0.0880,0.5060
367.1200,205.7520,0.8890,694037123158400,0.0880,0.5060
365.1380,206.8160,0.8960,694037123226000,0.1060,0.5070
363.4300,207.5690,0.9030,694037123228700,0.1060,0.5070
361.9060,207.9320,0.9090,694037123229500,0.1060,0.5070
360.1980,208.2170,0.9150,694037139436300,0.1060,0.5070
358.4910,208.2170,0.9200,694037139557900,0.1060,0.5070
356.8440,208.0360,0.9260,694037139560700,0.1060,0.5070
355.2280,207.6720,0.9310,694037155832600,0.1060,0.5070
353.7340,206.9200,0.9350,694037155957100,0.1060,0.5070
351.4470,205.2340,0.9400,694037155959900,0.1060,0.5070
349.9530,203.5730,0.9450,694037155960700,0.1060,0.5070
348.5200,201.0040,0.9490,694037172614300,0.1060,0.5070
347.6660,198.7730,0.9520,694037172728000,0.1060,0.5070
347.2390,196.7490,0.9560,694037188667800,0.1220,0.5060
347.0260,194.7250,0.9590,694037188764600,0.1220,0.5060
347.0260,192.5980,0.9600,694037188767300,0.1220,0.5060
347.3920,188.4980,0.9590,694037188768500,0.1220,0.5060
348.0020,184.7100,0.9540,694037205609500,0.1220,0.5060
348.8250,181.1300,0.9460,694037205730600,0.1220,0.5060
349.9530,177.8860,0.9350,694037205733400,0.1220,0.5060
351.1730,174.9550,0.9190,694037205734100,0.1220,0.5060
352.2400,172.8790,0.8980,694037205734800,0.1220,0.5060
353.1550,171.4000,0.8670,694037222480100,0.1220,0.5060
353.9470,170.1550,0.8470,694037222596300,0.1220,0.5060
354.8010,169.0390,0.8110,694037238633600,0.1220,0.5060
355.7160,168.0790,0.6750,694037238682800,0.1220,0.5060
356.6310,167.1710,0.5630,694037238685200,0.1220,0.5060
357.5150,166.2370,0.4690,694037238686100,0.1220,0.5060
317.7850,175.6030,0.3030,694037537146800,0.0350,0.4370
318.0900,175.6550,0.4560,694037537220500,0.0530,0.4550
318.3030,175.6550,0.5320,694037553547100,0.0710,0.4730
318.4560,175.7590,0.5710,694037553674000,0.0710,0.4730
318.6390,175.8110,0.5900,694037553677100,0.0710,0.4730
318.7910,175.9150,0.5990,694037553677900,0.0710,0.4730
319.0050,176.0700,0.6050,694037569664000,0.0710,0.4730
319.0960,176.1220,0.6050,694037585864500,0.0710,0.4730
318.5780,176.2000,0.6200,694037618570200,0.0710,0.4730
318.1510,176.2000,0.6230,694037618697700,0.0710,0.4730
317.3580,176.1220,0.6250,694037618700800,0.0880,0.4720
315.8640,175.9660,0.6270,694037618701600,0.0880,0.4720
314.2480,175.8110,0.6290,694037635260000,0.0880,0.4720
312.4490,175.5510,0.6310,694037635345700,0.0880,0.4720
310.5280,175.2920,0.6330,694037635348800,0.1050,0.4710
308.6070,174.9030,0.6340,694037651459100,0.1050,0.4710
305.1310,174.3320,0.6370,694037651576300,0.1050,0.4710
302.7530,173.7870,0.6390,694037651579400,0.1050,0.4710
301.0450,173.3720,0.6430,694037651580200,0.1050,0.4710
299.6430,172.9310,0.6480,694037667588600,0.1050,0.4710
298.4840,172.5680,0.6530,694037667710500,0.1050,0.4890
297.5690,172.2560,0.6590,694037667713300,0.1060,0.5070
296.9290,171.9710,0.6660,694037684504300,0.1060,0.5070
296.4720,171.6590,0.6740,694037684630000,0.1060,0.5070
296.0750,171.4000,0.6810,694037684632800,0.1060,0.5070
295.8310,171.1670,0.6880,694037684633600,0.1060,0.5070
295.6490,170.9590,0.6950,694037701107100,0.1060,0.5070
295.6490,170.7510,0.7020,694037701173800,0.0880,0.5060
295.9230,170.3880,0.7120,694037717243700,0.0880,0.5060
296.2890,170.2320,0.7170,694037717348100,0.0880,0.5060
296.7770,170.1030,0.7220,694037717350700,0.0880,0.5060
297.4780,170.0510,0.7260,694037717351500,0.0880,0.5060
298.2710,170.0510,0.7300,694037733789700,0.0880,0.5060
299.1850,170.1550,0.7330,694037733862800,0.0880,0.5060
300.5580,170.3880,0.7370,694037733865400,0.0880,0.5060
301.8990,170.6990,0.7390,694037733866200,0.0880,0.5060
303.2710,171.1670,0.7420,694037733866800,0.0880,0.5060
304.5520,171.7110,0.7440,694037749892600,0.0880,0.5060
305.7720,172.3600,0.7460,694037750069600,0.0880,0.5060
306.8390,173.0350,0.7480,694037766342600,0.0880,0.5060
307.8750,173.8390,0.7500,694037766442300,0.0880,0.5060
308.6990,174.6430,0.7520,694037766445200,0.0880,0.5060
309.3090,175.3440,0.7550,694037766446000,0.0880,0.5060
309.7350,176.0180,0.7570,694037782406200,0.0880,0.5060
309.9790,176.7190,0.7590,694037782503800,0.0880,0.5060
310.1930,177.4190,0.7620,694037799261000,0.0880,0.5060
310.1930,178.0420,0.7660,694037799345200,0.0880,0.5060
310.1620,178.7950,0.7700,694037799348200,0.0880,0.5060
309.8880,179.5470,0.7740,694037799349000,0.0880,0.5060
309.3090,180.6630,0.7790,694037799349800,0.0880,0.5060
308.5460,181.7260,0.7840,694037815593400,0.0880,0.5060
307.6010,182.6860,0.7880,694037815690200,0.0880,0.5060
306.4730,183.6460,0.7930,694037832278800,0.0880,0.5060
305.1920,184.5030,0.7980,694037832379800,0.0880,0.5060
302.6310,185.9820,0.8030,694037832382400,0.0880,0.5060
300.5580,186.8900,0.8080,694037832383200,0.0880,0.5060
298.7890,187.5900,0.8120,694037832383900,0.0880,0.5060
297.2650,188.0570,0.8160,694037848776200,0.0880,0.5060
295.6490,188.5500,0.8200,694037848853200,0.0880,0.5060
294.1240,188.8620,0.8230,694037848855800,0.0880,0.5060
292.5080,189.1210,0.8260,694037848857000,0.0880,0.5060
290.9220,189.2510,0.8290,694037865426700,0.0880,0.5060
289.4280,189.3030,0.8330,694037865480800,0.0880,0.5060
287.9340,189.2510,0.8360,694037882071600,0.0880,0.5060
286.5010,189.1210,0.8400,694037882172700,0.0880,0.5060
285.0990,188.8100,0.8450,694037882175900,0.0880,0.5060
283.8180,188.4460,0.8500,694037882176600,0.0880,0.5060
282.5980,187.9540,0.8550,694037882177400,0.0880,0.5060
281.4400,187.3830,0.8620,694037898077700,0.0880,0.5060
280.3120,186.6300,0.8690,694037898296900,0.0880,0.5060
279.2440,185.7740,0.8760,694037915409500,0.0880,0.5060
278.2990,184.8660,0.8830,694037915513000,0.0880,0.5060
277.2620,183.8540,0.8900,694037915516100,0.0880,0.5060
276.3780,182.7380,0.8960,694037915516900,0.0880,0.5060
275.4630,181.5190,0.9030,694037931167100,0.0880,0.5060
274.5490,180.1960,0.9090,694037931262100,0.0880,0.5060
273.6950,178.7430,0.9150,694037931265100,0.0880,0.5060
272.2620,176.0700,0.9210,694037947465700,0.0880,0.5060
271.1950,173.9950,0.9260,694037947538400,0.0880,0.5060
270.3410,172.2560,0.9300,694037947541200,0.0880,0.5060
269.2130,169.3240,0.9350,694037947542000,0.0880,0.5060
268.3590,167.0150,0.9390,694037963931400,0.0880,0.5240
267.6880,165.0950,0.9430,694037964025600,0.0880,0.5420
267.1390,163.4610,0.9460,694037964029300,0.0880,0.5420
266.2550,160.3210,0.9490,694037964030200,0.0880,0.5590
265.6150,157.9600,0.9520,694037980390900,0.0880,0.5590
265.1270,156.0400,0.9550,694037980448600,0.0880,0.5590
264.7610,154.4570,0.9580,694037980451400,0.0880,0.5590
264.3650,152.8490,0.9600,694037997363200,0.0880,0.5590
264.0600,151.3180,0.9620,694037997431400,0.0880,0.5590
263.7850,149.8130,0.9640,694037997435400,0.0880,0.5590
263.5720,148.4900,0.9660,694037997436600,0.0880,0.5590
263.3580,147.3740,0.9680,694038013408300,0.0880,0.5590
263.2060,146.4660,0.9700,694038013501400,0.0880,0.5590
263.0540,145.6100,0.9720,694038029812300,0.0880,0.5590
262.9320,144.8570,0.9730,694038029894500,0.0880,0.5590
262.8400,144.1050,0.9750,694038029897200,0.0880,0.5590
262.7180,143.4820,0.9780,694038029898200,0.0880,0.5590
262.6570,142.9370,0.9780,694038029899200,0.0880,0.5590
262.6270,142.5220,0.9760,694038046384200,0.0880,0.5590
262.5660,142.0810,0.9700,694038046443200,0.0880,0.5590
262.5660,141.7700,0.9560,694038062615600,0.0880,0.5590
262.5050,141.4580,0.9320,694038062762200,0.0880,0.5590
262.5660,141.3030,0.9150,694038062766100,0.0880,0.5590
262.7180,141.0690,0.8270,694038079375200,0.0880,0.5590
263.1450,141.0170,0.5740,694038079430100,0.0880,0.5590
263.4190,141.0170,0.4780,694038079436800,0.0880,0.5590
282.5370,147.8930,0.3170,694038163112300,0.0000,0.4190
283.1780,147.8410,0.4760,694038179167800,0.0000,0.4360
283.7870,147.7890,0.5540,694038179319700,0.0000,0.4540
284.3060,147.7890,0.5930,694038179342600,0.0000,0.4710
284.7940,147.7890,0.6120,694038179344500,0.0000,0.4710
285.3730,147.8410,0.6230,694038195240100,0.0000,0.4710
286.1660,147.7890,0.6300,694038195309000,0.0000,0.4710
287.0810,147.7370,0.6380,694038195317600,0.0000,0.4710
288.4530,147.5820,0.6470,694038195318700,0.0180,0.4900
289.9470,147.3740,0.6580,694038211443600,0.0360,0.5070
291.5930,147.0890,0.6700,694038211567000,0.0540,0.5080
293.2090,146.8290,0.6820,694038211570300,0.0700,0.5060
294.9780,146.5700,0.6930,694038228482700,0.0880,0.5060
296.7160,146.3620,0.7030,694038228604100,0.1060,0.5070
298.5450,146.1290,0.7130,694038228607000,0.1060,0.5070
300.4050,145.9210,0.7220,694038228607800,0.1060,0.5070
302.2040,145.9210,0.7290,694038245355900,0.1060,0.5070
303.9120,145.7650,0.7330,694038245440300,0.1060,0.5070
305.4670,145.8170,0.7330,694038261567900,0.1060,0.5070
306.6860,145.9210,0.7220,694038261671200,0.1060,0.5070
307.6010,146.0250,0.7040,694038261674000,0.1060,0.5070
308.2410,146.2320,0.6810,694038261674800,0.1060,0.5070
308.6680,146.4660,0.6650,694038261675500,0.1060,0.5070
308.9120,146.7770,0.6340,694038277927200,0.1060,0.5070
308.9120,147.0890,0.5280,694038278027900,0.1060,0.5070
308.6990,147.5300,0.4400,694038278030600,0.1060,0.5250
308.2720,148.0490,0.3660,694038294553300,0.1060,0.5410
227.1350,173.6310,0.2530,694038507042300,0.0540,0.5080
227.3490,172.9830,0.3830,694038507120500,0.0540,0.5080
227.5010,172.4120,0.4530,694038523656200,0.0540,0.5080
227.6230,171.9710,0.4940,694038523741200,0.0540,0.5080
227.7140,171.5560,0.5170,694038523753200,0.0540,0.5080
227.8360,171.1670,0.5310,694038523755900,0.0540,0.5080
227.9280,170.8550,0.5400,694038540591600,0.0540,0.5080
227.9890,170.5440,0.5470,694038540685300,0.0540,0.5080
228.0800,170.2840,0.5550,694038540688100,0.0540,0.5080
228.1410,170.0510,0.5640,694038540689200,0.0540,0.5080
228.2020,169.8430,0.5740,694038556747900,0.0540,0.5080
228.2330,169.6880,0.5840,694038556868400,0.0540,0.5080
228.3550,169.5320,0.5950,694038573020600,0.0540,0.5080
228.6290,169.3240,0.6150,694038573147600,0.0540,0.5080
228.8430,169.3240,0.6240,694038573150600,0.0540,0.5080
229.0870,169.3240,0.6320,694038573151400,0.0540,0.5080
229.4830,169.4280,0.6400,694038589071700,0.0540,0.5080
229.8490,169.5840,0.6470,694038589157200,0.0540,0.5080
230.4280,169.9470,0.6540,694038606036500,0.0540,0.5080
231.0070,170.3360,0.6600,694038606141600,0.0540,0.5080
231.5560,170.8030,0.6660,694038606145000,0.0540,0.5080
232.3490,171.6080,0.6720,694038606145800,0.0540,0.5080
233.0500,172.4640,0.6770,694038606146600,0.0540,0.5080
233.5690,173.2680,0.6820,694038623003900,0.0540,0.5080
233.9350,173.9950,0.6870,694038623102400,0.0540,0.5080
234.2090,174.6950,0.6930,694038623104900,0.0540,0.5080
234.4220,175.4990,0.6980,694038623105900,0.0540,0.5080
234.5750,176.3040,0.7040,694038639157200,0.0540,0.5080
234.5750,177.0820,0.7090,694038639277400,0.0540,0.5080
234.5440,177.8860,0.7150,694038655342100,0.0540,0.5080
234.3310,178.7430,0.7210,694038655407900,0.0540,0.5080
233.9040,179.9620,0.7280,694038655410500,0.0540,0.5080
233.2640,181.1300,0.7340,694038655411300,0.0540,0.5080
232.4710,182.2190,0.7400,694038655412000,0.0540,0.5080
231.4950,183.2830,0.7470,694038672033000,0.0540,0.5080
230.4280,184.1140,0.7530,694038672085000,0.0540,0.5080
229.2690,184.9180,0.7590,694038688547500,0.0540,0.5080
227.9890,185.6180,0.7640,694038688673100,0.0540,0.5080
226.6470,186.1370,0.7690,694038688675900,0.0700,0.5060
225.3060,186.5780,0.7740,694038688676700,0.0700,0.5060
223.8120,186.8380,0.7780,694038705578300,0.0700,0.5060
222.4390,186.9930,0.7830,694038705702200,0.0700,0.5060
221.1590,186.9930,0.7870,694038721926500,0.0700,0.5060
219.7870,186.8380,0.7910,694038722006600,0.0700,0.5060
218.3840,186.5780,0.7940,694038722009500,0.0880,0.5060
217.0430,186.1370,0.7970,694038722010200,0.0880,0.5060
215.8230,185.6180,0.8010,694038722010900,0.0880,0.5060
214.6030,184.9180,0.8040,694038738510000,0.0880,0.5060
213.5360,184.1140,0.8070,694038738626300,0.0880,0.5060
212.5300,183.2830,0.8090,694038738629100,0.0880,0.5060
211.6760,182.3750,0.8120,694038738630200,0.0880,0.5060
210.9140,181.4670,0.8140,694038755471000,0.0880,0.5060
210.2430,180.6110,0.8170,694038755591000,0.0880,0.5060
209.6940,179.8580,0.8180,694038771682600,0.0880,0.5060
209.2670,179.3390,0.8200,694038771803400,0.0880,0.5060
208.9620,178.8460,0.8220,694038771806200,0.0880,0.5060
208.6880,178.4830,0.8230,694038771807000,0.0880,0.5060
208.4140,178.2240,0.8250,694038788687500,0.0880,0.5060
208.2610,177.9380,0.8260,694038788806900,0.0880,0.5060
208.0480,177.7310,0.8270,694038788809500,0.0880,0.5060
207.8950,177.5230,0.8280,694038804659500,0.0880,0.5060
207.7430,177.4190,0.8280,694038804757700,0.0880,0.5060
207.5600,177.3680,0.8290,694038804760800,0.0880,0.5060
206.9800,177.6790,0.8300,694038821549800,0.0880,0.5060
206.6760,177.9380,0.8300,694038821677500,0.0880,0.5060
206.2790,178.4310,0.8310,694038821687300,0.0880,0.5060
205.8220,178.8980,0.8310,694038821688600,0.0880,0.5060
205.3340,179.4430,0.8310,694038837785400,0.0880,0.5060
204.6330,180.2990,0.8320,694038837890800,0.0880,0.5060
204.0530,181.0260,0.8320,694038854439900,0.0880,0.5060
203.4740,181.6230,0.8320,694038854584300,0.0880,0.5060
202.6810,182.4270,0.8330,694038854587400,0.0880,0.5060
201.8580,183.1540,0.8330,694038854588500,0.0880,0.5060
201.0040,183.9060,0.8340,694038870612400,0.0880,0.5060
200.1200,184.6070,0.8340,694038870709500,0.0880,0.5060
199.2970,185.0730,0.8350,694038887593300,0.1060,0.5070
198.5650,185.5150,0.8350,694038887717500,0.1060,0.5070
197.4060,185.9820,0.8360,694038887720400,0.1060,0.5070
196.5530,186.3190,0.8370,694038887721200,0.1060,0.5070
195.6990,186.5260,0.8370,694038887721900,0.1060,0.5070
194.9370,186.6820,0.8380,694038904587500,0.1060,0.5070
194.2050,186.7860,0.8390,694038904683000,0.1060,0.5070
193.5030,186.7860,0.8400,694038904685800,0.1060,0.5070
192.7110,186.7340,0.8410,694038904686800,0.1060,0.5070
191.9480,186.6300,0.8420,694038921399400,0.1060,0.5070
191.1560,186.4230,0.8430,694038921490800,0.1060,0.5070
190.0270,185.9820,0.8440,694038921493800,0.1060,0.5070
189.1740,185.5150,0.8450,694038938564700,0.1060,0.5070
188.2890,184.9180,0.8460,694038938683800,0.1060,0.5070
187.5270,184.3470,0.8460,694038938686700,0.1060,0.5070
186.9480,183.7500,0.8470,694038938688000,0.1060,0.5070
186.4600,183.2830,0.8480,694038954747700,0.1060,0.5070
186.0030,182.7900,0.8480,694038954874200,0.1060,0.5070
185.5760,182.3230,0.8490,694038954877100,0.1060,0.5070
185.2400,181.8300,0.8490,694038970744700,0.1060,0.5070
184.9350,181.4670,0.8490,694038970836300,0.1060,0.5070
184.6000,181.1300,0.8490,694038970839000,0.1060,0.5070
184.3870,180.8700,0.8490,694038970840200,0.1060,0.5070
184.1120,180.6110,0.8480,694038986945900,0.1060,0.5070
183.8990,180.4030,0.8480,694038987069000,0.1060,0.5070
183.6850,180.1960,0.8480,694039003437100,0.1060,0.5070
183.4720,179.9620,0.8470,694039003521900,0.1060,0.5070
183.2580,179.8580,0.8460,694039003525100,0.1060,0.5070
183.0450,179.7550,0.8460,694039003525800,0.1060,0.5070
182.8320,179.7550,0.8450,694039003526600,0.1060,0.5070
182.5880,179.7550,0.8440,694039020144100,0.1060,0.5070
182.3130,179.8580,0.8440,694039020268500,0.1060,0.5070
181.9470,180.0660,0.8430,694039020271300,0.1060,0.5070
181.5810,180.2990,0.8430,694039020272200,0.1060,0.5070
181.0330,180.6630,0.8430,694039036288800,0.1060,0.5070
180.5140,181.0780,0.8420,694039036404200,0.1060,0.5070
179.6600,181.8300,0.8420,694039053210600,0.1060,0.5070
178.8370,182.5310,0.8420,694039053333300,0.1060,0.5070
177.9830,183.3350,0.8410,694039053336200,0.1060,0.5070
177.1300,184.0620,0.8410,694039053337000,0.1060,0.5070
176.2460,184.8140,0.8410,694039069149400,0.1220,0.5060
175.2390,185.6180,0.8410,694039069232700,0.1220,0.5060
174.2030,186.3710,0.8410,694039085323400,0.1220,0.5060
173.1350,187.0970,0.8400,694039085446800,0.1220,0.5060
171.9770,187.7980,0.8400,694039085449900,0.1220,0.5060
170.7880,188.3950,0.8400,694039085450800,0.1220,0.5060
169.5370,189.0170,0.8410,694039085451600,0.1220,0.5060
168.2570,189.5620,0.8410,694039101597700,0.1220,0.5060
166.9150,189.9770,0.8410,694039101690500,0.1220,0.5060
165.5130,190.3660,0.8410,694039101693400,0.1220,0.5060
164.2020,190.6780,0.8420,694039101694400,0.1220,0.5060
162.8600,190.8850,0.8420,694039118581700,0.1220,0.5060
161.7010,190.9890,0.8430,694039118702000,0.1220,0.5060
160.6340,191.0410,0.8430,694039135422500,0.1220,0.5060
159.6580,190.9890,0.8440,694039135506800,0.1220,0.5060
158.7740,190.8330,0.8440,694039135509500,0.1220,0.5060
157.3720,190.5740,0.8440,694039135510600,0.1220,0.5060
156.0910,190.1330,0.8450,694039135511400,0.1410,0.5070
154.8710,189.6140,0.8460,694039152605600,0.1410,0.5070
153.8650,188.9140,0.8460,694039152722600,0.1580,0.5070
152.8590,188.1870,0.8470,694039168602500,0.1580,0.5070
151.8220,187.2790,0.8470,694039168690000,0.1580,0.5070
150.9380,186.2150,0.8480,694039168692600,0.1580,0.5070
150.0840,185.2030,0.8480,694039168693400,0.1580,0.5070
149.3220,184.0620,0.8490,694039168694300,0.1580,0.5070
148.5290,182.8940,0.8490,694039184841400,0.1580,0.5070
147.8280,181.6750,0.8490,694039184965400,0.1580,0.5070
147.1570,180.4030,0.8490,694039201541000,0.1580,0.5070
146.3340,179.1580,0.8500,694039201594800,0.1580,0.5070
145.6020,177.8860,0.8500,694039201597500,0.1580,0.5070
144.7480,176.6670,0.8500,694039201598400,0.1580,0.5070
143.9550,175.4990,0.8500,694039201599500,0.1580,0.5070
143.1020,174.2800,0.8500,694039217630500,0.1580,0.5070
142.2480,173.0860,0.8490,694039217678400,0.1580,0.5070
141.3330,171.9710,0.8490,694039217680500,0.1580,0.5070
140.4180,170.8550,0.8490,694039217681300,0.1580,0.5250
139.5340,169.7910,0.8480,694039233891400,0.1580,0.5250
138.6200,168.8310,0.8480,694039234013000,0.1580,0.5420
137.7660,167.9230,0.8480,694039250250200,0.1580,0.5420
136.7900,167.0670,0.8470,694039250375200,0.1580,0.5420
135.9970,166.3410,0.8470,694039250378700,0.1580,0.5420
135.2660,165.7960,0.8460,694039250379600,0.1580,0.5420
134.6250,165.3810,0.8450,694039266288400,0.1580,0.5420
133.9240,165.0430,0.8450,694039266413200,0.1580,0.5420
133.2230,164.8360,0.8440,694039282344000,0.1580,0.5420
132.4300,164.6800,0.8430,694039282443600,0.1580,0.5420
131.5760,164.6280,0.8430,694039282446600,0.1580,0.5420
130.6610,164.7320,0.8420,694039282447800,0.1580,0.5420
129.2280,164.9390,0.8410,694039282448500,0.1750,0.5420
127.7950,165.4320,0.8410,694039299012700,0.1750,0.5420
126.2400,165.9510,0.8410,694039299094300,0.1750,0.5420
124.8070,166.6520,0.8400,694039299097100,0.1750,0.5420
123.3740,167.4560,0.8400,694039299098100,0.1750,0.5420
122.0320,168.3120,0.8390,694039315489700,0.1750,0.5420
120.8740,169.1430,0.8390,694039315544700,0.1750,0.5420
119.8060,170.0510,0.8390,694039332395100,0.1750,0.5420
118.9530,171.0110,0.8390,694039332490400,0.1750,0.5420
118.2210,171.9710,0.8390,694039332493100,0.1750,0.5420
117.7940,172.8270,0.8380,694039332494000,0.1750,0.5420
117.5200,173.5790,0.8380,694039332494900,0.1750,0.5420
117.4590,174.3320,0.8380,694039348833700,0.1750,0.5420
117.5810,175.0070,0.8380,694039348964000,0.1750,0.5420
117.8250,175.7590,0.8380,694039365554400,0.1750,0.5420
118.4340,176.8230,0.8380,694039365656100,0.1750,0.5420
119.1660,177.7830,0.8370,694039365659000,0.1750,0.5420
120.0200,178.6390,0.8370,694039365659800,0.1750,0.5420
120.9350,179.4430,0.8360,694039382326200,0.1750,0.5420
121.8800,180.1960,0.8350,694039382432700,0.1750,0.5420
122.8860,180.8700,0.8340,694039382435600,0.1750,0.5420
123.9230,181.4670,0.8320,694039382436400,0.1750,0.5420
124.6550,181.8820,0.8290,694039398573800,0.1750,0.5420
125.2950,182.2190,0.8260,694039398670300,0.1750,0.5420
125.8130,182.4790,0.8230,694039414681100,0.1750,0.5420
126.2100,182.6860,0.8190,694039414803600,0.1750,0.5420
126.4540,182.8420,0.8160,694039414840400,0.1750,0.5420
126.6370,182.9980,0.8130,694039414894500,0.1750,0.5420
126.6670,183.1020,0.8110,694039414914300,0.1750,0.5420
125.8740,183.4390,0.8040,694039447812400,0.1750,0.5420
125.0200,183.5950,0.8020,694039447893300,0.1750,0.5420
123.5870,183.8020,0.8010,694039447896900,0.1750,0.5420
121.8800,184.0100,0.7990,694039447898000,0.1750,0.5420
120.1110,184.2430,0.7980,694039464378900,0.1750,0.5420
118.2210,184.5550,0.7960,694039464471800,0.1750,0.5420
114.6230,184.9700,0.7950,694039464475900,0.1930,0.5410
112.0310,185.3590,0.7940,694039464477100,0.1930,0.5410
109.9880,185.6700,0.7930,694039464478100,0.1930,0.5410
108.2500,185.9300,0.7920,694039481173100,0.1930,0.5410
106.6040,186.2670,0.7910,694039481285500,0.1930,0.5410
105.0490,186.5260,0.7910,694039497329300,0.1930,0.5410
103.6160,186.8380,0.7900,694039497419900,0.1930,0.5410
102.2740,187.1750,0.7900,694039497423200,0.1930,0.5410
101.2680,187.4860,0.7890,694039497424700,0.1930,0.5410
100.4140,187.7460,0.7890,694039513321300,0.2100,0.5430
99.7130,188.0050,0.7890,694039513408300,0.2100,0.5430
99.0730,188.3430,0.7880,694039513411800,0.2100,0.5430
98.4320,188.7580,0.7880,694039530083000,0.2100,0.5430
97.8530,189.2510,0.7880,694039530172400,0.2100,0.5430
97.1520,190.0810,0.7890,694039530176200,0.2100,0.5430
96.3590,191.0410,0.7890,694039530177400,0.2100,0.5430
95.6580,192.1830,0.7890,694039546699700,0.2100,0.5430
95.0170,193.4540,0.7900,694039546772300,0.2100,0.5430
94.4380,194.8290,0.7920,694039546965500,0.2100,0.5430
93.7980,196.2300,0.7940,694039546992000,0.2100,0.5430
93.2180,197.6570,0.7960,694039563447500,0.2100,0.5430
92.6690,199.1620,0.8000,694039563553800,0.2100,0.5430
92.1510,200.5890,0.8030,694039563557700,0.2100,0.5430
91.6020,202.1460,0.8070,694039579590700,0.2100,0.5430
91.1450,203.7290,0.8110,694039579728200,0.2100,0.5430
90.7490,205.3890,0.8160,694039579732900,0.2100,0.5430
90.3830,207.0240,0.8200,694039579734900,0.2100,0.5430
90.0780,208.7360,0.8250,694039595894100,0.2100,0.5430
89.8030,210.4490,0.8300,694039596010200,0.2100,0.5430
89.5290,212.1610,0.8350,694039611969800,0.2100,0.5430
89.3150,213.8480,0.8410,694039612093800,0.2100,0.5430
89.1020,215.6120,0.8460,694039612097400,0.2100,0.5430
88.8890,217.3240,0.8520,694039612098600,0.2100,0.5430
88.6450,219.0890,0.8590,694039612099600,0.2100,0.5430
88.4310,220.8270,0.8650,694039628835500,0.2100,0.5430
88.2180,222.4880,0.8720,694039628935400,0.2100,0.5430
88.0040,224.0960,0.8780,694039628939400,0.2100,0.5430
87.8210,225.6270,0.8840,694039628940700,0.2100,0.5430
87.6080,227.0800,0.8900,694039645826800,0.2100,0.5430
87.5160,228.1960,0.8950,694039645883700,0.2100,0.5430
87.3950,229.2080,0.9010,694039662636100,0.2100,0.5430
87.3950,230.0640,0.9050,694039662749500,0.2100,0.5430
87.3640,230.8420,0.9100,694039662753300,0.2100,0.5430
87.3030,231.5430,0.9140,694039662754400,0.2100,0.5430
87.3030,232.1390,0.9170,694039662755500,0.2100,0.5430
87.3030,232.7100,0.9210,694039679492900,0.2100,0.5430
87.3640,233.3070,0.9240,694039679607400,0.2100,0.5430
87.3640,233.8260,0.9270,694039695814400,0.2100,0.5430
87.3950,234.4230,0.9300,694039695934100,0.2100,0.5430
87.3950,234.9420,0.9330,694039695939500,0.2100,0.5430
87.3950,235.5380,0.9360,694039695940800,0.2100,0.5430
87.3950,236.1350,0.9380,694039695942000,0.2100,0.5430
87.3950,236.7580,0.9400,694039712675000,0.2100,0.5430
87.3950,237.3550,0.9420,694039712773300,0.2100,0.5430
87.3950,237.9250,0.9440,694039728877600,0.2100,0.5430
87.3640,238.5220,0.9460,694039729098500,0.2100,0.5430
87.3950,239.0670,0.9470,694039729102000,0.2100,0.5430
87.4550,239.5860,0.9470,694039729138700,0.2100,0.5430
87.3950,240.0010,0.9450,694039745227800,0.2100,0.5430
87.4550,240.4940,0.9390,694039745297300,0.2110,0.5250
87.4550,240.9610,0.9300,694039745301000,0.2110,0.5250
87.5770,241.3500,0.9170,694039745302100,0.2100,0.5060
87.6080,241.7650,0.8970,694039761369200,0.2100,0.4890
87.7910,242.2580,0.8670,694039761480100,0.2100,0.4890
87.8820,242.6730,0.8450,694039761484000,0.2100,0.4890
88.0040,243.1670,0.7980,694039777450200,0.2100,0.4890
88.0960,243.6340,0.6650,694039777516500,0.2110,0.4730
88.1570,244.1260,0.5540,694039777519900,0.1930,0.4550
88.0960,244.5420,0.4620,694039777521200,0.1750,0.4360
