697.4600,115.4090,0.0100,694047731060300,-0.0350,0.4720
697.3990,115.2270,0.0350,694047731129200,-0.0350,0.4720
697.3070,114.9680,0.1030,694047746895100,-0.0350,0.4720
697.1850,114.6560,0.1740,694047762899100,-0.0350,0.4720
697.1240,114.3970,0.2410,694047762971100,-0.0350,0.4720
697.0330,114.1630,0.3000,694047778899200,-0.0350,0.4720
696.9110,113.9040,0.3740,694047795358500,-0.0350,0.4720
697.2460,114.3970,0.5590,694047845023900,-0.0520,0.4730
697.3990,114.7600,0.5740,694047845088100,-0.0520,0.4730
697.6120,115.0710,0.5890,694047845089600,-0.0520,0.4730
697.7650,115.4610,0.6030,694047845090200,-0.0520,0.4730
698.1000,116.0310,0.6160,694047861328600,-0.0520,0.4730
698.4660,116.6280,0.6290,694047861357500,-0.0520,0.4730
698.7400,117.1990,0.6420,694047878286300,-0.0520,0.4730
699.1060,117.8990,0.6540,694047878378700,-0.0520,0.4730
699.4720,118.5480,0.6660,694047878380700,-0.0520,0.4730
700.0520,119.6120,0.6760,694047878381300,-0.0700,0.4730
700.5390,120.7280,0.6870,694047894385400,-0.0870,0.4720
701.1190,121.8430,0.6970,694047894419500,-0.0870,0.4720
701.7590,123.0110,0.7060,694047894421200,-0.0870,0.4720
702.2470,124.2300,0.7160,694047910745400,-0.0870,0.4720
702.7350,125.5280,0.7250,694047910815800,-0.0870,0.4720
703.1010,126.7990,0.7330,694047910817500,-0.1040,0.4720
703.5890,128.1740,0.7410,694047910818400,-0.1040,0.4720
703.8930,129.6270,0.7490,694047926872700,-0.1040,0.4720
704.1070,131.1060,0.7560,694047926925200,-0.1040,0.4720
704.2290,132.5590,0.7630,694047926926900,-0.1040,0.4720
704.2290,134.0900,0.7690,694047926927500,-0.1040,0.4720
704.0150,135.6460,0.7750,694047943135300,-0.1040,0.4720
703.8630,137.3070,0.7810,694047943232500,-0.1040,0.4720
703.4670,138.9420,0.7870,694047943234400,-0.1040,0.4720
702.3990,141.9250,0.7930,694047959147500,-0.1040,0.4720
701.6680,144.0010,0.7990,694047959211400,-0.1050,0.4550
700.3260,146.7250,0.8040,694047959213900,-0.1050,0.4550
699.1670,148.6450,0.8100,694047959214600,-0.1050,0.4550
698.1920,150.2280,0.8150,694047975316100,-0.1050,0.4550
696.2400,152.7450,0.8210,694047975417700,-0.1050,0.4550
694.0450,155.2620,0.8260,694047992136100,-0.1220,0.4560
690.9960,158.4010,0.8300,694047992318700,-0.1220,0.4560
688.9220,160.4250,0.8350,694047992320400,-0.1220,0.4560
686.6960,162.5010,0.8390,694047992321000,-0.1220,0.4560
684.1960,164.5240,0.8430,694047992321600,-0.1220,0.4560
680.3540,167.2490,0.8470,694048008470500,-0.1220,0.4560
677.6710,168.9870,0.8510,694048008563200,-0.1220,0.4560
675.0180,170.6990,0.8540,694048024468400,-0.1220,0.4560
672.1520,172.3080,0.8570,694048024544000,-0.1220,0.4560
669.2560,173.7350,0.8600,694048024545600,-0.1220,0.4560
666.4810,175.0580,0.8620,694048024546300,-0.1220,0.4560
663.6150,176.2520,0.8620,694048041141600,-0.1220,0.4560
661.4800,177.0820,0.8580,694048041224000,-0.1220,0.4560
659.4980,177.6790,0.8500,694048041225600,-0.1220,0.4560
657.8520,178.2240,0.8400,694048041226300,-0.1220,0.4560
656.2050,178.6910,0.8240,694048057308600,-0.1220,0.4560
654.4370,179.1580,0.8020,694048057409100,-0.1050,0.4550
652.6380,179.6510,0.7730,694048057410800,-0.0870,0.4550
649.3750,180.5590,0.7560,694048074114100,-0.0870,0.4550
647.1500,181.2080,0.7260,694048074148400,-0.0870,0.4550
645.3810,181.5710,0.6820,694048074150000,-0.0870,0.4550
643.8870,181.9340,0.5680,694048074150600,-0.0870,0.4550
642.4540,182.3230,0.4730,694048090684100,-0.0870,0.4550
641.0210,182.5830,0.3940,694048090753200,-0.0870,0.4550
665.5970,131.9100,0.1730,694048356750600,-0.0870,0.4550
666.0540,131.2620,0.2640,694048372630900,-0.0870,0.4550
666.3890,130.7430,0.3150,694048372704500,-0.0870,0.4550
666.6940,130.1980,0.3460,694048389524900,-0.0870,0.4550
666.9080,129.7310,0.3670,694048389619300,-0.0870,0.4550
667.0910,129.3680,0.3840,694048389628800,-0.0870,0.4550
667.1820,128.9780,0.3990,694048389629600,-0.0870,0.4550
667.2430,128.6150,0.4140,694048389630300,-0.0870,0.4550
667.2430,128.2260,0.4300,694048406082500,-0.0870,0.4550
667.2430,127.9660,0.4450,694048406279400,-0.0870,0.4550
667.1820,127.7070,0.4600,694048422389300,-0.1050,0.4550
667.0910,127.4990,0.4760,694048422473000,-0.1050,0.4550
666.9690,127.2660,0.4920,694048422474600,-0.1050,0.4550
666.6940,127.0580,0.5230,694048438403500,-0.1050,0.4550
666.4810,127.0070,0.5380,694048438487700,-0.1050,0.4550
666.2370,127.0070,0.5530,694048454432400,-0.1050,0.4550
665.9020,127.1100,0.5690,694048454507700,-0.1050,0.4550
665.3220,127.3960,0.5840,694048454509400,-0.1050,0.4550
664.6210,127.7590,0.5990,694048454510000,-0.1050,0.4550
663.6760,128.5110,0.6140,694048454510500,-0.1050,0.4550
662.6700,129.2900,0.6280,694048471500500,-0.1050,0.4550
661.6020,130.2500,0.6420,694048471595500,-0.1050,0.4550
660.5350,131.2620,0.6550,694048488484300,-0.1050,0.4550
659.4980,132.4550,0.6680,694048488578800,-0.1050,0.4550
658.4310,133.5710,0.6800,694048488580400,-0.1050,0.4550
657.6080,134.7900,0.6920,694048488581000,-0.1050,0.4550
656.8460,135.9580,0.7040,694048488581600,-0.1050,0.4550
656.1140,137.1770,0.7140,694048504425100,-0.1050,0.4550
655.5040,138.4230,0.7250,694048504527400,-0.1050,0.4550
655.0770,139.6420,0.7340,694048504529100,-0.1050,0.4550
654.9250,140.6020,0.7440,694048504529700,-0.1050,0.4550
654.9860,141.3550,0.7540,694048520487300,-0.1050,0.4550
655.1380,141.9250,0.7630,694048520574800,-0.1050,0.4550
655.5040,142.4700,0.7720,694048536570500,-0.1050,0.4550
656.1140,142.8330,0.7810,694048536672100,-0.1050,0.4550
656.7540,143.1450,0.7890,694048536674000,-0.1050,0.4550
657.4860,143.3270,0.7970,694048536674700,-0.1050,0.4550
658.2790,143.3270,0.8040,694048552550200,-0.1050,0.4550
659.1940,143.1970,0.8100,694048552622200,-0.1050,0.4550
660.0470,142.9890,0.8160,694048552623900,-0.1050,0.4550
661.2060,142.5220,0.8210,694048569288100,-0.1050,0.4550
662.1210,141.9250,0.8260,694048569342900,-0.1050,0.4550
662.9740,141.1730,0.8300,694048569344500,-0.1050,0.4550
663.7370,140.3430,0.8340,694048569345200,-0.1050,0.4550
664.1940,139.4860,0.8370,694048585390900,-0.1050,0.4550
664.5290,138.6300,0.8400,694048585490500,-0.1050,0.4550
664.6210,137.7740,0.8430,694048585492000,-0.1050,0.4550
664.6210,136.8140,0.8450,694048601348000,-0.1050,0.4550
664.6210,135.8020,0.8480,694048601410000,-0.1050,0.4550
664.4080,134.2450,0.8500,694048601411500,-0.1050,0.4550
664.1030,132.7660,0.8510,694048601412100,-0.1050,0.4550
663.7370,131.2620,0.8530,694048617570100,-0.1050,0.4550
663.2490,129.8860,0.8540,694048617650500,-0.1050,0.4550
662.7610,128.5630,0.8560,694048634312800,-0.1050,0.4550
662.1820,127.3440,0.8570,694048634415700,-0.1050,0.4550
661.5410,126.1500,0.8580,694048634417300,-0.1050,0.4550
660.9620,125.1380,0.8580,694048634418000,-0.1050,0.4550
660.3220,124.2300,0.8550,694048634418800,-0.1050,0.4550
659.7120,123.5560,0.8470,694048650365800,-0.1050,0.4550
659.1940,123.1150,0.8330,694048650399400,-0.1050,0.4550
658.6140,122.8550,0.8120,694048650401000,-0.1050,0.4550
657.9130,122.7510,0.7820,694048650401700,-0.1050,0.4550
657.1810,122.7510,0.7620,694048666563700,-0.1050,0.4550
656.3270,122.8550,0.7230,694048666636900,-0.1050,0.4550
655.4740,123.0630,0.6020,694048683558600,-0.1050,0.4550
654.1930,123.4520,0.5020,694048683599200,-0.0870,0.4550
652.9430,123.8150,0.4180,694048683607200,-0.0700,0.4550
628.0320,121.6880,0.2950,694048932796300,-0.0870,0.3670
628.2760,121.0390,0.4450,694048932862800,-0.0870,0.3850
628.4890,120.5720,0.5210,694048932864500,-0.1050,0.4030
628.4890,120.1310,0.5600,694048949277700,-0.1040,0.4190
628.4890,119.8190,0.5800,694048949342600,-0.1050,0.4370
628.4590,119.5080,0.5900,694048949344500,-0.1050,0.4550
628.3980,119.2750,0.5970,694048949345300,-0.1050,0.4550
628.2450,119.0670,0.6020,694048966302300,-0.1220,0.4560
628.1840,118.8590,0.6090,694048966411300,-0.1220,0.4560
628.0620,118.7040,0.6160,694048966413300,-0.1220,0.4560
628.5500,125.0350,0.4730,694049027841700,-0.1740,0.4900
628.8250,125.6830,0.4740,694049027902900,-0.1740,0.4900
629.1290,126.3840,0.4750,694049043714100,-0.1740,0.5060
629.3430,127.0580,0.4740,694049043765400,-0.1740,0.5060
629.5560,127.7070,0.4750,694049043774800,-0.1740,0.5060
629.7090,128.3560,0.4760,694049043775500,-0.1740,0.5060
629.8920,129.0300,0.4750,694049059964100,-0.1740,0.5060
629.9830,129.7830,0.4510,694049060062000,-0.1740,0.5060
629.9830,130.4310,0.4510,694049076537900,-0.1740,0.5060
629.9220,131.0020,0.4520,694049076636000,-0.1740,0.5060
629.8310,131.4950,0.4540,694049076637600,-0.1740,0.5060
629.6170,132.1180,0.4530,694049076638100,-0.1740,0.5060
629.3120,132.7150,0.4550,694049092991400,-0.1740,0.5060
628.8250,133.2340,0.4550,694049093090500,-0.1740,0.5060
627.9710,133.9860,0.4560,694049109141100,-0.1740,0.5060
626.9650,134.5310,0.4540,694049109239100,-0.1740,0.5060
625.6840,135.0500,0.4570,694049109240700,-0.1740,0.5060
624.2200,135.4390,0.4590,694049109241600,-0.1740,0.5060
622.6350,135.7500,0.4620,694049125432700,-0.1740,0.5060
620.8360,136.0620,0.4670,694049125482900,-0.1740,0.5060
618.9450,136.2170,0.4690,694049125484500,-0.1740,0.5060
616.9940,136.4510,0.4730,694049125485200,-0.1740,0.5060
615.0730,136.6070,0.4770,694049141787100,-0.1740,0.5060
613.3040,136.7100,0.4790,694049141849000,-0.1740,0.5060
611.6580,136.8660,0.4810,694049141851200,-0.1740,0.5060
610.1640,136.9700,0.4840,694049158683100,-0.1740,0.5060
609.0050,137.0730,0.4840,694049158728000,-0.1740,0.5060
608.1510,137.1770,0.4840,694049158730000,-0.1740,0.5060
607.3890,137.3070,0.4860,694049158730600,-0.1740,0.5060
606.7490,137.5150,0.4890,694049175558900,-0.1740,0.5060
606.3220,137.7220,0.4910,694049175618900,-0.1740,0.5060
605.9560,137.9820,0.4920,694049192447100,-0.1740,0.5060
605.7430,138.2410,0.4930,694049192489300,-0.1740,0.5060
605.6510,138.6300,0.4940,694049192490800,-0.1740,0.5060
605.6510,139.0450,0.4950,694049192491500,-0.1740,0.5060
605.7430,139.5380,0.5150,694049192492100,-0.1740,0.5060
606.0170,140.2130,0.5120,694049209352200,-0.1740,0.5060
606.3830,140.9140,0.5140,694049209387000,-0.1740,0.5060
606.9620,141.9770,0.5140,694049226209800,-0.1740,0.5060
607.6030,143.1450,0.5150,694049226242400,-0.1740,0.4900
608.1820,144.2860,0.5000,694049226244000,-0.1740,0.4900
608.8220,145.5580,0.4990,694049226244700,-0.1740,0.4900
609.4320,146.6730,0.4990,694049243105000,-0.1740,0.4900
609.7980,147.5820,0.5000,694049243152000,-0.1740,0.4900
610.1030,148.4380,0.4990,694049259983900,-0.1740,0.4900
610.2860,149.1640,0.5000,694049260017000,-0.1740,0.4900
610.3770,149.9690,0.5000,694049260018600,-0.1740,0.4900
610.3770,150.8250,0.5010,694049260019200,-0.1740,0.4900
610.3160,151.6810,0.5000,694049276871000,-0.1740,0.4900
610.0110,152.9010,0.5010,694049276908400,-0.1740,0.4900
609.5240,154.1200,0.4990,694049276909900,-0.1740,0.4900
608.8830,155.1840,0.5020,694049276910500,-0.1740,0.4900
608.1820,156.2740,0.5010,694049276911100,-0.1740,0.4900
607.3890,157.0520,0.5020,694049293791900,-0.1740,0.4900
606.5050,157.8560,0.5010,694049293842400,-0.1740,0.4900
605.4380,158.5570,0.5030,694049310639700,-0.1740,0.4900
604.3100,159.1280,0.5040,694049310673800,-0.1740,0.4900
603.0900,159.5170,0.5040,694049310675300,-0.1740,0.4900
602.0530,159.7760,0.5030,694049310676100,-0.1740,0.4900
601.0470,159.9320,0.5050,694049310676700,-0.1570,0.4900
600.1020,159.9840,0.5050,694049327525600,-0.1570,0.4900
598.6080,159.8800,0.5040,694049327564200,-0.1570,0.4900
597.1750,159.7240,0.5050,694049344404600,-0.1570,0.4900
595.7720,159.3610,0.5060,694049344444600,-0.1570,0.4900
594.5520,158.9200,0.5050,694049344446300,-0.1570,0.4900
593.2110,158.4010,0.5080,694049344446900,-0.1570,0.4900
592.1130,157.7520,0.5070,694049361307300,-0.1570,0.4900
591.0460,156.9480,0.5080,694049361344900,-0.1570,0.4900
590.0700,156.0920,0.5100,694049378238900,-0.1570,0.4900
589.1860,155.1320,0.5100,694049378304700,-0.1570,0.4900
588.3320,153.9120,0.5090,694049378306400,-0.1570,0.4900
586.1980,125.5790,0.6690,694049407305000,-0.1570,0.4900
586.4420,124.7230,0.7530,694049423894500,-0.1570,0.4900
586.7770,123.9710,0.7970,694049423953800,-0.1570,0.4900
587.1430,123.2700,0.8190,694049440775100,-0.1570,0.4900
587.2960,122.6990,0.8310,694049440807800,-0.1570,0.4900
587.5700,122.1550,0.8370,694049440809400,-0.1570,0.4900
587.7220,121.6880,0.8410,694049440810000,-0.1570,0.4900
587.9970,121.2980,0.8430,694049440810500,-0.1570,0.4900
588.2710,120.9870,0.8450,694049457674900,-0.1570,0.4900
588.5460,120.6760,0.8470,694049457730300,-0.1570,0.4900
588.9120,120.4160,0.8480,694049474545700,-0.1570,0.4900
589.2170,120.2350,0.8490,694049474598100,-0.1570,0.4900
589.5520,120.0790,0.8500,694049474599600,-0.1570,0.4900
589.9180,119.9750,0.8500,694049474600200,-0.1570,0.4900
590.3450,119.9230,0.8500,694049474600800,-0.1570,0.4900
590.7720,119.9750,0.8500,694049491437900,-0.1570,0.4900
591.2590,120.0790,0.8500,694049491470700,-0.1570,0.4900
591.9000,120.2860,0.8510,694049508343400,-0.1570,0.4900
592.5400,120.5720,0.8510,694049508405600,-0.1570,0.4900
593.0580,120.9870,0.8510,694049508407600,-0.1570,0.4900
593.6070,121.4800,0.8500,694049508408400,-0.1570,0.4900
594.0650,122.0510,0.8500,694049508409300,-0.1570,0.4900
594.4000,122.6990,0.8500,694049525217900,-0.1570,0.4900
594.9180,123.8150,0.8490,694049525267500,-0.1570,0.4900
595.1010,124.7750,0.8490,694049542090400,-0.1570,0.4900
595.1320,125.7350,0.8480,694049542130000,-0.1570,0.4900
594.9790,126.6430,0.8480,694049542131900,-0.1400,0.4900
594.4610,127.9660,0.8480,694049542132500,-0.1230,0.4900
593.6380,129.2380,0.8480,694049558976700,-0.1230,0.4900
592.7530,130.5350,0.8470,694049559010100,-0.1230,0.4900
590.8330,132.7150,0.8470,694049559012100,-0.1230,0.4900
588.5460,134.4790,0.8470,694049575900800,-0.1230,0.4900
586.7770,135.6460,0.8470,694049575953300,-0.1230,0.4900
585.1610,136.5030,0.8470,694049575955200,-0.1230,0.4900
583.7280,137.1770,0.8470,694049575955800,-0.1230,0.4900
582.1430,137.7740,0.8470,694049575956600,-0.1230,0.4900
580.4350,138.3190,0.8470,694049592753400,-0.1230,0.4900
577.1730,139.0970,0.8470,694049592789300,-0.1230,0.4900
574.7940,139.5900,0.8470,694049608774300,-0.1230,0.4900
572.8730,139.9020,0.8470,694049608803600,-0.1230,0.4900
571.3180,140.0570,0.8470,694049608804800,-0.1230,0.4900
569.6110,140.1090,0.8470,694049608805400,-0.1230,0.4900
568.0250,140.1090,0.8480,694049625693600,-0.1230,0.4900
566.4700,140.0570,0.8480,694049625728100,-0.1230,0.4900
564.9150,139.8500,0.8480,694049625730000,-0.1230,0.4900
563.5430,139.5900,0.8480,694049625730600,-0.1230,0.4900
562.2620,139.2010,0.8480,694049625731200,-0.1230,0.4900
561.0430,138.7340,0.8490,694049641770900,-0.1230,0.4900
560.0370,138.1370,0.8510,694049641803700,-0.1230,0.4900
559.1830,137.4110,0.8530,694049657875800,-0.1230,0.4900
558.4210,136.5550,0.8560,694049657908700,-0.1230,0.4900
557.8410,135.5950,0.8590,694049657910300,-0.1230,0.4900
557.3530,134.4790,0.8620,694049657910900,-0.1230,0.4900
557.0790,133.4670,0.8660,694049674122200,-0.1230,0.4900
556.9870,132.4030,0.8700,694049674227600,-0.1230,0.4900
556.9270,130.8980,0.8750,694049674229200,-0.1230,0.4900
556.9270,129.3680,0.8790,694049690581200,-0.1230,0.4900
557.0790,127.7070,0.8840,694049690679200,-0.1230,0.4900
557.2920,125.9950,0.8880,694049690680700,-0.1230,0.4900
557.4750,124.1780,0.8930,694049690681500,-0.1230,0.4900
557.6890,122.3100,0.8970,694049706722000,-0.1210,0.5070
557.9020,120.4160,0.9010,694049706819300,-0.1210,0.5070
558.1160,118.4440,0.9040,694049723322000,-0.1210,0.5070
558.2680,116.4210,0.9080,694049723385600,-0.1210,0.5070
558.6340,112.5290,0.9120,694049723387500,-0.1210,0.5070
558.7560,109.5970,0.9170,694049723388100,-0.1210,0.5070
558.7560,107.1840,0.9220,694049723388700,-0.1210,0.5070
558.7860,104.9520,0.9260,694049739552300,-0.1210,0.5070
558.6950,101.0090,0.9310,694049739650100,-0.1210,0.5070
558.6950,98.0770,0.9350,694049756571600,-0.1210,0.5070
558.7560,95.7420,0.9390,694049756670000,-0.1210,0.5070
558.7860,93.7180,0.9430,694049756671700,-0.1210,0.5070
558.8470,91.7460,0.9460,694049756672900,-0.1220,0.5240
558.9080,89.7740,0.9490,694049756673500,-0.1220,0.5430
559.0000,87.8540,0.9520,694049773557300,-0.1220,0.5430
559.1220,86.0380,0.9540,694049773656200,-0.1220,0.5430
559.2130,84.3250,0.9560,694049773658000,-0.1220,0.5430
559.3960,82.7430,0.9580,694049773658600,-0.1220,0.5430
559.5490,81.2900,0.9600,694049790461800,-0.1220,0.5430
559.7010,80.1740,0.9630,694049790560000,-0.1220,0.5430
559.8230,79.3180,0.9640,694049806505800,-0.1220,0.5430
559.9760,78.5910,0.9650,694049806616100,-0.1220,0.5430
560.0670,78.0460,0.9600,694049806617900,-0.1220,0.5430
560.1890,77.5790,0.9480,694049806618500,-0.1220,0.5430
560.2810,77.2420,0.9280,694049806619600,-0.1220,0.5430
560.4640,77.0350,0.8990,694049822647100,-0.1220,0.5430
560.5550,76.9310,0.8760,694049822731200,-0.1220,0.5430
561.0430,77.1900,0.5770,694049839413000,-0.1220,0.5430
561.1950,77.2420,0.4810,694049839446500,-0.1220,0.5430
616.5670,153.9120,0.0240,694053260862100,-0.0870,0.5060
616.5060,153.6530,0.1780,694053260929100,-0.0870,0.5060
616.3540,153.4970,0.3350,694053293891800,-0.1050,0.5070
616.6590,153.2900,0.6550,694053344064300,-0.1050,0.5070
617.2680,153.2120,0.6970,694053344159600,-0.1050,0.5070
617.6950,153.2120,0.7160,694053360588800,-0.1050,0.5070
618.1530,153.1600,0.7330,694053360692200,-0.1050,0.5070
618.7320,153.1600,0.7500,694053377396400,-0.1050,0.5070
619.2810,153.1080,0.7650,694053377460000,-0.1050,0.5070
620.1350,153.1080,0.7790,694053377461900,-0.1050,0.5070
620.8360,153.1080,0.7920,694053377469500,-0.1210,0.5070
621.4760,153.1080,0.8030,694053377470200,-0.1210,0.5070
622.3300,153.1600,0.8140,694053393536700,-0.1210,0.5070
623.1840,153.1600,0.8230,694053393639600,-0.1210,0.5070
624.0680,153.1600,0.8320,694053410352700,-0.1210,0.5070
624.9220,153.1600,0.8400,694053410421900,-0.1210,0.5070
625.8360,153.2120,0.8480,694053410423600,-0.1210,0.5070
626.5680,153.2900,0.8540,694053410424200,-0.1210,0.5070
627.3910,153.3420,0.8600,694053410425100,-0.1210,0.5070
628.0620,153.3420,0.8640,694053426428300,-0.1210,0.5070
628.5500,153.3930,0.8650,694053426485400,-0.1210,0.5070
629.0380,153.3930,0.8610,694053442540500,-0.1210,0.5070
629.5260,153.4450,0.8510,694053442634600,-0.1210,0.5070
629.8920,153.4450,0.8320,694053442636400,-0.1210,0.5070
630.1360,153.4970,0.8050,694053442637100,-0.1210,0.5070
630.3490,153.6010,0.7870,694053459553900,-0.1210,0.5070
630.4100,153.6530,0.7490,694053459655100,-0.1210,0.5070
521.8010,131.5470,0.2390,694054068830400,0.0350,0.4900
521.5870,131.1580,0.3590,694054084913800,0.0360,0.5070
521.3430,130.8460,0.4220,694054085012600,0.0360,0.5070
521.1300,130.5350,0.4550,694054085014500,0.0360,0.5070
520.9170,130.1980,0.4740,694054085015200,0.0360,0.5070
520.7340,129.9380,0.4860,694054101583300,0.0360,0.5070
520.5510,129.7310,0.4970,694054101635400,0.0360,0.5070
520.4290,129.5230,0.5090,694054101637000,0.0360,0.5070
520.2760,129.2900,0.5220,694054101637600,0.0360,0.5070
520.1540,129.1340,0.5340,694054101638200,0.0360,0.5070
520.0630,128.9780,0.5570,694054117919100,0.0360,0.5070
520.5510,129.6790,0.6150,694054150952700,0.0360,0.5070
520.7950,130.1980,0.6240,694054151052800,0.0360,0.5070
521.1300,130.7950,0.6330,694054167925600,0.0360,0.5070
521.4960,131.4950,0.6410,694054168003300,0.0360,0.5070
521.8010,132.1700,0.6490,694054168004900,0.0360,0.5070
522.0750,132.9740,0.6570,694054168006100,0.0360,0.5070
522.2890,133.7780,0.6640,694054184720200,0.0360,0.5070
522.5020,134.5830,0.6710,694054184779300,0.0360,0.5070
522.6550,135.4390,0.6780,694054184780900,0.0360,0.5070
522.7760,136.2690,0.6840,694054184781600,0.0360,0.5070
522.7760,137.1250,0.6900,694054201578200,-0.0690,0.5060
522.6550,137.9300,0.6960,694054201660000,-0.0870,0.5060
522.5020,138.7860,0.7020,694054218150600,-0.1050,0.5070
522.1360,139.9020,0.7070,694054218266800,-0.1050,0.5070
521.4960,140.9140,0.7130,694054218268500,-0.1050,0.5070
520.6420,141.7700,0.7170,694054218269400,-0.1050,0.5070
519.6970,142.5740,0.7220,694054218270000,-0.1050,0.5070
518.5690,143.1450,0.7270,694054234458700,-0.1050,0.5070
517.2270,143.7420,0.7310,694054234493900,-0.1050,0.5070
515.7940,144.1050,0.7340,694054251443100,-0.1050,0.5070
514.3000,144.4420,0.7380,694054251507800,-0.1050,0.5070
512.6530,144.6500,0.7410,694054251509200,-0.1050,0.5070
510.8850,144.7530,0.7450,694054251509800,-0.1050,0.5070
509.1170,144.7020,0.7480,694054251510400,-0.1050,0.5070
507.3180,144.5980,0.7500,694054268181500,-0.1050,0.5070
505.5490,144.3380,0.7520,694054268249300,-0.1050,0.5070
503.8110,144.0010,0.7540,694054284363900,-0.1050,0.5070
502.1040,143.5860,0.7560,694054284438000,-0.1050,0.5070
500.4880,143.0410,0.7580,694054284439700,-0.1050,0.5070
498.9630,142.4700,0.7600,694054284440300,-0.1050,0.5070
497.4690,141.7700,0.7620,694054284440900,-0.1050,0.5070
496.1880,141.0690,0.7640,694054300397500,-0.1050,0.5070
494.9690,140.2650,0.7660,694054300482600,-0.1050,0.5070
493.8410,139.4350,0.7690,694054300484000,-0.1050,0.5070
492.7730,138.5780,0.7720,694054300484600,-0.1050,0.5070
491.8590,137.6180,0.7750,694054316429200,-0.1050,0.5070
491.1270,136.6580,0.7790,694054316535300,-0.1050,0.5070
490.4250,135.6980,0.7820,694054332704500,-0.1050,0.5070
489.9070,134.6860,0.7850,694054332789700,-0.1050,0.5070
489.4800,133.7780,0.7870,694054332791200,-0.1050,0.5070
489.0840,132.9740,0.7900,694054332791900,-0.1050,0.5070
488.8400,132.2220,0.7920,694054349394700,-0.1050,0.5070
488.6270,131.4430,0.7950,694054349480300,-0.1050,0.5070
488.4130,130.6390,0.7970,694054349481900,-0.1050,0.5070
488.2000,129.8350,0.7980,694054366078900,-0.1050,0.5070
488.0170,128.9780,0.8000,694054366138900,-0.1050,0.5070
487.8030,128.1740,0.8010,694054366140600,-0.1050,0.5070
487.4370,127.0580,0.8020,694054366141200,-0.1050,0.5070
487.0710,126.1500,0.8030,694054382439500,-0.1050,0.5070
486.4920,125.0860,0.8040,694054382506200,-0.1050,0.5070
485.8520,124.1780,0.8050,694054399371600,-0.1050,0.5070
485.0900,123.2700,0.8060,694054399449000,-0.1050,0.5070
484.1440,122.4920,0.8060,694054399450700,-0.1050,0.5070
483.1380,121.7390,0.8060,694054399451300,-0.1050,0.5070
481.9490,121.0910,0.8060,694054399451800,-0.1050,0.5070
480.7290,120.5200,0.8070,694054416133200,-0.1050,0.5070
479.3570,119.9750,0.8070,694054416218500,-0.1050,0.5070
478.0160,119.5600,0.8070,694054416220000,-0.1050,0.5070
476.6130,119.1710,0.8070,694054416220700,-0.1050,0.5070
475.2410,118.8590,0.8080,694054432769900,-0.1050,0.5070
473.8990,118.5480,0.8080,694054432847200,-0.1050,0.5070
472.5880,118.2630,0.8090,694054449083500,-0.1050,0.5070
471.4600,118.1070,0.8100,694054449394200,-0.1050,0.5070
470.4540,117.9510,0.8110,694054449396500,-0.1050,0.5070
469.6000,117.8480,0.8120,694054449397400,-0.1050,0.5070
468.7460,117.7960,0.8140,694054449398000,-0.1050,0.5070
467.9540,117.6920,0.8160,694054465469500,-0.1050,0.5070
467.1910,117.6400,0.8170,694054465551700,-0.1050,0.5070
466.4600,117.5880,0.8200,694054481469200,-0.1050,0.5070
465.8190,117.5360,0.8230,694054481534000,-0.1050,0.5070
465.2090,117.4840,0.8260,694054481535500,-0.1050,0.5070
464.7830,117.4320,0.8300,694054481536100,-0.1050,0.5070
464.3560,117.3810,0.8350,694054481536600,-0.1050,0.5070
463.9900,117.2510,0.8420,694054497731500,-0.1050,0.5070
463.6850,117.1470,0.8500,694054497813600,-0.1050,0.5070
463.4100,117.0430,0.8590,694054497816700,-0.1050,0.5070
463.2580,116.8360,0.8670,694054497817400,-0.1050,0.5070
463.1970,116.6800,0.8750,694054514240500,-0.1050,0.5070
463.5020,116.0310,0.8910,694054530349800,-0.1050,0.5070
464.2030,115.2270,0.8980,694054530386100,-0.1050,0.5070
465.1790,114.3970,0.9050,694054530387800,-0.1050,0.5070
466.3380,113.5920,0.9110,694054530388400,-0.1050,0.5070
468.8070,111.9320,0.9170,694054547347200,-0.1050,0.5070
470.7590,110.7640,0.9230,694054547433900,-0.1050,0.5070
473.4720,109.2590,0.9290,694054563705200,-0.1050,0.5070
476.1860,107.8840,0.9340,694054563775200,-0.1050,0.5070
478.2290,106.7690,0.9390,694054563777000,-0.1050,0.5070
480.8210,105.3940,0.9440,694054563777700,-0.1050,0.5070
482.8030,104.3040,0.9490,694054563778300,-0.1050,0.5070
484.4490,103.4220,0.9530,694054580337800,-0.1050,0.5070
487.1320,101.9690,0.9570,694054580393200,-0.1050,0.5070
488.9310,100.9570,0.9610,694054580394800,-0.1050,0.5070
490.3340,100.0490,0.9650,694054580395400,-0.1050,0.5070
491.5540,99.2960,0.9680,694054596385800,-0.1050,0.5070
492.7730,98.6220,0.9710,694054596476700,-0.1050,0.5070
493.9010,97.8690,0.9740,694054612504700,-0.1050,0.5070
494.9690,97.1170,0.9780,694054612614100,-0.1050,0.5070
496.0360,96.3640,0.9800,694054612615800,-0.1050,0.5070
496.9810,95.7420,0.9820,694054612616400,-0.1050,0.5070
497.7740,95.1970,0.9840,694054612617000,-0.1050,0.5070
498.4140,94.7820,0.9850,694054628672200,-0.1050,0.5070
498.9930,94.4180,0.9870,694054628772000,-0.1050,0.5070
499.5420,94.0290,0.9890,694054644886500,-0.1050,0.5070
500.0610,93.7180,0.9900,694054644984300,-0.1050,0.5070
500.4880,93.4580,0.9920,694054644985900,-0.1050,0.5070
500.9140,93.2250,0.9920,694054644987200,-0.1050,0.5070
501.2500,93.1210,0.9880,694054644987700,-0.1050,0.5070
501.6160,93.0170,0.9810,694054660911800,-0.1050,0.5070
501.9510,93.0170,0.9690,694054661023800,-0.1050,0.5070
502.2560,93.1730,0.9510,694054677698300,-0.1050,0.5070
502.6220,93.4580,0.9240,694054677810300,-0.1050,0.5070
503.0180,93.9250,0.9050,694054677811900,-0.1050,0.5070
503.2620,94.6260,0.8680,694054677812500,-0.1050,0.5070
503.5370,95.3520,0.7230,694054677813000,-0.1050,0.5070
503.9030,96.5980,0.6030,694054693967700,-0.1050,0.5250
504.1770,97.6100,0.5020,694054694070000,-0.1050,0.5250
522.5020,113.5410,0.2700,694054825060800,-0.1050,0.5250
522.9290,113.5920,0.4070,694054825118600,-0.1220,0.5240
523.2950,113.5920,0.4790,694054825120400,-0.1220,0.5240
523.6300,113.6440,0.5160,694054825121100,-0.1220,0.5240
523.9350,113.6440,0.5360,694054825121700,-0.1220,0.5240
524.1490,113.6960,0.5520,694054841111900,-0.1390,0.5250
524.3320,113.6960,0.5680,694054841210900,-0.1390,0.5250
524.5450,113.7480,0.5850,694054857247900,-0.1390,0.5250
524.7890,113.8000,0.6190,694054857348700,-0.1390,0.5250
524.9720,113.8520,0.6350,694054857350200,-0.1390,0.5250
525.1850,114.0080,0.6650,694054873323300,-0.1390,0.5250
525.3380,114.2670,0.6930,694054890203900,-0.1390,0.5250
525.4290,114.5010,0.7050,694054890234600,-0.1390,0.5250
525.4900,114.7080,0.7170,694054890235700,-0.1390,0.5250
525.5510,115.0190,0.7270,694054890236300,-0.1390,0.5250
525.6120,115.3310,0.7370,694054906458100,-0.1390,0.5250
525.6430,115.7200,0.7460,694054906557200,-0.1390,0.5250
525.6430,116.0830,0.7550,694054906559000,-0.1390,0.5250
525.6430,116.4210,0.7630,694054906559900,-0.1390,0.5250
525.6120,116.8360,0.7690,694054906560500,-0.1390,0.5250
525.5510,117.1990,0.7710,694054922593600,-0.1390,0.5250
525.4290,117.5880,0.7650,694054922676700,-0.1390,0.5250
525.2770,118.0030,0.7480,694054939400100,-0.1390,0.5250
525.1240,118.3920,0.7190,694054939463700,-0.1390,0.5250
524.8500,118.7040,0.6960,694054939465400,-0.1390,0.5250
489.6330,83.7550,0.2370,694055219469600,-0.0870,0.5060
489.7850,83.7030,0.3620,694055219482700,-0.0870,0.5060
490.1210,83.6510,0.4630,694055235327000,-0.0870,0.5060
490.3340,83.7030,0.4920,694055251478300,-0.0870,0.5060
490.4860,83.8060,0.5150,694055251580800,-0.1050,0.5070
490.4860,84.0140,0.5350,694055267441900,-0.1210,0.5070
490.3340,84.3770,0.5700,694055283596100,-0.1210,0.5070
490.2120,84.5590,0.5820,694055283716100,-0.1210,0.5070
489.9990,84.8180,0.5940,694055299926200,-0.1210,0.5070
489.7240,85.1300,0.6060,694055300015000,-0.1210,0.5070
489.2670,85.5710,0.6180,694055316468000,-0.1210,0.5070
488.7790,86.0380,0.6300,694055316564900,-0.1210,0.5070
487.8640,86.7900,0.6410,694055316566800,-0.1210,0.5070
486.9190,87.5950,0.6530,694055316577000,-0.1210,0.5070
485.8520,88.3730,0.6640,694055316577700,-0.1210,0.5070
484.7850,89.2290,0.6740,694055332428600,-0.1210,0.5070
483.5960,90.0340,0.6840,694055332531800,-0.1210,0.5070
482.3760,90.8900,0.6930,694055332533800,-0.1210,0.5070
481.0340,91.7460,0.7010,694055332534300,-0.1210,0.5070
478.6560,93.3290,0.7090,694055349130700,-0.1210,0.5070
476.7960,94.4700,0.7160,694055349223600,-0.1210,0.5070
475.2410,95.3520,0.7230,694055366033300,-0.1210,0.5070
473.8990,96.1050,0.7290,694055366117900,-0.1210,0.5070
472.5880,96.9090,0.7350,694055366119500,-0.1210,0.5070
471.1860,97.6620,0.7420,694055366120100,-0.1210,0.5070
469.8140,98.2320,0.7470,694055366121500,-0.1210,0.5070
468.4720,98.8810,0.7510,694055382837500,-0.1210,0.5070
467.1300,99.6340,0.7510,694055382871500,-0.1210,0.5070
465.9110,100.4900,0.7370,694055399423000,-0.1220,0.5240
464.6910,101.3200,0.7080,694055399476700,-0.1220,0.5240
463.6240,102.1760,0.6830,694055399478400,-0.1220,0.5240
462.6180,103.0840,0.5700,694055399479000,-0.1220,0.5240
461.7640,103.8890,0.4750,694055415545400,-0.1220,0.5240
461.1850,104.5890,0.3950,694055415668400,-0.1050,0.5250
483.4430,143.4300,0.0200,694055648495400,0.0700,0.3840
483.5960,143.3270,0.0530,694055648509000,0.0700,0.3840
483.8090,143.2490,0.0920,694055648510500,0.0700,0.3840
483.9920,143.1450,0.1350,694055648511200,0.0700,0.3840
484.1440,143.0410,0.1780,694055665077400,0.0700,0.3840
484.4190,142.8850,0.2640,694055681554100,0.0700,0.3840
484.5100,142.7820,0.3040,694055681633000,0.0530,0.3850
484.7240,142.6780,0.3760,694055681634800,0.0530,0.3850
484.8460,142.5740,0.4380,694055698490100,0.0350,0.3840
484.1440,142.8330,0.5680,694055715698100,0.0350,0.3840
483.6560,142.9890,0.5910,694055731685000,0.0350,0.3840
483.0160,143.2490,0.6120,694055731803600,0.0350,0.3840
481.8880,143.7420,0.6310,694055731805500,0.0350,0.3840
480.7290,144.2860,0.6490,694055731806000,0.0350,0.3840
479.4490,144.8050,0.6650,694055731806600,0.0350,0.3840
478.1070,145.4020,0.6800,694055747943600,0.0350,0.3840
476.6130,145.9730,0.6930,694055747984900,0.0350,0.3840
475.1190,146.6220,0.7050,694055764338200,0.0350,0.3840
472.1920,147.7890,0.7160,694055764413800,0.0350,0.3840
469.9050,148.5940,0.7260,694055764415600,0.0360,0.4020
467.9840,149.2160,0.7350,694055764416200,0.0350,0.4190
464.7830,150.2280,0.7430,694055780456500,0.0350,0.4190
462.4040,150.9290,0.7500,694055780493900,0.0350,0.4190
458.9890,151.7330,0.7570,694055780495600,0.0350,0.4190
455.5740,152.3820,0.7630,694055780496200,0.0350,0.4190
452.8610,152.8490,0.7690,694055780496800,0.0350,0.4190
449.3850,153.3420,0.7740,694055797050100,0.0350,0.4190
446.6710,153.6530,0.7790,694055797167000,0.0350,0.4190
444.4450,153.8610,0.7830,694055813917600,0.0350,0.4370
442.3720,154.0160,0.7870,694055813961700,0.0350,0.4550
440.2370,154.0680,0.7900,694055813963400,0.0350,0.4550
438.1030,154.0680,0.7930,694055813964000,0.0350,0.4550
435.9680,154.0160,0.7970,694055813964600,0.0350,0.4550
433.9560,153.8610,0.8000,694055830023700,0.0350,0.4550
431.9130,153.7050,0.8020,694055830098100,0.0350,0.4550
430.1140,153.3930,0.8050,694055846402800,0.0350,0.4550
428.4070,153.0040,0.8070,694055846492900,0.0350,0.4550
426.8520,152.5890,0.8100,694055846494600,0.0350,0.4550
425.5710,152.0960,0.8120,694055846495300,0.0350,0.4550
424.4430,151.5770,0.8150,694055862931400,0.0350,0.4550
423.7110,151.0840,0.8180,694055863022800,0.0350,0.4550
423.1320,150.6170,0.8210,694055863024700,0.0350,0.4550
422.7660,150.1760,0.8230,694055879749900,0.0350,0.4550
422.5520,149.7610,0.8250,694055879841800,0.0350,0.4550
422.4910,149.3460,0.8280,694055879843700,0.0350,0.4550
422.5520,148.9570,0.8300,694055879844300,0.0350,0.4550
422.7050,148.5420,0.8310,694055879844800,0.0350,0.4550
423.0710,148.1010,0.8330,694055895871700,0.0350,0.4550
423.5890,147.6340,0.8340,694055895969600,0.0350,0.4550
424.5650,146.9850,0.8360,694055912561400,0.0350,0.4550
425.6320,146.4660,0.8370,694055912659100,0.0350,0.4550
426.7910,146.0250,0.8380,694055912660700,0.0350,0.4550
428.1320,145.7140,0.8390,694055912661300,0.0350,0.4550
429.5040,145.5060,0.8390,694055929279400,0.0350,0.4550
431.0590,145.4020,0.8400,694055929343000,0.0350,0.4550
432.6750,145.4020,0.8400,694055929344500,0.0350,0.4550
434.2610,145.6100,0.8410,694055929345300,0.0180,0.4550
435.8460,145.8690,0.8410,694055945579300,0.0180,0.4550
437.5230,146.3100,0.8410,694055945680400,0.0350,0.4550
439.1090,146.8810,0.8410,694055962562800,0.0350,0.4550
440.6640,147.5820,0.8410,694055962665600,0.0350,0.4550
442.0970,148.3340,0.8410,694055962667100,0.0350,0.4550
443.3780,149.1640,0.8410,694055962667800,0.0350,0.4550
444.5360,150.1240,0.8420,694055962668300,0.0350,0.4550
445.5120,151.1880,0.8420,694055979501300,0.0530,0.4550
446.3050,152.3300,0.8420,694055979612400,0.0530,0.4550
446.9450,153.6010,0.8430,694055996533900,0.0530,0.4550
447.4330,154.9240,0.8450,694055996611900,0.0530,0.4550
447.5860,156.3770,0.8470,694055996613500,0.0530,0.4550
447.4640,157.8560,0.8490,694055996614200,0.0530,0.4550
447.0980,159.4130,0.8510,694056012438300,0.0700,0.4550
446.5180,160.9960,0.8540,694056012532600,0.0700,0.4550
445.0850,163.8760,0.8560,694056012534200,0.0700,0.4550
443.3780,166.4960,0.8590,694056012534900,0.0700,0.4550
441.5180,168.7790,0.8610,694056012535700,0.0700,0.4550
439.4750,170.9070,0.8630,694056028518100,0.0700,0.4550
437.1880,172.8790,0.8650,694056028603800,0.0700,0.4550
434.6270,174.7470,0.8680,694056028606300,0.0700,0.4550
432.0350,176.5110,0.8700,694056044643300,0.0700,0.4550
429.2600,178.0940,0.8720,694056044678300,0.0700,0.4550
426.3330,179.6510,0.8740,694056044679900,0.0700,0.4550
423.2230,181.0260,0.8770,694056044680500,0.0700,0.4550
420.0830,182.2710,0.8790,694056061533100,0.0700,0.4550
416.8810,183.3350,0.8790,694056061566200,0.0880,0.4540
413.6790,184.2430,0.8740,694056078391800,0.0880,0.4540
411.3010,184.8140,0.8650,694056078432200,0.0880,0.4540
409.4720,185.2030,0.8500,694056078434000,0.0880,0.4540
407.9470,185.4110,0.8250,694056078434600,0.1050,0.4550
406.4530,185.4630,0.8070,694056078435200,0.1050,0.4550
405.0500,185.3070,0.7730,694056095304800,0.1060,0.4370
403.7390,185.0220,0.6440,694056095337700,0.1060,0.4370
402.7030,184.4510,0.5370,694056111564400,0.1230,0.4370
401.8180,183.5950,0.4470,694056111664500,0.1230,0.4370
416.9420,124.6710,0.2810,694056244956700,0.0350,0.4370
417.4600,123.5040,0.4240,694056245018900,0.0350,0.4550
418.0090,122.4400,0.5020,694056245022000,0.0360,0.4720
418.4970,121.6360,0.5450,694056245022700,0.0360,0.4720
418.8020,120.9870,0.5690,694056245023800,0.0360,0.4720
419.1370,120.5200,0.5830,694056260855300,0.0360,0.4720
419.3810,120.1310,0.5930,694056260958300,0.0360,0.4720
419.5950,119.8190,0.6000,694056277699100,0.0360,0.4720
419.8690,119.6120,0.6070,694056277778800,0.0360,0.4720
420.0830,119.4560,0.6130,694056277780100,0.0360,0.4720
420.2350,119.3520,0.6190,694056277780700,0.0360,0.4720
420.4180,119.3520,0.6250,694056293885800,0.0360,0.4720
420.6620,119.5600,0.6360,694056310682500,0.0360,0.4720
420.8450,119.8190,0.6410,694056310746900,0.0360,0.4720
420.9970,120.1310,0.6430,694056310748200,0.0360,0.4720
421.0580,120.5200,0.6400,694056310748800,0.0360,0.4720
421.0890,120.9870,0.6260,694056310749300,0.0360,0.4720
421.0580,121.4800,0.6040,694056327158700,0.0360,0.4720
420.9970,121.8950,0.5860,694056327245900,0.0360,0.4720
420.8750,122.3880,0.4880,694056343376200,0.0360,0.4720
420.7840,122.8550,0.4070,694056343439300,0.0360,0.4720
420.6310,123.2180,0.3390,694056343447600,0.0360,0.4720
398.0680,94.1330,0.2680,694056573678700,0.0180,0.4550
398.1290,93.1730,0.4030,694056573821200,0.0180,0.4730
398.1900,92.2130,0.4750,694056573824600,0.0180,0.4900
398.2510,91.3570,0.5150,694056573825300,-0.0350,0.5070
398.2510,90.5780,0.5380,694056590331600,-0.0350,0.5070
398.2810,89.9300,0.5500,694056590382200,-0.0350,0.5070
398.2810,89.3850,0.5580,694056606570000,-0.0350,0.5070
398.3420,88.9700,0.5620,694056606665500,-0.0350,0.5070
398.3420,88.6060,0.5650,694056606667100,-0.0350,0.5070
398.4030,88.2690,0.5660,694056606667600,-0.0350,0.5070
398.4030,88.0100,0.5680,694056606668200,-0.0350,0.5070
398.4640,87.8540,0.5710,694056622900800,-0.0350,0.5070
398.6170,87.6980,0.5810,694056638823200,-0.0350,0.5070
399.1350,88.2170,0.6000,694056638891100,-0.0350,0.5070
399.5320,88.9180,0.6070,694056638892300,-0.0350,0.5070
400.0500,90.2410,0.6140,694056655563000,-0.0350,0.5070
400.5680,91.7980,0.6210,694056655655800,-0.0350,0.5070
401.6050,95.0410,0.6280,694056655657100,-0.0350,0.5070
402.3370,97.5060,0.6360,694056655657600,-0.0350,0.5070
403.2520,100.6450,0.6450,694056671945600,-0.0350,0.5070
403.8920,103.0840,0.6540,694056672016900,-0.0350,0.5070
404.3800,105.2120,0.6640,694056688091700,-0.0350,0.5070
405.0500,108.6890,0.6750,694056688187000,-0.0350,0.5070
405.4770,111.4130,0.6860,694056688188400,-0.0350,0.5070
405.9650,114.9680,0.6970,694056688188900,-0.0350,0.5070
406.2700,117.8480,0.7090,694056688189400,-0.0350,0.5070
406.4840,121.6360,0.7210,694056704219600,-0.0350,0.5070
406.6060,124.6710,0.7320,694056704313300,-0.0350,0.5070
406.6060,127.2660,0.7420,694056720208900,-0.0350,0.5070
406.4530,131.5990,0.7510,694056720289800,-0.0350,0.5070
406.1180,135.8540,0.7600,694056720291200,-0.0350,0.5070
405.3860,141.3550,0.7690,694056720292100,-0.0340,0.4900
404.6850,144.8050,0.7770,694056736388100,-0.0340,0.4900
403.8310,148.3340,0.7860,694056736460300,-0.0340,0.4900
402.7640,151.7850,0.7950,694056736461700,-0.0340,0.4900
400.9950,156.4290,0.8050,694056752566100,-0.0340,0.4900
399.5320,159.4650,0.8140,694056752666000,-0.0340,0.4900
397.1230,163.5640,0.8230,694056752667300,-0.0340,0.4900
395.2020,166.3410,0.8320,694056752667800,-0.0520,0.4900
392.2750,169.8950,0.8410,694056768547000,-0.0520,0.4900
390.2010,172.3080,0.8490,694056768619000,-0.0520,0.4900
388.0670,174.5390,0.8580,694056785070400,-0.0520,0.4900
385.8110,176.5630,0.8650,694056785129500,-0.0520,0.4900
383.5850,178.4310,0.8720,694056785131000,-0.0520,0.4900
381.8770,179.6510,0.8790,694056785131500,-0.0520,0.4900
380.3830,180.5070,0.8850,694056785132100,-0.0520,0.4900
379.1030,181.1300,0.8910,694056802146300,-0.0520,0.4900
377.8830,181.6230,0.8970,694056802238100,-0.0520,0.4900
376.6630,181.9340,0.9020,694056818267600,-0.0520,0.4900
375.5960,182.0900,0.9070,694056818346100,-0.0520,0.4900
374.6200,182.0380,0.9130,694056818347400,-0.0520,0.4900
373.8280,181.9340,0.9180,694056818348200,-0.0520,0.4900
372.5470,181.5190,0.9230,694056834548900,-0.0520,0.4900
371.3880,180.8700,0.9280,694056834623400,-0.0520,0.4900
370.2600,180.0140,0.9320,694056834624700,-0.0520,0.4900
369.1930,178.9500,0.9370,694056834625400,-0.0520,0.4900
368.2480,177.7310,0.9410,694056834626100,-0.0520,0.4900
366.6930,175.1620,0.9450,694056850336000,-0.0520,0.4900
365.8390,173.0860,0.9490,694056850738900,-0.0520,0.4900
365.2600,171.2440,0.9520,694056866891800,-0.0520,0.4900
364.9850,169.4800,0.9550,694056866999400,-0.0520,0.4900
364.8940,167.5600,0.9580,694056867000600,-0.0520,0.4900
364.9240,165.4840,0.9610,694056867001100,-0.0520,0.4900
365.4730,161.6440,0.9630,694056883329200,-0.0520,0.4900
366.3270,158.1160,0.9650,694056883367600,-0.0520,0.4900
367.3940,154.8210,0.9660,694056883368600,-0.0520,0.4900
368.6750,151.8370,0.9650,694056900439900,-0.0520,0.4900
370.1690,149.2160,0.9580,694056900538300,-0.0520,0.4900
371.3270,147.5300,0.9460,694056900539900,0.0350,0.4900
372.3340,146.3620,0.9270,694056900540700,0.0350,0.4900
373.2480,145.5060,0.9120,694056917317900,0.0350,0.4900
373.9500,144.9090,0.8810,694056917417400,0.0350,0.4900
374.4070,144.5460,0.8310,694056917418900,0.0350,0.4900
374.8340,144.2860,0.6920,694056917419400,0.0350,0.4900
375.1080,144.0010,0.5770,694056917419800,0.0350,0.4900
375.2610,143.8450,0.4810,694056933823100,0.0360,0.4720
337.5430,157.2080,0.3220,694057183157200,0.0000,0.3840
337.6960,157.3370,0.4830,694057183204000,0.0000,0.4010
337.8480,157.4410,0.5640,694057183205300,0.0000,0.4190
337.9090,157.5450,0.6040,694057183205900,0.0000,0.4190
338.0310,157.6490,0.6230,694057199840500,0.0000,0.4190
338.1230,157.8560,0.6340,694057216722700,0.0000,0.4190
338.1840,157.9600,0.6350,694057216778100,0.0000,0.4190
338.1840,158.2190,0.6400,694057233637500,0.0000,0.4190
337.9700,158.4010,0.6510,694057233700900,0.0000,0.4190
337.4820,158.6090,0.6630,694057250509500,0.0180,0.4200
337.1160,158.7120,0.6690,694057250574000,0.0350,0.4190
336.6280,158.7640,0.6750,694057250576100,0.0350,0.4190
335.8970,158.8680,0.6810,694057250576700,0.0530,0.4200
335.0430,158.9200,0.6880,694057267397700,0.0710,0.4190
334.1280,158.8680,0.6950,694057267440100,0.0710,0.4190
332.6950,158.7640,0.7030,694057284313600,0.0880,0.4200
331.2620,158.5050,0.7100,694057284382100,0.0880,0.4200
329.8590,158.1680,0.7180,694057284383700,0.0880,0.4200
328.4870,157.8040,0.7260,694057284384300,0.0880,0.4200
327.2070,157.3370,0.7330,694057284384800,0.0880,0.4200
326.0180,156.6890,0.7410,694057301152100,0.0880,0.4200
324.9200,155.9880,0.7490,694057301187400,0.0880,0.4200
323.9140,155.1840,0.7560,694057301188700,0.0880,0.4200
322.9990,154.3540,0.7640,694057301189400,0.0880,0.4200
322.2370,153.3930,0.7710,694057318136200,0.0880,0.4200
321.5960,152.3300,0.7780,694057318171200,0.0880,0.4200
321.0780,151.2660,0.7850,694057334186100,0.0880,0.4200
320.7430,150.0720,0.7920,694057334237100,0.0880,0.4200
320.5290,149.1120,0.7980,694057334238500,0.0880,0.4370
320.4990,148.2820,0.8040,694057334239000,0.0880,0.4540
320.4990,147.5820,0.8090,694057334239600,0.0880,0.4540
320.5900,146.8290,0.8140,694057350640100,0.0880,0.4540
320.8040,146.1290,0.8180,694057350697700,0.0880,0.4540
321.1390,145.5060,0.8220,694057367491100,0.0880,0.4720
321.5050,144.9090,0.8250,694057367538900,0.0880,0.4720
321.9930,144.3900,0.8270,694057367540100,0.0880,0.4720
322.5110,143.8970,0.8300,694057367540600,0.0880,0.4720
323.2120,143.4820,0.8320,694057367541100,0.0880,0.4720
323.9140,143.1970,0.8340,694057384353200,0.0880,0.4720
324.6460,142.9890,0.8360,694057384384000,0.0880,0.4720
325.4380,142.9370,0.8380,694057401274600,0.0880,0.4720
326.2310,142.9370,0.8390,694057401308400,0.0880,0.4720
327.0850,143.1450,0.8410,694057401309700,0.0880,0.4720
328.3350,143.5860,0.8420,694057401310200,0.0880,0.4720
329.4020,144.1570,0.8440,694057418143700,0.0880,0.4720
330.4080,144.9090,0.8450,694057418176100,0.0880,0.4720
331.2620,145.8170,0.8460,694057418177500,0.0880,0.4720
331.9330,146.8290,0.8480,694057435036000,0.0880,0.4720
332.5430,147.8930,0.8490,694057435097100,0.0880,0.4720
332.7870,148.9050,0.8500,694057435098400,0.0880,0.4720
332.9090,149.8650,0.8520,694057435099000,0.0880,0.4720
332.9090,150.7730,0.8530,694057435099500,0.0880,0.4720
332.7560,152.2780,0.8540,694057451916000,0.0880,0.4720
332.2680,153.7050,0.8550,694057451951500,0.0880,0.4720
331.5670,155.1320,0.8570,694057451952800,0.0880,0.4720
329.9200,157.6490,0.8580,694057451953300,0.0880,0.4720
328.4260,159.3090,0.8590,694057468550700,0.0880,0.4720
327.0540,160.5290,0.8600,694057468648200,0.0880,0.4720
324.6460,162.3450,0.8610,694057484571100,0.0880,0.4720
322.6640,163.5120,0.8620,694057484656300,0.0880,0.4720
320.9560,164.3690,0.8630,694057484657600,0.0880,0.4720
319.4320,164.9910,0.8640,694057484658100,0.0880,0.4720
317.7850,165.5880,0.8650,694057484659400,0.0880,0.4720
316.1080,166.0030,0.8660,694057501464300,0.0880,0.4720
314.4620,166.3920,0.8680,694057501562700,0.0880,0.4720
312.8150,166.6520,0.8690,694057517627600,0.0880,0.4720
311.2600,166.8080,0.8710,694057517727200,0.0880,0.4720
309.7660,166.8590,0.8730,694057517728500,0.0880,0.4720
308.4850,166.8080,0.8750,694057517729000,0.0880,0.4720
307.0520,166.6520,0.8780,694057517729500,0.0880,0.4720
305.7720,166.3410,0.8820,694057533560800,0.0880,0.4720
304.6130,165.9510,0.8860,694057533628100,0.0880,0.4720
303.6070,165.4840,0.8910,694057549830800,0.0880,0.4720
302.6310,164.8360,0.8960,694057549938300,0.0880,0.4720
301.7770,164.0830,0.9020,694057549939500,0.0880,0.4720
301.0450,163.2530,0.9080,694057549940000,0.0880,0.4720
300.4050,162.2410,0.9130,694057566261800,0.0880,0.4720
299.8260,161.1510,0.9190,694057566327400,0.0880,0.4720
299.3380,159.9840,0.9240,694057583362700,0.0880,0.4720
298.9720,158.7120,0.9290,694057583456800,0.0880,0.4720
298.5450,157.3370,0.9330,694057583458200,0.0880,0.4720
298.2100,155.7810,0.9380,694057583458700,0.0880,0.4720
297.9350,154.1200,0.9420,694057583459200,0.0880,0.4720
297.6300,152.3300,0.9460,694057599901600,0.0880,0.4720
297.3560,150.5650,0.9500,694057599936200,0.0880,0.4720
297.0820,148.6450,0.9530,694057599937600,0.0880,0.4720
296.7770,146.7770,0.9560,694057599938300,0.0880,0.4720
296.4720,144.8570,0.9590,694057616441000,0.0880,0.4720
295.9230,141.4060,0.9610,694057616529200,0.0880,0.4720
295.4960,138.8900,0.9630,694057616530500,0.0880,0.4720
295.1910,136.9180,0.9650,694057632667700,0.0880,0.4720
294.8560,135.2050,0.9670,694057632746900,0.0880,0.4720
294.5810,133.4670,0.9690,694057632748100,0.0880,0.4720
294.1540,131.7030,0.9700,694057632748600,0.0880,0.4720
293.8500,129.9380,0.9710,694057649460500,0.0880,0.4900
293.3620,128.2260,0.9730,694057649514400,0.0880,0.5060
292.9350,126.5390,0.9740,694057649515800,0.0880,0.5060
292.5080,124.9310,0.9740,694057649516500,0.0880,0.5060
292.0810,123.4000,0.9750,694057649517200,0.0880,0.5060
291.5930,121.8950,0.9760,694057665794000,0.0880,0.5060
291.1660,120.6240,0.9770,694057665874000,0.0880,0.5060
290.8000,119.4040,0.9780,694057682470600,0.0880,0.5060
290.4960,118.3920,0.9780,694057682542100,0.0880,0.5060
290.1600,117.5880,0.9790,694057682543600,0.0880,0.5060
289.9160,116.9390,0.9800,694057682544100,0.0880,0.5060
289.7330,116.4210,0.9810,694057699538100,0.0880,0.5060
289.5200,115.9790,0.9830,694057699622100,0.0880,0.5060
289.4280,115.5640,0.9830,694057716163300,0.0880,0.5060
289.3060,115.2270,0.9800,694057716246500,0.0880,0.5060
289.2150,114.9680,0.9720,694057716248300,0.0880,0.5060
289.1540,114.8120,0.9590,694057716248800,0.0880,0.5060
289.7330,115.8240,0.7000,694057732683000,0.0700,0.5060
290.1600,116.4210,0.5830,694057749345200,0.0540,0.5080
290.6480,116.9390,0.4860,694057749384700,0.0360,0.5070
306.1980,126.4880,0.3360,694057831842400,0.0710,0.4730
306.9610,126.3840,0.5060,694057831912300,0.0710,0.4730
307.5400,126.3320,0.5910,694057831914000,0.0710,0.4730
308.1190,126.3320,0.6340,694057848306900,0.0710,0.4730
308.6680,126.3320,0.6560,694057848388800,0.0710,0.4730
309.1260,126.3320,0.6700,694057848390400,0.0710,0.4730
309.6740,126.3320,0.6830,694057848391000,0.0710,0.4730
310.1930,126.2540,0.6970,694057865265200,0.0710,0.4730
310.9550,126.2020,0.7120,694057865343700,0.0710,0.4730
311.8090,126.1500,0.7270,694057881291200,0.0710,0.4730
312.7240,125.9950,0.7420,694057881328100,0.0710,0.4730
314.1570,125.8390,0.7560,694057881329300,0.0710,0.4730
315.7420,125.6310,0.7690,694057881330000,0.0710,0.4730
317.4500,125.4240,0.7810,694057881330500,0.0710,0.4730
319.3100,125.1900,0.7930,694057898128600,0.0710,0.4730
321.2920,124.9830,0.8030,694057898269600,0.0710,0.4730
323.3040,124.7750,0.8130,694057898271300,0.0710,0.4730
325.2860,124.5680,0.8220,694057898272000,0.0710,0.4730
327.1460,124.4640,0.8290,694057914331000,0.0710,0.4730
328.7920,124.3600,0.8350,694057914365500,0.0710,0.4730
330.0730,124.3600,0.8370,694057930552500,0.0710,0.4730
331.0490,124.4120,0.8350,694057930630700,0.0710,0.4730
331.7190,124.5680,0.8260,694057930632400,0.0710,0.4730
332.1460,124.8270,0.8100,694057930633000,0.0710,0.4730
332.4210,125.1380,0.7840,694057930633700,0.0710,0.4730
332.4210,125.5280,0.7650,694057947467800,0.0710,0.4730
332.2680,125.9430,0.7290,694057947501700,0.0710,0.4730
331.9020,126.5910,0.6070,694057964400100,0.0710,0.4730
331.1100,127.4990,0.5060,694057964495300,0.0710,0.4730
330.0420,128.2260,0.4220,694057964497300,0.0710,0.4730
262.2000,154.5090,0.2590,694058199324600,0.0880,0.4370
262.1390,153.9120,0.3880,694058199381500,0.0880,0.4370
262.1390,153.3420,0.4540,694058199382800,0.0880,0.4370
262.1390,152.7970,0.4870,694058215499200,0.0880,0.4370
262.0780,152.3300,0.5060,694058215611500,0.0880,0.4370
262.0470,151.8370,0.5180,694058231407500,0.0880,0.4370
261.9860,151.3180,0.5290,694058231491300,0.0880,0.4370
261.9860,150.8250,0.5420,694058231492800,0.0880,0.4370
261.9860,150.4100,0.5550,694058231493400,0.0880,0.4370
261.9860,149.9690,0.5700,694058231493900,0.0880,0.4370
262.0470,149.6050,0.5850,694058247616600,0.0880,0.4370
262.0780,149.2940,0.6000,694058247682700,0.0880,0.4370
262.1390,149.0090,0.6130,694058247684200,0.0880,0.4370
262.2610,148.8530,0.6260,694058264487500,0.0880,0.4370
262.3520,148.6970,0.6380,694058264557400,0.0880,0.4370
262.6570,148.6450,0.6590,694058281430000,0.0880,0.4370
263.1450,148.9050,0.6780,694058281498100,0.0880,0.4370
263.4190,149.1640,0.6870,694058281499400,0.0880,0.4370
263.8460,149.6570,0.6950,694058281499900,0.0880,0.4540
264.2120,150.1760,0.7040,694058298292800,0.0880,0.4720
264.5780,150.8770,0.7120,694058298336000,0.0880,0.4900
265.1270,151.9410,0.7210,694058314989900,0.0880,0.5060
265.6150,153.1080,0.7290,694058315081200,0.0880,0.5060
266.0420,154.3540,0.7370,694058315082400,0.0880,0.5060
266.2860,155.6770,0.7440,694058315082900,0.0880,0.5060
266.4990,156.7920,0.7520,694058331852000,0.0880,0.5060
266.5600,157.8560,0.7590,694058331895400,0.0880,0.5060
266.5600,158.7640,0.7660,694058331896700,0.0880,0.5060
266.4690,160.1910,0.7720,694058331897300,0.0880,0.5060
266.1330,161.5920,0.7780,694058348333300,0.0880,0.5060
265.7060,162.9160,0.7840,694058348413700,0.0880,0.5060
265.1270,164.1870,0.7900,694058348415200,0.0880,0.5060
264.4260,165.3810,0.7950,694058364507700,0.0880,0.5060
263.5720,166.4960,0.8010,694058364550900,0.0880,0.5060
262.6270,167.5080,0.8050,694058364552300,0.0880,0.5060
261.6210,168.3640,0.8100,694058364552800,0.0880,0.5060
260.4310,169.1430,0.8140,694058381417800,0.0880,0.5060
259.2730,169.8430,0.8180,694058381478500,0.0880,0.5060
258.0840,170.3360,0.8220,694058381479900,0.1060,0.5070
256.8030,170.7510,0.8260,694058398320700,0.1060,0.5070
255.7360,170.9590,0.8290,694058398361200,0.1060,0.5070
254.7300,171.1150,0.8320,694058398362700,0.1060,0.5070
253.8760,171.1150,0.8360,694058398363300,0.1060,0.5070
252.9610,171.0110,0.8390,694058415317400,0.1060,0.5070
252.1070,170.8030,0.8420,694058415421600,0.1060,0.5070
250.8880,170.4400,0.8450,694058415422900,0.1060,0.5070
249.7290,169.7910,0.8480,694058415423400,0.1060,0.5070
248.7230,169.0390,0.8510,694058415424000,0.1060,0.5070
247.8080,168.1310,0.8540,694058432158200,0.1060,0.5070
247.0150,167.0670,0.8570,694058432230400,0.1060,0.5070
246.3140,165.8990,0.8590,694058449035400,0.1060,0.5070
245.8260,164.6800,0.8620,694058449095700,0.1060,0.5070
245.3990,163.4610,0.8640,694058449096900,0.1060,0.5070
245.1250,162.5010,0.8660,694058449097400,0.1060,0.5070
244.9420,161.6960,0.8680,694058449098000,0.1060,0.5070
244.7590,160.9960,0.8690,694058465949600,0.1060,0.5070
244.6060,160.4770,0.8710,694058466021700,0.1060,0.5070
244.5150,160.0360,0.8720,694058482941800,0.1060,0.5070
244.3930,159.6720,0.8730,694058483043500,0.1060,0.5070
244.3020,159.3090,0.8730,694058483044600,0.1060,0.5070
244.1800,159.0240,0.8730,694058483045200,0.1060,0.5070
244.1190,158.8160,0.8730,694058483045700,0.1060,0.5070
244.0270,158.6610,0.8720,694058498861500,0.1060,0.5070
243.7530,158.6090,0.8710,694058515808900,0.1060,0.5070
243.4780,158.8160,0.8710,694058515889000,0.1060,0.5070
243.0210,159.3090,0.8710,694058515890400,0.1060,0.5070
242.3200,160.1390,0.8700,694058515891000,0.1060,0.5070
241.5570,161.0990,0.8700,694058531831700,0.1060,0.5070
240.8260,162.0590,0.8700,694058531869200,0.1060,0.5070
240.0330,163.0710,0.8700,694058548320000,0.1060,0.5070
239.2400,164.0310,0.8700,694058548393700,0.1060,0.5070
238.4780,164.9910,0.8700,694058548395100,0.1060,0.5070
237.7460,165.9510,0.8690,694058548395600,0.1060,0.5070
236.9840,166.7560,0.8690,694058548396200,0.1060,0.5070
236.2520,167.5600,0.8690,694058564638500,0.1060,0.5070
235.6120,168.1830,0.8700,694058564815700,0.1060,0.5070
235.0020,168.7280,0.8700,694058564818500,0.1060,0.5070
234.4220,169.0910,0.8700,694058564819300,0.1060,0.5070
233.9040,169.4800,0.8710,694058581364100,0.1060,0.5070
233.2640,169.7910,0.8710,694058581424900,0.1060,0.5070
232.6230,170.0510,0.8720,694058598345000,0.1060,0.5070
231.9220,170.2320,0.8730,694058598385100,0.1060,0.5070
231.2210,170.3360,0.8740,694058598386600,0.1060,0.5070
230.5810,170.3360,0.8750,694058598387100,0.1060,0.5070
229.8490,170.2320,0.8770,694058598387700,0.1060,0.5070
229.0870,170.0510,0.8780,694058615375700,0.1060,0.5070
228.3550,169.7910,0.8790,694058615473200,0.1060,0.5070
227.2880,169.3240,0.8810,694058631913100,0.1060,0.5070
226.3420,168.6760,0.8820,694058631992600,0.1060,0.5070
225.4890,167.9230,0.8840,694058631994000,0.1060,0.5070
224.7260,167.0670,0.8850,694058631994500,0.1060,0.5070
224.1470,166.3410,0.8860,694058631995000,0.1060,0.5070
223.6590,165.6920,0.8870,694058648390000,0.1060,0.5070
223.2930,165.0430,0.8880,694058648452900,0.1060,0.5070
222.9580,164.4210,0.8880,694058648454500,0.1060,0.5070
222.6530,163.7720,0.8890,694058648455400,0.1060,0.5070
222.4390,163.3050,0.8890,694058665530900,0.1060,0.5070
222.2260,162.8640,0.8900,694058665589400,0.1060,0.5070
222.0130,162.4490,0.8900,694058665590700,0.1060,0.5070
221.8600,162.1110,0.8900,694058681636500,0.1060,0.5070
221.7080,161.8000,0.8900,694058681691100,0.1060,0.5070
221.5860,161.4890,0.8900,694058681692400,0.1060,0.5070
221.4330,161.2810,0.8890,694058681692900,0.1060,0.5070
221.3110,161.0480,0.8890,694058698831300,0.1060,0.5070
221.2810,160.8920,0.8880,694058698911400,0.1060,0.5070
221.0670,160.6320,0.8850,694058715183000,0.1060,0.5070
220.9450,160.5290,0.8840,694058715493700,0.1060,0.5070
220.4270,160.7880,0.8800,694058731351400,0.1060,0.5070
220.0920,161.0480,0.8800,694058731397200,0.1060,0.5070
219.6040,161.4370,0.8790,694058748102700,0.1060,0.5070
219.0240,161.9040,0.8780,694058748184200,0.1060,0.5070
218.1710,162.7080,0.8770,694058748185800,0.1060,0.5070
217.2250,163.5120,0.8770,694058748186400,0.1220,0.5060
216.2500,164.3170,0.8770,694058765247400,0.1220,0.5060
215.2440,165.0950,0.8760,694058765374900,0.1220,0.5060
214.1760,165.8990,0.8760,694058765376100,0.1220,0.5060
213.1700,166.6520,0.8760,694058765376600,0.1220,0.5060
212.1640,167.4040,0.8760,694058765377100,0.1220,0.5060
211.0360,168.0790,0.8750,694058781666900,0.1220,0.5060
209.9690,168.7280,0.8750,694058781706300,0.1220,0.5060
208.9010,169.3240,0.8760,694058798263600,0.1220,0.5060
207.8950,169.7910,0.8760,694058798343800,0.1220,0.5060
206.9800,170.1550,0.8760,694058798345100,0.1220,0.5060
206.1880,170.4400,0.8760,694058798346000,0.1220,0.5060
205.4860,170.5960,0.8770,694058814352800,0.1220,0.5060
204.8160,170.6990,0.8780,694058814388100,0.1220,0.5060
204.1140,170.7510,0.8790,694058814389400,0.1220,0.5060
203.5350,170.6990,0.8800,694058830607800,0.1220,0.5060
202.7730,170.5440,0.8810,694058830673000,0.1220,0.5060
202.0410,170.3360,0.8820,694058830674300,0.1220,0.5060
200.8520,169.7910,0.8830,694058830674800,0.1220,0.5060
199.9070,169.2210,0.8830,694058846769600,0.1220,0.5060
199.0530,168.4160,0.8840,694058847141000,0.1220,0.5060
198.2910,167.4560,0.8850,694058847163200,0.1220,0.5060
197.6200,166.3410,0.8850,694058847164800,0.1220,0.5060
196.9790,165.1990,0.8850,694058863415100,0.1220,0.5060
196.4310,164.0310,0.8850,694058863483800,0.1220,0.5060
195.8510,162.9160,0.8850,694058863485500,0.1220,0.5060
195.3020,161.7480,0.8850,694058880347100,0.1220,0.5060
194.8450,160.6320,0.8850,694058880384000,0.1220,0.5060
194.3570,159.4650,0.8850,694058880385600,0.1220,0.5060
193.8080,158.3490,0.8840,694058880386200,0.1220,0.5060
193.2900,157.2080,0.8840,694058880386700,0.1220,0.5060
192.7720,156.1440,0.8830,694058897313400,0.1220,0.5060
192.1620,155.1320,0.8830,694058897379400,0.1220,0.5060
191.5220,154.1200,0.8820,694058913344300,0.1220,0.5060
190.8510,153.1080,0.8820,694058913418900,0.1220,0.5060
190.0270,152.2000,0.8810,694058913420600,0.1220,0.5060
189.2350,151.3700,0.8810,694058913421200,0.1220,0.5060
188.4420,150.5140,0.8800,694058913421700,0.1220,0.5060
187.6490,149.7610,0.8800,694058929637500,0.1220,0.5060
186.7950,148.9570,0.8800,694058929737900,0.1220,0.5060
185.9420,148.2820,0.8790,694058945546900,0.1220,0.5060
185.0270,147.6340,0.8790,694058945586600,0.1220,0.5060
184.2950,147.1410,0.8780,694058945588100,0.1220,0.5060
183.5940,146.7770,0.8780,694058945588700,0.1220,0.5060
182.9540,146.4660,0.8770,694058962423200,0.1220,0.5060
182.2520,146.1810,0.8770,694058962489800,0.1220,0.5060
181.5200,146.0250,0.8760,694058962492300,0.1220,0.5060
180.6670,145.9210,0.8750,694058978500100,0.1220,0.5060
179.8740,145.8690,0.8750,694058978605200,0.1220,0.5060
178.9590,145.9210,0.8740,694058978606700,0.1220,0.5060
177.7400,146.2320,0.8740,694058978607300,0.1220,0.5060
176.4890,146.6730,0.8730,694058994678600,0.1220,0.5060
175.3920,147.2440,0.8730,694058994776500,0.1220,0.5060
174.3860,147.9450,0.8720,694058994778000,0.1220,0.5060
173.4710,148.6450,0.8720,694058994778600,0.1220,0.5060
172.7090,149.4500,0.8720,694059010621800,0.1220,0.5060
172.1900,150.1240,0.8720,694059010693300,0.1220,0.5060
171.8240,150.8250,0.8720,694059027517300,0.1220,0.5060
171.6110,151.4740,0.8720,694059027620700,0.1220,0.5060
171.5500,152.0960,0.8720,694059027622300,0.1220,0.5060
171.6110,152.6930,0.8720,694059027622900,0.1220,0.5060
171.8240,153.3930,0.8720,694059044448700,0.1220,0.5060
172.1900,154.0680,0.8720,694059044534800,0.1220,0.5060
172.8910,155.0800,0.8730,694059044536400,0.1220,0.5060
173.7450,155.9880,0.8730,694059044537300,0.1220,0.5060
174.6290,156.7920,0.8730,694059044538600,0.1220,0.5060
175.6660,157.4410,0.8720,694059060557200,0.1220,0.5060
176.6110,158.0640,0.8700,694059060645200,0.1220,0.5060
177.3130,158.5050,0.8680,694059076727700,0.1220,0.5060
177.9530,158.8160,0.8660,694059076797200,0.1220,0.5060
178.4710,159.0760,0.8640,694059076798800,0.1220,0.5060
178.8370,159.3610,0.8620,694059076799700,0.1220,0.5060
179.1120,159.5690,0.8600,694059093638400,0.1220,0.5060
179.3250,159.6720,0.8580,694059093744500,0.1220,0.5060
179.4780,159.8280,0.8560,694059093746000,0.1220,0.5060
178.8980,160.0360,0.8510,694059109603600,0.1220,0.5060
178.1660,160.1390,0.8490,694059109636500,0.1220,0.5060
177.2520,160.2690,0.8470,694059126613300,0.1410,0.5070
175.6970,160.4770,0.8450,694059126688900,0.1580,0.5070
174.0500,160.6320,0.8440,694059126690500,0.1580,0.5070
172.2510,160.8920,0.8430,694059143542100,0.1580,0.5070
170.3300,161.2030,0.8420,694059143656300,0.1750,0.5060
166.7020,161.8000,0.8410,694059143658000,0.1750,0.5060
163.4090,162.5010,0.8400,694059143658700,0.1750,0.5060
160.7860,163.1230,0.8390,694059159645500,0.1750,0.5060
157.5240,163.9790,0.8380,694059159817500,0.1930,0.5070
155.0850,164.6800,0.8380,694059159832700,0.1930,0.5070
152.0050,165.6400,0.8370,694059159833900,0.1930,0.5070
149.7490,166.4440,0.8360,694059176593800,0.1930,0.5070
147.9500,167.0670,0.8360,694059176690800,0.1930,0.5070
146.4560,167.6120,0.8350,694059176692300,0.1930,0.5070
144.9620,168.2610,0.8350,694059193385700,0.1930,0.5070
143.5290,168.8830,0.8350,694059193449000,0.1930,0.5070
142.1260,169.5840,0.8350,694059193450600,0.1930,0.5070
140.8150,170.2840,0.8350,694059193451200,0.1930,0.5070
139.5340,170.9070,0.8350,694059209550400,0.1930,0.5070
138.3450,171.6590,0.8360,694059209649000,0.1930,0.5070
137.2170,172.4120,0.8370,694059225572200,0.1930,0.5070
136.2110,173.2160,0.8380,694059225671900,0.1930,0.5070
135.2050,173.9950,0.8400,694059225673300,0.1930,0.5070
134.2900,174.9030,0.8420,694059225674100,0.1930,0.5070
133.4970,175.8110,0.8440,694059225674600,0.1930,0.5070
132.7040,176.7710,0.8460,694059241684200,0.1930,0.5070
132.0030,177.8350,0.8480,694059241720300,0.1930,0.5070
131.4240,178.9500,0.8490,694059258128800,0.1930,0.5070
130.8440,180.1180,0.8520,694059258233600,0.1930,0.5070
130.3560,181.3630,0.8540,694059258235300,0.1930,0.5070
129.9910,182.7380,0.8560,694059258236000,0.1930,0.5070
129.6550,184.0620,0.8590,694059274106900,0.1930,0.5070
129.4420,185.4630,0.8630,694059274175400,0.1930,0.5070
129.3500,187.0450,0.8660,694059274177100,0.1930,0.5070
129.2890,188.8100,0.8710,694059290339700,0.1930,0.5070
129.3500,190.5740,0.8760,694059290429600,0.1930,0.5070
129.4420,192.4420,0.8820,694059290431100,0.1930,0.5070
129.6250,194.3100,0.8880,694059290431700,0.1930,0.5070
129.8380,196.2300,0.8950,694059306568500,0.1930,0.5070
130.0520,198.1500,0.9020,694059306655700,0.1930,0.5070
130.2650,200.1740,0.9100,694059322765500,0.1930,0.5070
130.4480,202.2500,0.9170,694059322864500,0.1930,0.5070
130.8750,206.0120,0.9250,694059322866100,0.1930,0.5070
131.0880,208.7360,0.9320,694059322866700,0.1930,0.5070
131.2710,210.9680,0.9390,694059322867300,0.1930,0.5070
131.3630,212.8880,0.9470,694059338740900,0.1930,0.5070
131.5150,214.7560,0.9550,694059338811000,0.1930,0.5070
131.6370,216.6760,0.9620,694059338812600,0.1930,0.5070
131.7900,218.4920,0.9690,694059338813200,0.1930,0.5070
131.9420,220.2560,0.9810,694059355551700,0.1930,0.5070
132.0640,221.9430,0.9870,694059355655500,0.1930,0.4900
132.2160,223.5510,0.9920,694059355657600,0.1930,0.4900
132.3690,224.9780,0.9970,694059372575100,0.1930,0.4900
132.5520,226.4310,1.0000,694059372674300,0.1930,0.4900
132.6430,227.8060,1.0000,694059372676000,0.1930,0.4900
132.7960,228.9220,1.0000,694059372676700,0.1930,0.4900
132.8570,229.9340,1.0000,694059388767900,0.1930,0.4900
132.9180,230.8940,1.0000,694059388864700,0.1930,0.4730
132.9790,231.9060,1.0000,694059405521100,0.1930,0.4550
132.9790,232.9180,0.9990,694059405562000,0.1930,0.4550
132.9790,233.9820,0.9870,694059405563200,0.1930,0.4550
132.9790,234.9930,0.9710,694059405564600,0.1930,0.4380
133.0090,236.6020,0.9480,694059405565200,0.1930,0.4200
133.0090,238.1590,0.9320,694059421744000,0.1930,0.4020
133.0700,239.3780,0.9020,694059421832300,0.1920,0.3850
133.2230,240.3900,0.8540,694059438330300,0.1920,0.3670
133.4060,241.2980,0.7120,694059438358300,0.1920,0.3670
133.4970,242.1550,0.5930,694059438359800,0.1930,0.3500
133.6490,242.8290,0.4940,694059438360500,0.1930,0.3320
