679.6720,143.7050,0.0030,13475562686900,0.1580,0.5760
679.8430,143.5590,0.0260,13475562745100,0.1580,0.5760
679.9290,143.2680,0.0940,13475578421900,0.1580,0.5760
680.1430,143.0120,0.1630,13475578457000,0.1580,0.5760
680.2290,142.7930,0.2250,13475595457100,0.1580,0.5760
680.3570,142.5740,0.2800,13475612371100,0.1580,0.5760
680.4430,142.2820,0.3650,13475629417100,0.1580,0.5760
679.6290,142.4280,0.4480,13475646413100,0.1590,0.5950
679.0710,142.6470,0.4670,13475663441800,0.1590,0.5950
678.6430,142.6470,0.4750,13475679855600,0.1590,0.5950
678.4290,142.7200,0.4830,13475679884400,0.1590,0.5950
677.8710,142.8660,0.4900,13475679885300,0.1590,0.5950
677.3570,142.9390,0.4960,13475679885900,0.1590,0.5950
676.9290,143.0120,0.5020,13475679886500,0.1590,0.5950
676.4570,143.1220,0.5080,13475695884900,0.1590,0.5950
676.0290,143.1220,0.5130,13475695913900,0.1590,0.5950
675.5570,143.1220,0.5180,13475695915000,0.1590,0.5950
675.1290,143.1220,0.5220,13475695915600,0.1590,0.5950
674.8280,143.1220,0.5260,13475711979000,0.1590,0.5950
674.3140,143.0120,0.5300,13475712018200,0.1590,0.5950
673.8430,142.9390,0.5330,13475728006100,0.1590,0.5950
673.4140,142.8660,0.5370,13475728034700,0.1590,0.5950
673.0290,142.7930,0.5400,13475728035800,0.1590,0.5950
672.6430,142.7200,0.5440,13475728036300,0.1590,0.5950
672.1290,142.5740,0.5500,13475744980400,0.1590,0.5950
671.8290,142.5010,0.5540,13475745013700,0.1590,0.5950
671.6140,142.4280,0.5570,13475760998000,0.1590,0.5950
671.3140,142.3550,0.5600,13475761030000,0.1590,0.5950
671.0140,142.1360,0.5650,13475761031500,0.1590,0.5950
670.8430,141.9910,0.5680,13475777937500,0.1590,0.5950
670.7570,141.5890,0.5720,13475777982000,0.1590,0.5950
670.8430,141.1510,0.5760,13475794016000,-0.1390,0.5940
671.0570,140.7140,0.5780,13475794053200,-0.0700,0.5940
671.3570,140.4220,0.5790,13475810933900,-0.0520,0.5940
671.6140,140.1660,0.5800,13475810977900,-0.0340,0.5950
671.7430,139.9470,0.5810,13475826988500,-0.0340,0.5950
671.9570,139.7280,0.5820,13475827028800,0.0000,0.5930
672.2140,139.5820,0.5820,13475827029800,0.0000,0.5930
672.5570,139.4370,0.5820,13475827030800,0.0000,0.5930
672.7290,139.3640,0.5820,13475843036000,0.0000,0.5930
673.8430,147.6090,0.3640,13475912303700,0.0000,0.6110
673.6290,147.9740,0.3940,13475912336800,0.0000,0.6280
673.3290,148.3390,0.3690,13475912338600,0.0000,0.6460
672.9430,148.7410,0.3670,13475928215700,0.0000,0.6460
672.6430,149.1780,0.3730,13475928267300,0.0000,0.6460
672.2570,149.5430,0.3780,13475928268700,0.0000,0.6460
671.9140,149.8350,0.3800,13475928269500,0.0000,0.6460
671.4430,150.2370,0.3790,13475945178300,0.0000,0.6460
671.0570,150.6010,0.3820,13475945211000,0.0000,0.6460
670.6290,151.0390,0.3770,13475945214700,0.0000,0.6460
669.9430,151.4770,0.3780,13475962147800,0.0000,0.6460
669.3430,152.0240,0.3770,13475962187500,0.0000,0.6460
668.7430,152.4620,0.3830,13475962188700,0.0000,0.6460
668.1430,153.0090,0.3820,13475962189200,0.0000,0.6460
667.4140,153.4470,0.3820,13475979199500,0.0000,0.6460
666.6430,153.9580,0.3810,13475979245700,0.0000,0.6460
666.0000,154.3590,0.3850,13475996076400,0.0000,0.6460
665.3140,154.7240,0.3810,13475996116900,0.0000,0.6460
664.5000,155.1620,0.3880,13475996118500,0.0000,0.6460
663.6430,155.6000,0.3900,13475996119200,0.0000,0.6460
662.9140,156.0740,0.3900,13475996119800,0.0000,0.6460
662.0140,156.4390,0.3890,13476012087200,0.0000,0.6460
661.2000,156.7310,0.3890,13476012126600,0.0000,0.6460
660.3000,157.0230,0.3910,13476028135100,0.0000,0.6460
659.6140,157.2780,0.3960,13476028178600,0.0000,0.6460
658.9290,157.4970,0.3940,13476028180100,0.0000,0.6460
658.2860,157.6430,0.3930,13476028180800,0.0000,0.6460
657.7290,157.8620,0.3960,13476045134600,0.0000,0.6460
657.0860,157.9350,0.4000,13476045188900,0.0000,0.6460
656.5290,158.0810,0.3990,13476061177600,0.0000,0.6460
655.8860,158.1540,0.4090,13476061212000,0.0000,0.6460
655.3290,158.1540,0.4100,13476061213200,0.0000,0.6460
654.8140,158.1540,0.4210,13476061213800,0.0000,0.6460
654.2140,158.1540,0.4290,13476078154600,0.0000,0.6460
653.7860,158.0810,0.4330,13476078188700,0.0000,0.6460
653.1860,158.0080,0.4340,13476078189700,0.0000,0.6460
652.5860,157.9350,0.4390,13476078190300,0.0000,0.6460
652.0290,157.7890,0.4410,13476078191000,0.0000,0.6460
651.6000,157.5700,0.4450,13476095175500,0.0000,0.6460
651.0860,157.2780,0.4470,13476095208800,0.0000,0.6460
650.6140,156.8770,0.4470,13476112062300,0.0000,0.6460
649.8860,156.3660,0.4490,13476112096900,0.0000,0.6460
649.5000,155.6730,0.4520,13476112098400,0.0000,0.6460
649.0710,154.9430,0.4530,13476112099200,0.0000,0.6460
648.6860,154.1040,0.4550,13476128138300,0.0000,0.6460
648.0860,152.2430,0.4580,13476128175500,0.0000,0.6280
645.4710,132.3220,0.5850,13476162396400,0.0000,0.6280
645.9000,131.1180,0.6850,13476179041200,0.0000,0.6280
646.0710,129.9130,0.7380,13476179063200,0.0000,0.6280
646.3710,128.7090,0.7640,13476179064200,0.0000,0.6280
646.6710,127.4320,0.7780,13476195106300,0.0000,0.6280
646.7140,126.3380,0.7850,13476195147400,0.0000,0.6280
646.7140,125.1340,0.7880,13476195149100,0.0000,0.6280
646.8860,124.0030,0.7910,13476195150300,0.0000,0.6280
646.8000,122.8720,0.7920,13476212030600,0.0000,0.6280
646.9710,121.6680,0.7930,13476212061000,0.0000,0.6280
647.1000,120.5360,0.7940,13476228994800,0.0000,0.6280
647.1000,119.2960,0.7940,13476229046500,0.0000,0.6280
647.2710,117.9460,0.7930,13476229060000,0.0000,0.6280
647.4860,116.0490,0.7930,13476229062300,0.0000,0.6280
647.7860,114.1880,0.7930,13476229064500,0.0000,0.6280
647.9140,112.5460,0.7920,13476245117700,0.0000,0.6280
648.0000,111.0500,0.7920,13476245159400,0.0000,0.6280
648.0000,109.6270,0.7910,13476262023100,0.0000,0.6280
648.1720,107.4380,0.7910,13476262062700,0.0000,0.6280
648.3860,105.2850,0.7900,13476262064600,0.0000,0.6280
648.4710,103.1690,0.7900,13476262065600,0.0000,0.6280
648.4710,101.3080,0.7900,13476262066400,0.0000,0.6280
648.4710,99.7390,0.7900,13476278128000,0.0000,0.6280
648.4710,98.3890,0.7900,13476278150100,0.0000,0.6280
648.5140,97.1120,0.7900,13476295092200,0.0000,0.6280
648.5140,95.9810,0.7900,13476295132600,0.0000,0.6280
648.6000,94.9230,0.7900,13476295134300,0.0000,0.6280
648.6000,94.0470,0.7900,13476295135500,0.0000,0.6280
648.6000,93.2810,0.7890,13476295136600,0.0000,0.6280
648.6860,92.6970,0.7860,13476311120600,0.0000,0.6280
648.7710,92.1500,0.7790,13476311147900,0.0000,0.6280
648.9000,91.7850,0.7680,13476311149700,0.0000,0.6280
648.9860,91.4930,0.7530,13476328132800,0.0000,0.6280
649.1140,91.3470,0.7320,13476328174700,0.0000,0.6280
649.6720,91.4200,0.6490,13476344099300,0.0000,0.6280
650.0140,91.7850,0.5410,13476361154700,0.0000,0.6280
650.4000,92.1500,0.4510,13476361186000,0.0000,0.6280
650.7860,92.5150,0.3750,13476361187000,0.0000,0.6280
663.0430,111.0500,0.0060,13476493840000,0.0000,0.6280
664.1140,110.9040,0.0290,13476493859300,0.0000,0.6280
665.1430,110.6490,0.0580,13476493860900,0.0000,0.6280
666.1290,110.4300,0.0890,13476510555400,0.0000,0.6280
667.2430,110.2110,0.1200,13476510600700,0.0000,0.6280
668.3140,109.9920,0.1490,13476526611800,0.0000,0.6280
670.1140,109.5540,0.1750,13476526640700,0.0000,0.6280
671.4430,109.2260,0.1960,13476526641700,0.0000,0.6280
673.3290,108.8610,0.2100,13476526642200,0.0000,0.6280
675.0430,108.3500,0.2110,13476526642600,0.0000,0.6280
676.8430,107.8760,0.1750,13476542596600,0.0000,0.6280
678.6430,107.2920,0.1460,13476542628700,0.0000,0.6280
680.4430,106.5260,0.1220,13476559553000,0.0000,0.6280
625.0290,137.3930,0.0490,13478335059500,0.1930,0.5410
624.7290,137.1740,0.1490,13478351897800,0.1930,0.5410
624.5570,137.0280,0.2410,13478368900900,0.1930,0.5410
624.1290,137.4660,0.3620,13478402866800,0.1930,0.5410
623.9570,137.7220,0.3820,13478402908800,0.1930,0.5410
623.8710,138.1590,0.4010,13478402910300,0.1930,0.5410
623.6570,138.5970,0.4190,13478402911400,0.1930,0.5600
623.4430,139.0720,0.4370,13478419015900,0.1930,0.5770
623.2710,139.5820,0.4530,13478419039600,0.1920,0.5940
623.1430,140.0930,0.4690,13478419040800,0.1940,0.6120
622.9710,140.7860,0.4830,13478419041700,0.1940,0.6120
622.6710,141.6620,0.4970,13478419042400,0.1940,0.6120
622.3280,142.5010,0.5100,13478435099800,0.1930,0.6290
622.2430,143.2680,0.5210,13478435132700,0.1930,0.6290
621.9430,144.2160,0.5330,13478451098100,0.1930,0.6290
621.6430,145.1280,0.5430,13478451134400,0.1930,0.6460
621.3430,146.0410,0.5530,13478451135400,0.1930,0.6460
620.8710,146.9160,0.5630,13478451136200,0.1930,0.6460
620.5290,147.9010,0.5710,13478468069300,0.1930,0.6460
619.9290,148.8140,0.5790,13478468108800,0.1930,0.6460
619.6290,149.6890,0.5870,13478468110400,0.1930,0.6460
619.0710,150.6010,0.5940,13478484086100,0.1930,0.6460
618.5570,151.4040,0.6010,13478484141400,0.1930,0.6460
617.9570,152.2430,0.6070,13478484142900,0.1930,0.6460
617.3570,153.0090,0.6120,13478484143600,0.1930,0.6460
616.7570,153.7390,0.6170,13478500156600,0.1930,0.6460
616.2430,154.5050,0.6220,13478500207400,0.1930,0.6460
615.6430,155.0890,0.6260,13478516141700,0.1930,0.6460
615.1290,155.6000,0.6300,13478516180900,0.1930,0.6460
614.6140,156.1470,0.6340,13478516182700,0.1930,0.6460
614.0570,156.6580,0.6390,13478516183500,0.1930,0.6460
613.5430,157.0230,0.6420,13478533330000,0.1930,0.6460
613.1140,157.3510,0.6450,13478533540900,0.1930,0.6460
612.5570,157.6430,0.6480,13478533559000,0.1930,0.6460
612.0430,157.9350,0.6500,13478533560800,0.1930,0.6460
611.1430,158.3000,0.6530,13478550693000,0.1930,0.6460
610.3290,158.5550,0.6550,13478550748300,0.1930,0.6460
609.7290,158.7010,0.6570,13478550750900,0.1930,0.6460
609.0430,158.8470,0.6590,13478550751700,0.1930,0.6460
608.4000,158.9930,0.6600,13478567097400,0.1930,0.6460
607.6290,159.0660,0.6620,13478567127800,0.1930,0.6460
606.9000,159.1390,0.6640,13478567129200,0.1930,0.6460
606.1290,159.2120,0.6660,13478567131300,0.1930,0.6460
605.2290,159.2120,0.6680,13478583302100,0.1930,0.6460
604.2000,159.1390,0.6710,13478583345500,0.1930,0.6460
603.0430,159.0660,0.6740,13478599567700,0.1930,0.6460
601.9290,158.8470,0.6770,13478599728700,0.2100,0.6460
600.8140,158.7010,0.6810,13478599735000,0.2100,0.6460
599.7860,158.3730,0.6850,13478599741100,0.2100,0.6460
598.8000,158.0080,0.6900,13478599743700,0.2100,0.6460
597.8140,157.5700,0.6950,13478616508500,0.2100,0.6460
596.4000,156.8040,0.7000,13478616755400,0.2100,0.6460
595.3290,156.0740,0.7060,13478632418000,0.2100,0.6460
594.4290,155.2350,0.7110,13478632469100,0.2110,0.6630
593.3140,154.1770,0.7160,13478632470300,0.2110,0.6630
592.5000,153.2280,0.7210,13478632470800,0.2110,0.6630
591.9000,152.1700,0.7260,13478648424500,0.2110,0.6630
591.1710,150.7470,0.7310,13478648449400,0.2110,0.6630
590.7000,149.3970,0.7350,13478648450400,0.2110,0.6630
590.4000,148.0470,0.7390,13478665464500,0.2110,0.6630
590.1000,146.2590,0.7430,13478665600500,0.2280,0.6640
589.8860,144.6180,0.7470,13478665610300,0.2450,0.6640
589.6720,143.2680,0.7500,13478665611700,0.2450,0.6640
589.6720,141.9910,0.7530,13478682445300,0.2450,0.6640
589.5860,140.6410,0.7560,13478682685500,0.2450,0.6640
589.5860,139.3640,0.7590,13478682705800,0.2450,0.6640
589.6720,138.0140,0.7620,13478682707400,0.2450,0.6640
589.7140,136.7370,0.7650,13478682708700,0.2450,0.6640
589.8000,135.3860,0.7670,13478698405800,0.2450,0.6640
589.8860,134.0360,0.7700,13478698429400,0.2450,0.6640
589.9710,132.7590,0.7720,13478715373300,0.2450,0.6640
590.1000,131.4090,0.7740,13478715464600,0.2450,0.6640
590.1860,130.1320,0.7750,13478715469800,0.2450,0.6640
590.4000,128.7820,0.7770,13478715472100,0.2450,0.6640
590.4860,127.5050,0.7780,13478715473100,0.2450,0.6640
590.7000,126.2280,0.7800,13478731440900,0.2450,0.6640
590.7860,124.9880,0.7810,13478731474200,0.2450,0.6640
590.9140,123.7840,0.7840,13478748344500,0.2450,0.6640
591.1710,122.5070,0.7860,13478748379700,0.2450,0.6640
591.2140,121.2300,0.7890,13478748381100,0.2450,0.6640
591.4710,120.0260,0.7920,13478748382100,0.2450,0.6640
591.6860,118.6760,0.7950,13478764476900,0.2450,0.6640
592.0710,116.8150,0.7970,13478764504600,0.2450,0.6640
592.2860,115.1730,0.7990,13478780696400,0.2450,0.6640
592.5000,113.2760,0.8010,13478780735600,0.2450,0.6640
592.7140,111.6340,0.8030,13478780736800,0.2450,0.6640
593.0140,109.7000,0.8040,13478780737400,0.2450,0.6640
593.1860,108.1310,0.8050,13478780738100,0.2450,0.6640
593.3140,106.7080,0.8060,13478797620700,0.2450,0.6640
593.4000,105.4310,0.8070,13478797672100,0.2450,0.6640
593.4860,104.0810,0.8080,13478814553500,0.2450,0.6640
593.5710,102.8040,0.8090,13478814581200,0.2450,0.6640
593.5710,101.4540,0.8100,13478814583400,0.2450,0.6640
593.5710,100.1040,0.8100,13478814584400,0.2630,0.6640
593.5710,98.8270,0.8110,13478831543000,0.2630,0.6640
593.5710,97.4040,0.8120,13478831581500,0.2630,0.6640
593.5710,96.1270,0.8130,13478831586300,0.2630,0.6640
593.5710,94.8500,0.8130,13478831587500,0.2630,0.6640
593.5710,93.6460,0.8140,13478831588700,0.2630,0.6640
593.5710,92.4420,0.8140,13478848670900,0.2630,0.6640
593.5710,91.4930,0.8150,13478848740400,0.2630,0.6640
593.5710,90.6540,0.8150,13478865548500,0.2630,0.6640
593.5710,89.9240,0.8150,13478865631500,0.2630,0.6640
593.5710,89.2310,0.8130,13478865634400,0.2800,0.6640
593.6140,88.5740,0.8090,13478865649400,0.2800,0.6640
593.6140,87.9540,0.8030,13478881529800,0.2800,0.6640
593.8710,87.4430,0.7920,13478881561600,0.2800,0.6640
594.0000,86.8960,0.7760,13478881562500,0.2800,0.6640
594.1710,86.4580,0.7560,13478897519700,0.2800,0.6640
594.4290,86.1660,0.7290,13478897541600,0.2800,0.6640
594.7290,85.8740,0.7120,13478897542700,0.2800,0.6640
595.2860,85.6550,0.6790,13478897543200,0.2800,0.6640
595.8000,85.4730,0.5660,13478914508800,0.2800,0.6640
596.4000,85.4000,0.4710,13478914538000,0.2800,0.6640
597.0000,85.4000,0.3930,13478914539500,0.2800,0.6640
612.5140,104.6650,0.2340,13479045724400,0.2100,0.6460
612.5570,105.2850,0.3600,13479045761800,0.2100,0.6460
612.5570,105.7230,0.4290,13479045763300,0.2100,0.6460
612.5570,106.1610,0.4710,13479045764600,0.2100,0.6460
612.5140,106.5260,0.4990,13479045765500,0.2100,0.6460
612.4290,106.8540,0.5230,13479062509000,0.2100,0.6460
612.2570,107.1460,0.5430,13479062543900,0.2100,0.6460
612.2140,107.4380,0.5590,13479079129100,0.2100,0.6460
612.1290,107.7300,0.5720,13479079155100,0.2100,0.6460
611.9570,108.0580,0.5830,13479079165200,0.2100,0.6460
611.8290,108.4960,0.5920,13479079165900,0.2100,0.6460
611.6570,108.9340,0.6000,13479095324100,0.2100,0.6460
611.5290,109.4810,0.6070,13479095371800,0.2100,0.6460
611.4430,109.9920,0.6130,13479112299500,0.2100,0.6460
611.3140,110.5760,0.6140,13479112333100,0.2100,0.6460
611.2290,111.1960,0.6050,13479112334100,0.2100,0.6460
611.1430,111.8530,0.5840,13479112334800,0.2100,0.6460
611.0570,112.5460,0.5640,13479112335300,0.2100,0.6460
611.0570,113.2760,0.4700,13479129252700,0.2100,0.6460
611.0140,113.9690,0.3920,13479129282300,0.2100,0.6460
611.0140,114.6990,0.3260,13479129294800,0.2100,0.6460
567.0430,135.0220,0.0370,13479754456800,0.1930,0.5770
566.7430,134.9490,0.1010,13479770484500,0.1930,0.5770
566.5290,134.7300,0.1650,13479770547300,0.1930,0.5770
566.2290,134.4740,0.2550,13479786716300,0.1930,0.5770
565.9710,134.1820,0.3080,13479803707800,0.1930,0.5770
565.9290,133.8910,0.3560,13479820559100,0.1930,0.5770
565.8430,133.5260,0.4000,13479820786200,0.2110,0.5770
565.6720,133.1240,0.4390,13479820809100,0.2110,0.5770
565.6290,132.8320,0.4580,13479836531000,0.2110,0.5770
565.5430,132.2490,0.4910,13479836640500,0.2110,0.5770
565.5430,131.8470,0.5050,13479853555800,0.2110,0.5770
565.6290,131.4820,0.5190,13479853767100,0.2110,0.5770
565.6290,130.9720,0.5330,13479853773800,0.2110,0.5770
565.6720,130.2780,0.5450,13479853775000,0.2110,0.5770
565.7570,129.6950,0.5560,13479870034400,0.2110,0.5770
565.8430,129.0010,0.5670,13479870164500,0.2110,0.5770
565.9290,128.3450,0.5770,13479870172400,0.2110,0.5770
565.9710,127.5780,0.5860,13479870173700,0.2110,0.5770
566.1430,126.9220,0.5950,13479886946400,0.2110,0.5770
566.2290,126.2280,0.6020,13479887001200,0.2100,0.5940
566.3570,125.4990,0.6090,13479903073400,0.2100,0.5940
566.4430,124.8050,0.6150,13479903218500,0.2100,0.5940
566.5710,124.0760,0.6210,13479903221700,0.2100,0.5940
566.6570,123.4920,0.6260,13479903223300,0.2100,0.6110
566.7430,122.8720,0.6300,13479903223800,0.2100,0.6110
566.8290,122.2880,0.6350,13479919983200,0.2100,0.6110
566.8710,121.6680,0.6390,13479920076400,0.2100,0.6110
566.9570,121.0840,0.6420,13479937016900,0.2100,0.6110
567.0430,120.5360,0.6460,13479937156700,0.2100,0.6110
567.0430,120.0260,0.6490,13479937158900,0.2100,0.6110
567.0430,119.5150,0.6520,13479937160500,0.2100,0.6110
567.0430,119.0410,0.6550,13479953933600,0.2100,0.6110
567.1290,118.6760,0.6580,13479954022400,0.2100,0.6110
567.1290,118.2380,0.6600,13479954024500,0.2100,0.6110
567.1720,117.9460,0.6630,13479954025600,0.2100,0.6110
567.1720,117.5450,0.6650,13479954026500,0.2100,0.6110
567.1720,116.8880,0.6710,13479970288300,0.2100,0.6110
567.1720,116.7420,0.6740,13479986546300,0.2100,0.6110
567.1720,116.4140,0.6770,13479986825000,0.2100,0.6110
567.1720,115.9760,0.6820,13479986837500,0.2100,0.6110
567.1720,115.6840,0.6860,13480003314800,0.2100,0.6110
566.9570,115.4650,0.6950,13480035372900,0.2100,0.6110
566.6570,116.1220,0.7020,13480051551500,0.2100,0.6110
566.5290,116.5960,0.7070,13480068579200,0.2100,0.6110
566.4430,116.8880,0.7090,13480068613900,0.2100,0.6110
566.3570,117.1800,0.7110,13480068615400,0.2110,0.6290
566.1430,117.6180,0.7140,13480085516200,0.2110,0.6290
565.9710,118.0920,0.7170,13480085535700,0.2110,0.6290
565.8430,118.6030,0.7210,13480085536600,0.2110,0.6290
565.6720,119.1130,0.7250,13480101589100,0.2110,0.6290
565.5430,119.6610,0.7280,13480101619900,0.2110,0.6290
565.3710,120.1720,0.7320,13480101620800,0.2110,0.6290
565.1570,120.7920,0.7350,13480101621400,0.2110,0.6290
565.0710,121.3760,0.7380,13480101621900,0.2110,0.6290
564.8570,121.8860,0.7420,13480118539700,0.2110,0.6290
564.7710,122.5800,0.7450,13480118563200,0.2110,0.6290
564.7290,123.1640,0.7480,13480134577300,0.2110,0.6290
564.5570,123.7840,0.7510,13480134609100,0.2110,0.6290
564.4290,124.4410,0.7540,13480134610000,0.2110,0.6290
564.2570,125.1340,0.7570,13480134610500,0.2110,0.6290
564.1710,125.7180,0.7590,13480134611000,0.2110,0.6290
564.0430,126.3380,0.7620,13480150718700,0.2110,0.6290
563.9570,126.9220,0.7640,13480150755500,0.2110,0.6290
563.8280,127.5050,0.7670,13480166766200,0.2110,0.6290
563.7430,128.0530,0.7700,13480166799300,0.2110,0.6290
563.5710,128.5630,0.7720,13480166800200,0.2110,0.6290
563.5290,129.1840,0.7740,13480166800700,0.2110,0.6290
563.3570,129.6950,0.7770,13480183807400,0.2110,0.6290
563.2290,130.2780,0.7790,13480183851000,0.2110,0.6290
563.0570,130.8260,0.7810,13480183852500,0.2110,0.6290
562.9710,131.2630,0.7830,13480183856200,0.2110,0.6290
562.8430,131.8470,0.7850,13480199856300,0.2110,0.6290
562.6290,132.3950,0.7860,13480199906000,0.2110,0.6290
562.3710,132.8320,0.7880,13480199908000,0.2110,0.6290
562.3280,133.3070,0.7900,13480215958700,0.2110,0.6290
562.1570,133.6720,0.7910,13480216134800,0.2110,0.6290
561.9430,134.1820,0.7930,13480216165100,0.2110,0.6290
561.8140,134.6200,0.7940,13480216167400,0.2110,0.6290
561.5570,135.0220,0.7950,13480232007300,0.2110,0.6290
561.4290,135.3860,0.7960,13480232083000,0.2110,0.6290
561.2140,135.6050,0.7970,13480247919300,0.2110,0.6290
561.1290,135.8970,0.7990,13480247945400,0.2110,0.6290
560.9570,136.0430,0.8000,13480247948500,0.2110,0.6290
560.8290,136.3720,0.8010,13480247949100,0.2110,0.6290
560.6570,136.5910,0.8020,13480247949600,0.2110,0.6290
560.4430,136.8100,0.8030,13480264034100,0.2110,0.6290
560.3140,136.9550,0.8040,13480264071300,0.2110,0.6290
560.0570,137.1740,0.8050,13480280089300,0.2110,0.6290
559.9290,137.3200,0.8050,13480280124600,0.2110,0.6290
559.7140,137.4660,0.8060,13480280125700,0.2110,0.6290
559.4570,137.6490,0.8070,13480280126500,0.2110,0.6290
559.1570,137.7950,0.8080,13480297000800,0.2110,0.6290
558.9430,137.8680,0.8090,13480297056900,0.2110,0.6290
558.6430,138.0140,0.8090,13480297059700,0.2110,0.6290
558.0430,138.1590,0.8110,13480313009400,0.2110,0.6290
557.6570,138.1590,0.8120,13480313045600,0.2110,0.6290
557.4430,138.2320,0.8130,13480313047000,0.2110,0.6290
556.8430,138.2320,0.8140,13480329019300,0.2110,0.6290
556.5430,138.1590,0.8150,13480346011500,0.2110,0.6290
556.0290,138.0140,0.8160,13480346029000,0.2110,0.6290
555.8140,137.8680,0.8170,13480346030000,0.2110,0.6290
555.2140,137.5760,0.8170,13480362074200,0.2110,0.6290
554.9140,137.3200,0.8180,13480362105600,0.2280,0.6300
554.6570,137.1010,0.8180,13480362106800,0.2280,0.6300
554.3570,136.8820,0.8180,13480362107600,0.2280,0.6300
554.1430,136.7370,0.8180,13480378123700,0.2280,0.6300
553.8000,136.4450,0.8180,13480378162500,0.2280,0.6300
553.5430,136.2260,0.8180,13480378163600,0.2280,0.6300
553.2430,135.9700,0.8180,13480394281900,0.2460,0.6290
553.0290,135.8240,0.8180,13480394319200,0.2460,0.6290
552.8140,135.6780,0.8180,13480394320400,0.2460,0.6290
552.4290,135.3860,0.8180,13480410360000,0.2460,0.6290
552.2140,135.2410,0.8180,13480410395800,0.2460,0.6290
551.8290,135.0950,0.8170,13480426439900,0.2460,0.6290
551.4000,135.1680,0.8180,13480426477600,0.2460,0.6290
550.8430,135.3860,0.8170,13480443352900,0.2460,0.6290
550.5000,135.6780,0.8170,13480443398000,0.2460,0.6290
550.2000,136.0430,0.8170,13480459491900,0.2460,0.6290
549.8140,136.3720,0.8170,13480459535800,0.2460,0.6290
549.3430,136.8100,0.8170,13480459545900,0.2460,0.6290
548.9140,137.4660,0.8170,13480459547100,0.2460,0.6290
548.4000,138.0860,0.8170,13480476467900,0.2460,0.6290
547.8430,138.7430,0.8170,13480476512800,0.2460,0.6470
547.3280,139.4370,0.8170,13480476514600,0.2460,0.6470
546.9430,140.0200,0.8170,13480492512200,0.2450,0.6640
546.6000,140.5680,0.8180,13480492551100,0.2450,0.6640
546.3000,141.0050,0.8180,13480492552600,0.2450,0.6640
546.0000,141.3700,0.8180,13480492553500,0.2450,0.6640
545.6140,141.7720,0.8180,13480509484900,0.2450,0.6640
545.4000,142.1360,0.8180,13480509524600,0.2450,0.6640
545.1000,142.5010,0.8190,13480509526000,0.2450,0.6640
544.8860,142.7930,0.8190,13480509526900,0.2450,0.6640
544.5860,143.0120,0.8200,13480525551300,0.2450,0.6640
544.2860,143.1950,0.8200,13480525587000,0.2450,0.6640
544.0290,143.2680,0.8210,13480525588300,0.2450,0.6640
543.8140,143.4140,0.8220,13480542477800,0.2450,0.6640
543.6000,143.5590,0.8220,13480542513100,0.2450,0.6640
543.0860,143.4870,0.8240,13480542515200,0.2450,0.6640
542.5290,143.4140,0.8240,13480559464800,0.2450,0.6640
542.2290,143.4140,0.8250,13480559520300,0.2450,0.6640
541.9290,143.2680,0.8250,13480575485900,0.2450,0.6640
541.2860,143.2680,0.8250,13480575528600,0.2450,0.6640
540.8140,143.1950,0.8250,13480575530600,0.2450,0.6640
540.5140,143.1950,0.8250,13480591490100,0.2450,0.6640
539.9140,143.1950,0.8250,13480591527100,0.2450,0.6640
539.4000,143.1950,0.8250,13480608470500,0.2450,0.6640
538.8000,143.1950,0.8250,13480608488600,0.2450,0.6640
538.2860,143.1950,0.8250,13480608490000,0.2450,0.6640
537.6000,143.2680,0.8250,13480608490800,0.2450,0.6640
537.0000,143.4870,0.8240,13480608491700,0.2450,0.6640
536.4000,143.6320,0.8240,13480625480900,0.2450,0.6640
535.8000,143.7780,0.8240,13480625542300,0.2450,0.6640
535.2000,143.9240,0.8240,13480642440900,0.2450,0.6640
534.6000,144.2160,0.8240,13480642486000,0.2450,0.6640
533.8710,144.6180,0.8240,13480642487400,0.2450,0.6640
533.1000,145.0550,0.8240,13480642488300,0.2450,0.6640
532.4140,145.3470,0.8240,13480642489000,0.2450,0.6640
531.6860,145.7850,0.8240,13480659434500,0.2450,0.6640
531.0860,146.1860,0.8240,13480659486700,0.2450,0.6640
530.3140,146.6240,0.8240,13480659488300,0.2450,0.6640
529.7140,146.9890,0.8240,13480659489100,0.2450,0.6640
529.2000,147.3910,0.8240,13480676466500,0.2450,0.6640
528.6860,147.6820,0.8250,13480676501800,0.2450,0.6640
528.1720,148.0470,0.8250,13480693419300,0.2450,0.6640
527.6570,148.3390,0.8250,13480693475300,0.2450,0.6640
527.1860,148.6310,0.8250,13480693477500,0.2450,0.6640
526.7570,148.9590,0.8250,13480693478400,0.2450,0.6640
526.2860,149.1780,0.8250,13480693479400,0.2450,0.6640
525.7710,149.3970,0.8250,13480709594100,0.2450,0.6640
525.3860,149.5430,0.8250,13480709623100,0.2450,0.6640
524.9570,149.7620,0.8250,13480726598100,0.2450,0.6640
524.4860,149.9080,0.8260,13480726633500,0.2450,0.6640
524.0570,150.0540,0.8260,13480726634600,0.2450,0.6640
523.6710,150.2370,0.8260,13480726635100,0.2450,0.6640
523.2860,150.2370,0.8260,13480726635700,0.2450,0.6640
522.8570,150.3100,0.8260,13480742693600,0.2450,0.6640
522.5570,150.3100,0.8270,13480742743600,0.2450,0.6640
522.1720,150.3100,0.8270,13480759678700,0.2450,0.6640
521.6570,150.2370,0.8270,13480759790400,0.2450,0.6640
521.1430,150.0540,0.8270,13480759823600,0.2450,0.6640
520.4570,149.9080,0.8270,13480759826000,0.2450,0.6640
519.9430,149.6890,0.8270,13480759826900,0.2450,0.6640
519.3430,149.3970,0.8270,13480775693500,0.2450,0.6640
518.6570,148.8870,0.8270,13480775735400,0.2450,0.6640
517.8860,148.3390,0.8270,13480775736200,0.2450,0.6640
517.2430,147.7550,0.8270,13480775736900,0.2450,0.6640
516.4710,147.0620,0.8270,13480792660800,0.2450,0.6640
515.6570,146.3320,0.8260,13480792713800,0.2450,0.6640
515.0570,145.5660,0.8260,13480809636200,0.2450,0.6640
514.3710,144.7630,0.8260,13480809683000,0.2450,0.6640
513.6860,143.9970,0.8250,13480809684300,0.2450,0.6640
513.0430,143.1950,0.8230,13480809695300,0.2450,0.6640
512.3570,142.4280,0.8220,13480809696100,0.2450,0.6640
511.6710,141.5890,0.8190,13480826631200,0.2450,0.6640
511.0290,140.8590,0.8180,13480826656300,0.2450,0.6640
510.4290,140.1660,0.8160,13480842670900,0.2450,0.6640
509.7430,139.4370,0.8140,13480842717100,0.2450,0.6640
509.2290,138.7430,0.8110,13480842721600,0.2450,0.6640
508.6710,138.1590,0.8090,13480842722500,0.2450,0.6640
508.2430,137.6490,0.8060,13480842723400,0.2450,0.6640
507.7710,137.1740,0.8040,13480859664500,0.2450,0.6640
507.3430,136.8820,0.8020,13480859709400,0.2450,0.6640
506.9570,136.7370,0.8000,13480876722200,0.2450,0.6640
506.4430,136.5910,0.7980,13480876756200,0.2450,0.6640
505.9710,136.5910,0.7960,13480876757200,0.2450,0.6640
505.4570,136.7370,0.7940,13480876758100,0.2450,0.6640
504.8570,136.8820,0.7920,13480893743700,0.2450,0.6640
504.3430,137.1740,0.7900,13480893798300,0.2450,0.6640
503.5290,137.7220,0.7890,13480893800100,0.2450,0.6640
502.7570,138.3050,0.7880,13480893800900,0.2450,0.6640
502.0290,138.9260,0.7870,13480910690300,0.2450,0.6640
501.2570,139.5090,0.7850,13480910715000,0.2450,0.6640
500.7430,140.1660,0.7840,13480910715800,0.2450,0.6640
500.0570,140.7860,0.7840,13480927663500,0.2450,0.6640
499.5430,141.5160,0.7830,13480927698300,0.2450,0.6640
499.1140,142.2090,0.7830,13480927699300,0.2450,0.6640
498.7290,142.7930,0.7820,13480927700000,0.2450,0.6640
498.4290,143.2680,0.7810,13480927700500,0.2450,0.6640
498.2140,143.7780,0.7810,13480944710100,0.2450,0.6640
497.9570,144.2160,0.7800,13480944754200,0.2450,0.6640
497.7430,144.6910,0.7800,13480960751400,0.2450,0.6640
497.6570,145.0550,0.7800,13480960790400,0.2450,0.6640
497.6140,145.3470,0.7800,13480960791600,0.2450,0.6640
497.6140,145.6390,0.7800,13480960792600,0.2450,0.6640
497.6140,146.0410,0.7820,13480977732600,0.2450,0.6640
497.9140,146.1860,0.7840,13480977766100,0.2450,0.6640
498.3430,146.0410,0.7860,13480993804400,0.2450,0.6640
498.8140,145.7850,0.7880,13481010793100,0.2450,0.6640
499.1570,145.4930,0.7890,13481010824800,0.2450,0.6640
499.8430,145.0550,0.7900,13481010825900,0.2450,0.6640
500.6140,144.2890,0.7910,13481010826700,0.2450,0.6640
501.4290,143.7050,0.7900,13481026815300,0.2450,0.6640
502.7140,142.7200,0.7840,13481026860000,0.2450,0.6640
504.2140,141.6620,0.7720,13481026861600,0.2450,0.6640
505.6720,140.5680,0.7530,13481042929200,0.2450,0.6640
507.2570,139.4370,0.7270,13481042969900,0.2450,0.6640
509.0570,138.1590,0.7090,13481042970800,0.2450,0.6640
512.5710,135.6780,0.6770,13481042971500,0.2450,0.6640
514.9710,134.0360,0.5640,13481059834900,0.2450,0.6640
516.8570,132.6140,0.4700,13481059877800,0.2450,0.6640
518.4430,131.2630,0.3920,13481075941100,0.2450,0.6640
550.7140,99.4110,0.0180,13481244129600,0.2800,0.6640
551.1000,98.9730,0.0490,13481244145500,0.2800,0.6640
551.5290,98.5350,0.0850,13481244146900,0.2800,0.6640
552.0430,97.9150,0.1230,13481244150800,0.2800,0.6640
552.7290,97.3310,0.1610,13481260952300,0.2800,0.6640
553.5000,96.7110,0.1980,13481260991100,0.2800,0.6640
554.1430,96.2000,0.2320,13481277959700,0.2800,0.6640
554.9570,95.6160,0.2640,13481277997600,0.2800,0.6640
555.8570,94.9960,0.2930,13481278010200,0.2800,0.6640
556.7570,94.4850,0.3200,13481278011400,0.2800,0.6640
557.6570,93.9380,0.3440,13481278012400,0.2800,0.6640
558.7290,93.5000,0.3660,13481293991800,0.2800,0.6640
560.3140,92.7700,0.3850,13481294027100,0.2800,0.6640
561.5570,92.1500,0.3990,13481311016200,0.2800,0.6640
563.1430,91.6390,0.4060,13481311044200,0.2800,0.6640
564.4290,91.0920,0.4060,13481311045200,0.2800,0.6640
565.3710,90.6540,0.3800,13481311045700,0.2800,0.6640
566.4430,90.3620,0.3170,13481327084700,0.2800,0.6640
567.2570,89.9970,0.2640,13481327134800,0.2800,0.6640
568.1570,89.5230,0.2200,13481327136500,0.2800,0.6640
532.8000,157.5700,0.0160,13481808518500,0.2450,0.6640
532.4140,157.9350,0.0460,13481825298300,0.2450,0.6640
532.0710,158.2270,0.0830,13481825326800,0.2450,0.6640
531.6860,158.6280,0.1220,13481825327700,0.2450,0.6640
531.2140,158.9200,0.1610,13481825328300,0.2450,0.6640
530.9140,159.2850,0.1980,13481841419100,0.2450,0.6640
530.5710,159.6500,0.2330,13481841457700,0.2450,0.6640
530.2710,160.0510,0.2660,13481858407900,0.2450,0.6640
529.9710,160.4160,0.2970,13481858453300,0.2450,0.6640
529.5860,160.7810,0.3260,13481858470500,0.2450,0.6640
529.2860,161.2190,0.3530,13481858471400,0.2450,0.6640
528.9000,161.6930,0.3770,13481858472400,0.2450,0.6640
528.6860,162.0580,0.4000,13481875377200,0.2450,0.6640
528.3860,162.5690,0.4200,13481875429600,0.2450,0.6640
528.0860,163.0430,0.4380,13481875431000,0.2450,0.6640
527.6570,163.4810,0.4550,13481875432000,0.2450,0.6640
527.4000,163.9920,0.4700,13481892183800,0.2450,0.6640
527.1000,164.6120,0.4840,13481892225100,0.2450,0.6640
526.8000,165.1230,0.4970,13481908303300,0.2450,0.6640
526.5000,165.7430,0.5060,13481908343900,0.2450,0.6640
526.2860,166.2540,0.5110,13481908345300,0.2450,0.6640
526.0710,166.8380,0.5080,13481908346400,0.2450,0.6640
525.8570,167.4580,0.4900,13481908347400,0.2450,0.6640
525.6860,167.9690,0.4730,13481925334700,0.2450,0.6640
525.5570,168.5890,0.3940,13481925373800,0.2450,0.6640
525.3860,169.1000,0.3280,13481941331700,0.2450,0.6640
525.1710,169.5380,0.2740,13481941367600,0.2450,0.6640
483.2140,126.4840,0.0210,13482357649500,0.2460,0.5770
483.6000,125.4990,0.0500,13482374432100,0.2460,0.5770
483.9000,124.5130,0.0840,13482374472800,0.2460,0.5770
484.2860,123.4920,0.1170,13482374486900,0.2460,0.5770
484.6290,122.4340,0.1500,13482374488000,0.2460,0.5770
485.0140,121.3030,0.1820,13482374489000,0.2450,0.5950
485.4000,120.1720,0.2110,13482390503100,0.2450,0.5950
486.0860,118.5300,0.2390,13482390528000,0.2450,0.5950
486.5140,117.1070,0.2660,13482407496900,0.2450,0.5950
487.1140,115.5380,0.2910,13482407540500,0.2450,0.5950
487.4140,114.1880,0.3150,13482407542100,0.2450,0.5950
487.8000,112.9110,0.3380,13482407553100,0.2450,0.5950
488.1000,111.7800,0.3590,13482424473600,0.2450,0.5950
488.4860,109.9920,0.3790,13482424495100,0.2450,0.5950
488.8280,108.5690,0.3980,13482424496500,0.2450,0.5950
489.1290,107.2190,0.4150,13482424497300,0.2450,0.5950
489.3000,106.0150,0.4310,13482424498100,0.2450,0.5950
489.6430,104.7380,0.4460,13482441468600,0.2450,0.5950
489.9000,103.5340,0.4600,13482441509400,0.2450,0.5950
490.1140,102.2570,0.4730,13482457696900,0.2450,0.5950
490.3290,100.9800,0.4850,13482457736600,0.2450,0.5950
490.5000,99.8120,0.4960,13482457738600,0.2450,0.5950
490.8000,98.6080,0.5060,13482457739700,0.2450,0.5950
490.9290,97.4770,0.5160,13482474684700,0.2450,0.5950
491.1430,96.2730,0.5250,13482474716500,0.2450,0.5950
491.3140,95.1420,0.5330,13482491662500,0.2620,0.5940
491.5290,94.1200,0.5410,13482491710500,0.2620,0.5940
491.7000,93.0620,0.5480,13482491712100,0.2620,0.5940
491.9140,92.0770,0.5540,13482491713000,0.2810,0.5940
492.0430,91.0190,0.5600,13482491714100,0.2810,0.5940
492.2140,90.2160,0.5650,13482508654800,0.2810,0.5940
492.4290,89.2310,0.5700,13482508680300,0.2810,0.5940
492.6430,88.2460,0.5740,13482508682100,0.2810,0.5940
492.8140,87.4430,0.5780,13482508682800,0.2810,0.5940
492.9430,86.6770,0.5810,13482525660700,0.2810,0.5940
493.1140,85.9470,0.5850,13482525695200,0.2810,0.5940
493.3290,85.2540,0.5880,13482525696500,0.2810,0.5940
493.5000,84.6700,0.5910,13482541789500,0.2810,0.5940
493.5430,83.9040,0.5940,13482541834000,0.2800,0.6120
493.7140,83.3200,0.5960,13482541835800,0.2800,0.6120
493.8000,82.8090,0.5990,13482541836600,0.2800,0.6120
493.9290,82.1890,0.6010,13482557736600,0.2800,0.6120
494.0140,81.6780,0.6030,13482557770800,0.2800,0.6120
494.1000,81.2040,0.6050,13482574740300,0.2800,0.6120
494.1000,80.8390,0.6070,13482574787400,0.2800,0.6120
494.2290,80.5470,0.6090,13482574788900,0.2800,0.6120
494.2290,80.2550,0.6110,13482574789700,0.2800,0.6120
494.3140,79.9270,0.6130,13482574790400,0.2800,0.6120
494.4000,79.4890,0.6150,13482591729000,0.2800,0.6120
494.4000,79.1240,0.6180,13482607746500,0.2800,0.6120
494.2290,80.5470,0.6290,13482656782400,0.2800,0.6120
494.1000,81.1310,0.6320,13482656828300,0.2800,0.6120
494.1000,81.7510,0.6350,13482673755100,0.2800,0.6120
493.9290,82.4810,0.6380,13482673795300,0.2800,0.6120
493.8430,83.5390,0.6410,13482673797000,0.2800,0.6120
493.8000,84.6700,0.6450,13482673800300,0.2800,0.6120
493.6290,85.7280,0.6490,13482690741400,0.2800,0.6120
493.5000,86.9690,0.6530,13482690777700,0.2800,0.6120
493.3290,88.2460,0.6570,13482690789300,0.2800,0.6120
493.2430,89.5230,0.6600,13482690790100,0.2800,0.6120
493.1140,90.8000,0.6650,13482707061800,0.2800,0.6120
492.9430,92.0770,0.6690,13482707096200,0.2800,0.6120
492.9430,93.4270,0.6730,13482707097600,0.2800,0.6120
492.9000,94.8500,0.6770,13482723059600,0.2800,0.6120
492.9000,96.2000,0.6820,13482723085300,0.2800,0.6120
492.8140,97.6230,0.6870,13482723086700,0.2800,0.6120
492.8140,98.9730,0.6920,13482723087600,0.2800,0.6120
492.7290,100.3960,0.6980,13482740037500,0.2800,0.6120
492.6430,101.8190,0.7030,13482740071500,0.2800,0.6120
492.4290,103.8620,0.7080,13482756139200,0.2800,0.6120
492.3430,105.5040,0.7130,13482756181900,0.2800,0.6120
492.2140,107.0000,0.7180,13482756183500,0.2800,0.6120
492.0430,108.2770,0.7220,13482756184500,0.2800,0.6120
491.9140,109.5540,0.7260,13482756185600,0.2800,0.6120
491.8290,110.7220,0.7300,13482772157000,0.2800,0.6120
491.7000,111.9260,0.7330,13482772178400,0.2800,0.6120
491.5290,113.1300,0.7360,13482789126300,0.2800,0.6120
491.4000,114.3340,0.7390,13482789157300,0.2800,0.6120
491.2290,115.4650,0.7420,13482789158900,0.2800,0.6120
491.1430,116.6690,0.7450,13482789159900,0.2800,0.6120
491.0140,117.6910,0.7480,13482789160800,0.2800,0.6120
490.8430,118.8220,0.7500,13482805134700,0.2800,0.6120
490.7140,119.9530,0.7530,13482805161700,0.2800,0.6120
490.5000,121.0110,0.7560,13482822102700,0.2800,0.6120
490.4140,122.1420,0.7580,13482822134800,0.2800,0.6120
490.2430,123.2360,0.7610,13482822136300,0.2800,0.6120
490.1140,124.2950,0.7630,13482822137600,0.2800,0.6120
489.9000,125.4260,0.7660,13482838187900,0.2800,0.6120
489.6430,126.4840,0.7680,13482838215600,0.2800,0.6120
489.4290,127.5780,0.7700,13482838218800,0.2800,0.6120
489.2140,128.7090,0.7720,13482838219700,0.2800,0.6120
488.9140,129.9130,0.7730,13482838220500,0.2800,0.6120
488.6140,131.0450,0.7750,13482854285700,0.2800,0.6120
488.1000,132.8320,0.7770,13482854305600,0.2800,0.6120
487.6290,134.6200,0.7780,13482871261000,0.2800,0.6280
487.0290,136.3720,0.7800,13482871281200,0.2800,0.6460
486.5140,138.0140,0.7810,13482871282400,0.2800,0.6460
485.9140,139.6550,0.7820,13482871283100,0.2800,0.6460
485.4000,140.8590,0.7830,13482887317200,0.2800,0.6460
484.8000,142.5740,0.7850,13482887353600,0.2800,0.6460
484.1140,144.0700,0.7860,13482887358500,0.2800,0.6460
483.6000,145.3470,0.7870,13482904226900,0.2800,0.6460
482.9140,146.9160,0.7870,13482904248200,0.2800,0.6460
482.2290,148.4850,0.7880,13482904249300,0.2800,0.6460
481.5000,149.9080,0.7890,13482904249900,0.2800,0.6460
480.8140,151.3310,0.7900,13482921309100,0.2800,0.6460
480.1710,152.5350,0.7910,13482921360100,0.2800,0.6460
479.5710,153.5930,0.7910,13482921361600,0.2800,0.6460
478.9710,154.5780,0.7920,13482938236900,0.2800,0.6460
478.1140,155.8550,0.7930,13482938272500,0.2800,0.6460
477.1710,157.0230,0.7940,13482938273600,0.2800,0.6460
476.1860,158.0080,0.7950,13482938274400,0.2800,0.6460
475.5000,158.8470,0.7960,13482954269100,0.2800,0.6460
474.3000,159.8690,0.7970,13482954312400,0.2800,0.6460
473.2710,160.6350,0.7980,13482970275100,0.2800,0.6460
471.9000,161.4740,0.7990,13482970299800,0.2800,0.6460
470.4860,162.2040,0.8000,13482970300800,0.2800,0.6460
468.8570,162.8240,0.8010,13482970301600,0.2800,0.6460
467.1000,163.4080,0.8020,13482970302300,0.2800,0.6460
465.1710,163.8460,0.8010,13482987274900,0.2800,0.6460
462.9430,164.3200,0.7980,13482987297500,0.2800,0.6460
460.5430,164.7580,0.7920,13482987298900,0.2800,0.6460
458.0570,165.1230,0.7840,13482987299700,0.2800,0.6460
455.2710,165.4880,0.7720,13483003315400,0.2800,0.6460
450.0430,166.1080,0.7560,13483003336100,0.2800,0.6460
446.1430,166.4730,0.7370,13483019369500,0.2800,0.6460
442.9290,166.7650,0.7120,13483019401200,0.2800,0.6460
440.1430,167.1660,0.6820,13483019404900,0.2800,0.6460
435.0430,167.8230,0.6620,13483019405600,0.2800,0.6460
431.1860,168.3700,0.5520,13483019406100,0.2800,0.6460
428.1000,168.8080,0.4600,13483036296400,0.2800,0.6460
425.3140,169.1000,0.3830,13483036314000,0.2800,0.6460
447.7290,112.5460,0.2050,13483433573000,0.2980,0.6470
447.0430,112.9110,0.2670,13483450431000,0.2980,0.6470
446.6570,113.1300,0.2960,13483450474400,0.2980,0.6470
446.1430,113.4220,0.3230,13483467414200,0.2980,0.6470
445.7570,113.8230,0.3480,13483467463400,0.2980,0.6470
445.4140,114.1880,0.3720,13483467464600,0.2980,0.6470
444.9430,114.6260,0.3930,13483467465200,0.2980,0.6470
444.5570,115.1000,0.4140,13483484423800,0.2980,0.6470
444.2570,115.6110,0.4330,13483484468200,0.2980,0.6470
443.9570,116.0490,0.4500,13483484469700,0.2980,0.6470
443.6570,116.5960,0.4660,13483501389400,0.2980,0.6470
443.5290,117.1070,0.4800,13483501424600,0.2980,0.6470
443.3570,117.6180,0.4930,13483501425600,0.2980,0.6470
443.3570,118.1650,0.5060,13483501426300,0.2980,0.6470
443.4430,118.6760,0.5170,13483518366700,0.2980,0.6470
443.6570,119.2960,0.5280,13483518415400,0.2980,0.6470
444.0430,120.0260,0.5380,13483518417000,0.2980,0.6470
444.5140,120.7190,0.5470,13483535353000,0.2980,0.6470
445.0290,121.3760,0.5560,13483535389100,0.2980,0.6470
445.7570,122.0320,0.5640,13483535390000,0.2980,0.6470
446.4430,122.6530,0.5710,13483535390700,0.2980,0.6470
447.1290,123.3090,0.5770,13483552359800,0.2980,0.6470
447.7290,123.9300,0.5820,13483552392000,0.2980,0.6470
448.4140,124.4410,0.5870,13483552393300,0.2980,0.6470
448.8430,124.9880,0.5920,13483552394100,0.2980,0.6470
449.2710,125.4990,0.5970,13483569364400,0.2980,0.6470
449.5710,125.9370,0.6010,13483569418400,0.2980,0.6470
449.8290,126.4110,0.6040,13483569420200,0.2980,0.6470
450.1290,126.9220,0.6080,13483585348400,0.2980,0.6470
450.1710,127.3590,0.6120,13483585387400,0.2980,0.6470
450.1710,127.8340,0.6150,13483585389600,0.2980,0.6470
450.1710,128.2720,0.6180,13483585390700,0.2980,0.6470
450.0430,128.7820,0.6210,13483602326800,0.2980,0.6470
449.8290,129.3300,0.6240,13483602354900,0.2980,0.6470
449.5710,129.8410,0.6270,13483619311200,0.2980,0.6470
449.3570,130.3510,0.6300,13483619342500,0.2980,0.6470
449.0140,130.8990,0.6330,13483619343700,0.2980,0.6470
448.5430,131.5550,0.6360,13483619344700,0.2980,0.6470
448.1140,132.3220,0.6380,13483619345500,0.2980,0.6470
447.4290,133.0510,0.6370,13483636328400,0.2980,0.6470
446.9140,133.8180,0.6270,13483636375000,0.2980,0.6470
445.9290,135.1680,0.6090,13483653273600,0.2980,0.6470
444.8570,136.4450,0.5830,13483653303500,0.2970,0.6630
443.6140,137.7220,0.5610,13483653305100,0.2970,0.6630
442.3290,139.1450,0.4670,13483653306000,0.2970,0.6630
440.9140,140.2390,0.3890,13483653311800,0.2970,0.6630
439.3290,141.5160,0.3250,13483670298000,0.2970,0.6630
335.5290,132.5410,0.0000,13484411674100,0.2270,0.5940
335.6570,132.3220,0.0480,13484426756300,0.2270,0.5940
335.9140,132.1760,0.1120,13484443730100,0.2450,0.5950
336.0430,131.9570,0.1750,13484443775700,0.2450,0.5950
336.1710,131.7010,0.2350,13484459762300,0.2450,0.5950
336.3430,131.4090,0.2900,13484459815900,0.2450,0.5950
336.4290,131.1900,0.3150,13484459817500,0.2450,0.5950
336.6430,130.7530,0.3620,13484475769600,0.2450,0.5950
336.7710,130.5340,0.3830,13484475800500,0.2450,0.5950
336.9430,130.0590,0.4020,13484492756200,0.2450,0.5950
337.0710,129.6950,0.4200,13484492786900,0.2450,0.6120
337.3290,129.1840,0.4360,13484492799400,0.2450,0.6120
337.4570,128.6360,0.4500,13484492800500,0.2450,0.6120
337.6710,128.1260,0.4640,13484492801300,0.2450,0.6120
337.9290,127.5050,0.4750,13484509824300,0.2450,0.6120
338.0570,126.9950,0.4860,13484509886200,0.2450,0.6120
338.2710,126.4110,0.4960,13484526728500,0.2450,0.6120
338.4430,125.7910,0.5050,13484526784100,0.2450,0.6120
338.5710,125.2070,0.5130,13484526785900,0.2450,0.6120
338.8290,124.5860,0.5200,13484526786700,0.2450,0.6120
338.9570,124.0030,0.5260,13484543718000,0.2450,0.6120
339.1290,123.3820,0.5320,13484543769800,0.2450,0.6120
339.2570,122.7990,0.5370,13484559727800,0.2450,0.6120
339.4290,122.2150,0.5420,13484559771900,0.2450,0.6120
339.4710,121.5220,0.5460,13484559773600,0.2450,0.6120
339.7290,120.9380,0.5500,13484559774300,0.2450,0.6120
339.8570,120.2450,0.5540,13484559775100,0.2450,0.6120
340.0290,119.5880,0.5570,13484576709300,0.2450,0.6120
340.1570,118.8950,0.5600,13484576751200,0.2450,0.6120
340.3290,118.2380,0.5620,13484576752500,0.2450,0.6120
340.5430,117.2530,0.5640,13484593683700,0.2450,0.6120
340.6710,116.4140,0.5660,13484593720900,0.2450,0.6120
340.9290,115.7570,0.5680,13484593722600,0.2450,0.6120
341.0570,115.1000,0.5700,13484593723800,0.2450,0.6120
341.2290,114.4800,0.5710,13484610806900,0.2450,0.6120
341.2710,113.8960,0.5720,13484610974900,0.2450,0.6120
341.4430,113.3490,0.5740,13484627662600,0.2450,0.6120
341.5290,112.9110,0.5750,13484627704100,0.2450,0.6120
341.5710,112.4730,0.5760,13484627705600,0.2450,0.6120
341.6570,112.0720,0.5770,13484627706500,0.2450,0.6120
341.7430,111.7070,0.5780,13484627707300,0.2450,0.6120
341.8290,111.4880,0.5790,13484644682200,0.2450,0.6120
341.8710,111.1960,0.5800,13484644788800,0.2450,0.6120
341.8710,110.7220,0.5820,13484644791400,0.2450,0.6120
341.9570,110.5030,0.5820,13484644792200,0.2450,0.6120
341.9570,110.1380,0.5830,13484661906800,0.2450,0.6120
342.1290,109.8460,0.5840,13484677862700,0.2450,0.6120
341.8710,111.0500,0.5950,13484728875500,0.2450,0.6120
341.8710,111.3420,0.5980,13484745901000,0.2450,0.6120
341.8290,111.6340,0.6000,13484746126700,0.2450,0.6120
341.7430,111.9990,0.6020,13484762813700,0.2450,0.6120
341.6570,112.3270,0.6040,13484762951400,0.2450,0.6120
341.5710,112.9110,0.6070,13484762955700,0.2450,0.6120
341.5290,113.4220,0.6090,13484762960100,0.2450,0.6120
341.4430,113.9690,0.6110,13484762961500,0.2450,0.6120
341.2710,114.4800,0.6140,13484778913300,0.2450,0.6120
341.1430,115.1000,0.6170,13484779143700,0.2450,0.6120
340.9710,115.6840,0.6190,13484795910600,0.2450,0.6120
340.8430,116.2680,0.6220,13484796220600,0.2450,0.6120
340.6710,116.8880,0.6250,13484796231300,0.2450,0.6120
340.4570,117.5450,0.6290,13484796237500,0.2450,0.6120
340.3290,118.1650,0.6320,13484811922400,0.2450,0.6120
340.0710,118.7490,0.6350,13484812112800,0.2450,0.6120
339.8570,119.2960,0.6390,13484812133300,0.2450,0.6120
339.7290,119.9530,0.6420,13484828961800,0.2450,0.6120
339.4710,120.5360,0.6450,13484829304800,0.2450,0.6120
339.3430,121.1570,0.6480,13484829317000,0.2450,0.6120
339.1290,121.6680,0.6510,13484829319500,0.2450,0.6120
338.9570,122.2880,0.6540,13484845847200,0.2450,0.6120
338.7430,122.7990,0.6560,13484846131300,0.2450,0.6120
338.5710,123.3090,0.6590,13484846148500,0.2450,0.6120
338.2710,123.8570,0.6610,13484846150600,0.2450,0.6120
338.2290,124.3680,0.6630,13484846152700,0.2450,0.6120
337.9710,124.8050,0.6650,13484862921800,0.2450,0.6120
337.8430,125.2800,0.6670,13484863046700,0.2450,0.6120
337.6290,125.7180,0.6690,13484879416400,0.2450,0.6120
337.3290,126.1550,0.6710,13484879624200,0.2450,0.6120
337.0710,126.6300,0.6730,13484879631900,0.2450,0.6120
336.7710,127.0680,0.6740,13484879633000,0.2450,0.6120
336.4710,127.5050,0.6760,13484879634500,0.2450,0.6120
336.1710,127.9800,0.6770,13484896312900,0.2450,0.6120
335.8290,128.4180,0.6790,13484896481200,0.2450,0.6120
335.5290,128.8550,0.6800,13484913390400,0.2450,0.6120
335.1430,129.2570,0.6810,13484913593600,0.2450,0.6120
334.7570,129.6220,0.6820,13484913597400,0.2450,0.6120
334.4570,130.0590,0.6830,13484913599000,0.2450,0.6120
334.1140,130.4240,0.6840,13484930320200,0.2450,0.6120
333.8140,130.7530,0.6850,13484930550900,0.2450,0.6120
333.5140,131.1180,0.6860,13484930553500,0.2450,0.6120
333.2140,131.4090,0.6880,13484930554400,0.2450,0.6120
332.9140,131.7010,0.6890,13484930555100,0.2450,0.6120
332.6140,131.9570,0.6900,13484946352100,0.2450,0.6120
332.3140,132.2490,0.6900,13484946507600,0.2450,0.6120
332.0140,132.4680,0.6910,13484963159000,0.2450,0.6120
331.6290,132.7590,0.6920,13484963201500,0.2450,0.6120
331.3290,133.0510,0.6920,13484963203100,0.2450,0.6120
330.9430,133.3070,0.6930,13484963204100,0.2450,0.6120
330.6430,133.4530,0.6930,13484980201500,0.2450,0.6120
330.2570,133.6720,0.6930,13484980281500,0.2450,0.6120
329.9140,133.8910,0.6940,13484997267100,0.2450,0.6120
329.6570,134.0360,0.6940,13484997468000,0.2450,0.6120
329.3570,134.1820,0.6950,13484997473800,0.2450,0.6120
329.0570,134.3280,0.6950,13484997475300,0.2450,0.6120
328.8430,134.4010,0.6950,13484997477500,0.2450,0.6120
328.3290,134.5470,0.6960,13485013162200,0.2450,0.6120
328.1140,134.5470,0.6970,13485013194500,0.2450,0.6120
327.5140,134.5470,0.6980,13485030154500,0.2450,0.6120
327.1290,134.4010,0.6990,13485030205600,0.2450,0.6120
326.8290,134.3280,0.6990,13485046147600,0.2450,0.6120
326.3140,134.1820,0.7000,13485063135100,0.2450,0.6120
326.1430,134.0360,0.7010,13485063168400,0.2450,0.6120
325.9290,133.8910,0.7010,13485063169500,0.2450,0.6120
325.5430,133.6720,0.7020,13485063170300,0.2450,0.6120
325.2000,133.3800,0.7020,13485063170900,0.2450,0.6120
324.9000,133.1240,0.7020,13485080132600,0.2450,0.6120
324.6000,132.7590,0.7020,13485080171300,0.2450,0.6120
324.3000,132.4680,0.7020,13485080172300,0.2450,0.6120
323.9140,132.1030,0.7020,13485080173000,0.2450,0.6120
323.7000,131.7740,0.7020,13485096208000,0.2450,0.6120
323.4000,131.4090,0.7020,13485096245000,0.2450,0.6120
323.1000,131.0450,0.7020,13485113188900,0.2450,0.6120
322.8000,130.8260,0.7020,13485113233500,0.2450,0.6120
322.6290,130.4240,0.7010,13485113235000,0.2450,0.6120
322.3290,130.2050,0.7010,13485113236100,0.2450,0.6120
322.1140,129.9130,0.7010,13485130172100,0.2450,0.6120
321.9430,129.6950,0.7010,13485130201500,0.2450,0.6120
321.5140,129.4030,0.7010,13485146249300,0.2450,0.6120
321.4290,129.2570,0.7000,13485146284400,0.2450,0.6120
321.2140,128.8550,0.7000,13485146286400,0.2450,0.6120
320.9140,128.7820,0.7000,13485163175600,0.2450,0.6120
320.6140,128.7090,0.6990,13485179285500,0.2450,0.6120
320.1000,128.7820,0.6990,13485179341600,0.2450,0.6120
319.7140,129.0010,0.6980,13485196234100,0.2450,0.6120
319.5000,129.1840,0.6980,13485196253300,0.2450,0.6120
319.1140,129.4760,0.6980,13485196254500,0.2450,0.6120
318.9000,129.7680,0.6990,13485196255400,0.2450,0.6120
318.5140,130.0590,0.6990,13485212288000,0.2450,0.6120
318.2140,130.4240,0.6990,13485212321800,0.2450,0.6120
317.8290,130.8990,0.7000,13485229239500,0.2450,0.6120
317.5290,131.2630,0.7010,13485229268500,0.2450,0.6120
317.1860,131.7740,0.7010,13485229270200,0.2450,0.6120
316.8860,132.2490,0.7020,13485229271200,0.2450,0.6120
316.5860,132.7590,0.7030,13485246210600,0.2450,0.6120
316.2860,133.1970,0.7030,13485246252000,0.2450,0.6120
316.0290,133.5990,0.7040,13485262238800,0.2450,0.6120
315.8140,134.0360,0.7050,13485262272400,0.2450,0.6120
315.5140,134.4010,0.7060,13485262273500,0.2450,0.6120
315.3860,134.7300,0.7060,13485262274200,0.2450,0.6120
315.1290,135.0950,0.7070,13485262274700,0.2450,0.6120
314.9140,135.3860,0.7080,13485278283100,0.2450,0.6120
314.7000,135.6050,0.7090,13485278327500,0.2450,0.6120
314.4860,135.8240,0.7100,13485278329500,0.2450,0.6120
314.2290,135.9700,0.7110,13485295272500,0.2450,0.6120
314.0140,136.0430,0.7120,13485295316600,0.2450,0.6120
313.5860,136.2990,0.7140,13485312178300,0.2450,0.6120
313.3290,136.2990,0.7150,13485312212300,0.2450,0.6120
312.8140,136.2990,0.7170,13485312214200,0.2450,0.6120
312.3860,136.0430,0.7190,13485328249300,0.2450,0.6120
312.0860,135.9700,0.7200,13485328284900,0.2450,0.6120
311.5710,135.7510,0.7200,13485344265800,0.2450,0.6120
311.3140,135.6780,0.7200,13485344302900,0.2450,0.6120
311.0140,135.5320,0.7200,13485344303800,0.2450,0.6120
310.7140,135.3860,0.7200,13485344304400,0.2450,0.6120
310.5000,135.2410,0.7200,13485361209700,0.2450,0.6120
309.9000,135.0220,0.7190,13485377282100,0.2450,0.6120
309.5140,134.9490,0.7190,13485377312200,0.2450,0.6120
309.3000,134.8760,0.7180,13485377313200,0.2450,0.6120
308.9140,134.8030,0.7180,13485377313800,0.2450,0.6120
307.8000,134.9490,0.7170,13485394236200,0.2450,0.6120
307.3710,135.0950,0.7160,13485411320400,0.2450,0.6120
306.8140,135.3140,0.7170,13485411374400,0.2450,0.6120
306.3000,135.6050,0.7160,13485411380500,0.2450,0.6120
305.7860,135.8970,0.7160,13485411384500,0.2450,0.6120
305.0140,136.4450,0.7160,13485428174200,0.2450,0.6120
304.5000,136.8820,0.7160,13485428225500,0.2450,0.6120
303.8140,137.3930,0.7150,13485428227400,0.2450,0.6120
303.3000,137.7950,0.7160,13485428228600,0.2450,0.6120
302.8710,138.2320,0.7160,13485444206300,0.2450,0.6120
302.4860,138.5970,0.7160,13485444242000,0.2460,0.6290
302.1000,138.9990,0.7170,13485444243200,0.2460,0.6290
301.7570,139.2910,0.7170,13485461172600,0.2460,0.6290
301.3710,139.6550,0.7170,13485461195200,0.2460,0.6290
300.9860,139.8740,0.7180,13485461196300,0.2460,0.6290
300.7710,140.0930,0.7180,13485461197300,0.2460,0.6290
300.4710,140.3490,0.7190,13485478199000,0.2460,0.6470
299.9570,140.4950,0.7190,13485478235000,0.2460,0.6470
299.1860,140.4220,0.7180,13485494225600,0.2460,0.6470
298.6710,140.1660,0.7160,13485511215300,0.2460,0.6470
298.2000,140.0930,0.7150,13485511323200,0.2460,0.6470
297.7710,139.8740,0.7140,13485511325200,0.2460,0.6470
297.3000,139.5820,0.7130,13485511326200,0.2460,0.6470
296.8710,139.2910,0.7120,13485528181400,0.2460,0.6470
296.4000,139.0720,0.7110,13485528220000,0.2460,0.6470
296.0570,138.8160,0.7110,13485528221000,0.2460,0.6470
295.5860,138.4510,0.7100,13485544335300,0.2460,0.6470
295.1570,138.3050,0.7100,13485544367000,0.2460,0.6470
294.8570,138.0140,0.7090,13485544368100,0.2460,0.6470
294.4710,137.7950,0.7090,13485544368700,0.2460,0.6470
293.9570,137.5760,0.7080,13485561285500,0.2460,0.6470
293.7430,137.3200,0.7070,13485561328800,0.2460,0.6470
293.3570,137.2470,0.7070,13485577423500,0.2460,0.6470
292.9710,137.1010,0.7060,13485577465100,0.2460,0.6470
292.6710,137.1010,0.7050,13485577466800,0.2460,0.6470
292.2860,137.1010,0.7040,13485577468000,0.2460,0.6470
291.7710,137.1010,0.7030,13485593468400,0.2460,0.6470
291.1710,137.2470,0.7020,13485593511500,0.2460,0.6470
290.5710,137.4660,0.7020,13485593512500,0.2460,0.6470
289.9710,137.7220,0.7010,13485610401000,0.2460,0.6470
289.1570,138.1590,0.7000,13485610436700,0.2460,0.6470
288.4710,138.4510,0.7000,13485610438000,0.2460,0.6470
287.7430,138.9990,0.6990,13485610438700,0.2460,0.6470
286.9710,139.5090,0.6990,13485627386500,0.2450,0.6640
286.1570,140.0930,0.6990,13485627413900,0.2450,0.6640
285.4290,140.7140,0.6980,13485627415600,0.2450,0.6640
284.7430,141.2240,0.6980,13485627416600,0.2450,0.6640
284.0570,141.7720,0.6980,13485644433900,0.2450,0.6640
283.3710,142.3550,0.6980,13485644478600,0.2450,0.6640
282.7710,142.8660,0.6980,13485644480300,0.2450,0.6640
282.0430,143.4870,0.6990,13485660478700,0.2450,0.6640
281.5710,143.8510,0.6980,13485660506900,0.2450,0.6640
281.0570,144.2890,0.6980,13485660508100,0.2450,0.6640
280.6290,144.6180,0.6980,13485660508700,0.2450,0.6640
280.0710,144.9820,0.6980,13485676497500,0.2450,0.6640
279.4290,145.4930,0.6970,13485676538100,0.2450,0.6640
278.6140,145.9680,0.6970,13485676539600,0.2450,0.6640
277.7570,146.3320,0.6970,13485692529300,0.2450,0.6640
277.0290,146.7700,0.6970,13485692555100,0.2450,0.6640
276.2140,147.1350,0.6970,13485692556800,0.2450,0.6640
275.3570,147.5360,0.6970,13485692557600,0.2450,0.6640
274.4570,147.8280,0.6970,13485708650400,0.2450,0.6640
273.5570,148.0470,0.6970,13485708709100,0.2450,0.6640
272.7430,148.4850,0.6970,13485725611700,0.2450,0.6640
271.7570,148.7410,0.6970,13485725649500,0.2450,0.6640
270.9000,149.0320,0.6960,13485725651000,0.2450,0.6640
270.0000,149.2510,0.6970,13485725651800,0.2450,0.6640
269.1000,149.4700,0.6960,13485725652500,0.2450,0.6640
268.2000,149.6890,0.6960,13485741659900,0.2450,0.6640
267.3430,149.9080,0.6960,13485741686900,0.2450,0.6640
266.6140,149.9810,0.6960,13485758704900,0.2450,0.6640
265.9290,150.1640,0.6960,13485758736600,0.2450,0.6640
265.2000,150.3100,0.6960,13485758737600,0.2450,0.6640
264.4290,150.3820,0.6960,13485758738500,0.2450,0.6640
263.7430,150.4550,0.6960,13485775599200,0.2450,0.6640
263.1000,150.4550,0.6960,13485775631000,0.2450,0.6640
262.3290,150.4550,0.6960,13485775631900,0.2450,0.6640
261.6860,150.4550,0.6960,13485775632500,0.2450,0.6640
261.0000,150.4550,0.6960,13485775633100,0.2450,0.6640
260.3140,150.4550,0.6960,13485792597900,0.2450,0.6640
259.6290,150.3820,0.6960,13485792628100,0.2450,0.6640
258.9860,150.3100,0.6960,13485809664300,0.2450,0.6640
258.3000,150.2370,0.6950,13485809707400,0.2450,0.6640
257.7000,150.0540,0.6950,13485809708600,0.2450,0.6640
257.0140,149.8350,0.6950,13485809709400,0.2450,0.6640
256.4140,149.6890,0.6950,13485809710000,0.2450,0.6640
255.8140,149.4700,0.6950,13485825725000,0.2450,0.6640
255.2140,149.1780,0.6950,13485825790300,0.2450,0.6640
254.7000,148.9590,0.6950,13485842688300,0.2450,0.6640
254.1860,148.6310,0.6950,13485842724300,0.2450,0.6640
253.5000,148.1930,0.6950,13485842725700,0.2450,0.6640
252.9000,147.6090,0.6960,13485842726600,0.2450,0.6640
252.3860,147.1350,0.6960,13485858732700,0.2450,0.6640
251.8710,146.4050,0.6970,13485858773000,0.2450,0.6640
251.4000,145.5660,0.6980,13485858774200,0.2630,0.6640
250.9710,144.7630,0.6980,13485875724000,0.2800,0.6640
250.6710,143.8510,0.6990,13485875764600,0.2800,0.6640
250.3710,142.9390,0.7010,13485875765700,0.2970,0.6630
250.1140,141.9180,0.7020,13485875766300,0.2970,0.6630
249.9860,140.8590,0.7030,13485892708100,0.2970,0.6630
249.8140,139.8740,0.7040,13485892748100,0.2970,0.6630
249.6860,138.8160,0.7050,13485892749700,0.2970,0.6630
249.6000,137.9410,0.7070,13485892750900,0.2970,0.6630
249.4710,136.8820,0.7080,13485908749900,0.2970,0.6630
249.4710,135.9700,0.7100,13485908802300,0.2970,0.6630
249.3860,135.1680,0.7120,13485924823700,0.2970,0.6630
249.3000,134.3280,0.7140,13485924851600,0.2970,0.6630
249.3000,133.5990,0.7160,13485924853300,0.2970,0.6630
249.3000,132.7590,0.7180,13485924854100,0.2970,0.6630
249.3000,132.0300,0.7200,13485924854800,0.2970,0.6630
249.3860,131.1180,0.7210,13485941762300,0.2970,0.6630
249.3860,130.0590,0.7230,13485941782200,0.2970,0.6630
249.4710,128.8550,0.7240,13485958783600,0.2970,0.6630
249.6000,127.7610,0.7250,13485958806000,0.2970,0.6630
249.7710,126.4840,0.7270,13485958807500,0.2970,0.6630
249.8140,125.4260,0.7280,13485958808200,0.2970,0.6630
249.9860,124.0760,0.7290,13485974906100,0.2970,0.6630
250.0710,122.9450,0.7300,13485974944300,0.2970,0.6630
250.2000,121.6680,0.7310,13485974945800,0.2970,0.6630
250.2860,120.4640,0.7310,13485974946500,0.2970,0.6630
250.3710,119.1130,0.7320,13485974947300,0.2970,0.6630
250.3710,117.9460,0.7320,13485991902100,0.2970,0.6630
250.4140,116.6690,0.7330,13485991953200,0.2970,0.6630
250.3710,115.3920,0.7330,13486007934200,0.2970,0.6630
250.3710,114.1150,0.7330,13486007968400,0.2970,0.6630
250.2860,112.9110,0.7340,13486007970000,0.2970,0.6630
250.1140,111.6340,0.7340,13486007970800,0.2970,0.6630
250.0710,110.4300,0.7350,13486007971500,0.2970,0.6630
249.8140,109.2260,0.7350,13486024109900,0.2970,0.6630
249.7710,107.9490,0.7360,13486024144900,0.3150,0.6640
249.6000,106.8540,0.7360,13486041076400,0.3150,0.6640
249.5140,105.5770,0.7370,13486041104600,0.3150,0.6640
249.6000,104.2270,0.7370,13486041106200,0.3150,0.6640
249.6000,102.8040,0.7340,13486041107100,0.3150,0.6640
249.9860,100.7610,0.7280,13486057096400,0.3150,0.6640
250.5000,98.6810,0.7160,13486057132000,0.3150,0.6640
251.2710,96.4920,0.6960,13486057133600,0.3320,0.6630
252.2140,94.3390,0.6670,13486057134500,0.3320,0.6630
254.1860,90.3620,0.6420,13486073280200,0.3320,0.6630
256.4140,86.3120,0.5350,13486073326200,0.3320,0.6630
258.4290,82.0430,0.4460,13486073328300,0.3320,0.6630
260.3140,77.4090,0.3710,13486090227200,0.3330,0.6470
