668.5290,128.0530,0.0170,13418892185100,0.0000,0.3840
668.9140,128.2720,0.2630,13418921496000,0.0000,0.3840
668.8280,128.6360,0.3510,13418938443800,0.0000,0.3840
668.5290,129.3300,0.4410,13418954458900,0.0000,0.3840
668.5290,129.5490,0.4600,13418954546600,0.0000,0.3840
668.3140,129.9130,0.4930,13418970598100,0.0000,0.3840
668.0570,130.2780,0.5220,13418970675500,0.0000,0.3840
667.8430,130.5340,0.5350,13418986679200,0.0000,0.3840
667.7570,130.7530,0.5480,13418986752500,0.0000,0.3840
667.5430,130.9720,0.5590,13419003515500,0.0000,0.3840
667.1570,131.2630,0.5700,13419003567300,0.0000,0.3840
666.8140,131.5550,0.5810,13419003572500,0.0000,0.3840
666.3430,131.8470,0.5910,13419003580300,0.0000,0.3840
665.9140,132.2490,0.6010,13419003583000,0.0000,0.3840
665.4000,132.4680,0.6100,13419020485000,0.0000,0.3840
664.8430,132.8320,0.6190,13419020543400,0.0000,0.3840
664.2430,133.0510,0.6270,13419037500500,0.0000,0.3840
663.8140,133.3070,0.6350,13419037541900,0.0000,0.3840
663.3430,133.5260,0.6440,13419037547100,0.0000,0.3840
662.9140,133.5990,0.6510,13419037566500,0.0000,0.3840
662.4000,133.6720,0.6580,13419054568500,0.0000,0.3840
661.5000,133.6720,0.6710,13419054637100,0.0000,0.3840
661.1140,133.6720,0.6770,13419071477600,0.0000,0.3840
660.2140,133.6720,0.6880,13419071535600,0.0000,0.3840
659.9140,133.4530,0.6930,13419088490700,0.0000,0.3840
659.4430,133.3070,0.6980,13419088548600,0.0000,0.3840
659.0140,133.0510,0.7030,13419088556700,0.0000,0.3840
658.6290,132.8320,0.7090,13419088561300,0.0000,0.3840
658.2860,132.6140,0.7140,13419088565100,0.0000,0.3840
657.9000,132.3950,0.7200,13419104567100,0.0000,0.3840
657.5140,132.1030,0.7260,13419104623700,0.0000,0.3840
657.3000,131.8470,0.7320,13419104631800,0.0000,0.3840
657.0000,131.5550,0.7370,13419120595800,0.0000,0.3840
656.6140,131.2630,0.7430,13419120662400,0.0000,0.3840
656.4000,130.9720,0.7470,13419120672700,0.0000,0.3840
656.2290,130.6800,0.7520,13419137480700,0.0000,0.3840
656.1000,130.1320,0.7590,13419137560500,0.0000,0.3840
656.1000,129.8410,0.7620,13419137570500,0.0000,0.3840
656.1860,129.3300,0.7670,13419154475100,0.0000,0.3840
656.4000,128.8550,0.7700,13419154540400,0.0000,0.3840
656.5290,128.5630,0.7720,13419154548700,0.0000,0.3840
656.7860,128.1260,0.7740,13419170472800,0.0000,0.3840
657.0860,127.7610,0.7760,13419170511900,0.0000,0.3840
657.3860,127.4320,0.7770,13419170517200,0.0000,0.3840
657.7290,127.0680,0.7790,13419170520400,0.0000,0.3840
658.1140,126.7760,0.7800,13419187473100,0.0000,0.4010
658.5000,126.4840,0.7810,13419187555000,0.0000,0.4010
658.7140,126.3380,0.7820,13419203587200,0.0000,0.4190
659.1000,126.1550,0.7820,13419203655600,0.0000,0.4190
659.3140,126.0820,0.7820,13419203663500,0.0000,0.4190
659.6140,126.0100,0.7830,13419203668500,0.0000,0.4190
660.0000,126.0100,0.7830,13419220547900,0.0000,0.4190
660.4290,126.1550,0.7840,13419236559200,0.0000,0.4190
660.6430,126.2280,0.7840,13419236650200,0.0000,0.4190
660.9430,126.4110,0.7840,13419236658600,0.0000,0.4190
661.2000,126.4840,0.7850,13419236661400,0.0000,0.4190
661.5000,126.7030,0.7850,13419236663800,0.0000,0.4190
661.7140,126.8490,0.7850,13419253521700,0.0000,0.4190
662.1000,127.1410,0.7850,13419253564500,0.0000,0.4190
662.5290,127.3590,0.7860,13419269612800,0.0000,0.4190
662.8290,127.5780,0.7860,13419269667800,0.0000,0.4190
663.0430,127.8340,0.7860,13419269673300,0.0000,0.4190
663.5140,128.0530,0.7860,13419269676000,0.0000,0.4190
663.8140,128.3450,0.7860,13419269678700,0.0000,0.4190
664.2000,128.5630,0.7860,13419286632000,0.0000,0.4190
664.4140,128.8550,0.7860,13419286684100,0.0000,0.4190
664.6290,129.1110,0.7860,13419302572300,0.0000,0.4190
664.8000,129.4760,0.7870,13419302616800,0.0000,0.4190
664.8430,129.6950,0.7880,13419302625800,0.0000,0.4190
665.0140,130.2050,0.7890,13419302630800,0.0000,0.4190
665.0140,130.6800,0.7900,13419319562300,0.0000,0.4190
664.9290,131.2630,0.7910,13419319609100,0.0000,0.4190
664.8430,131.9570,0.7930,13419319616600,0.0000,0.4190
664.7140,132.5410,0.7940,13419335713300,0.0000,0.4190
664.5000,133.5260,0.7960,13419335771400,0.0000,0.4190
664.2000,134.3280,0.7970,13419335788900,0.0000,0.4190
663.8140,135.2410,0.7980,13419335791300,0.0000,0.4190
663.6000,135.9700,0.7990,13419335793600,0.0000,0.4360
663.3000,136.8100,0.8000,13419351683800,0.0000,0.4540
662.9140,137.6490,0.8010,13419351797400,0.0000,0.4710
662.4430,138.4510,0.8020,13419351836100,0.0000,0.4890
662.1000,139.2180,0.8030,13419368881300,0.0000,0.4890
661.6290,139.9470,0.8040,13419369133800,0.0000,0.4890
661.2430,140.7140,0.8060,13419369169700,0.0000,0.4890
660.7290,141.3700,0.8070,13419385920500,0.0000,0.4890
660.3430,142.0630,0.8080,13419386030300,0.0000,0.5060
659.8280,142.7930,0.8100,13419386038900,0.0000,0.5060
659.3140,143.4870,0.8110,13419386044700,0.0000,0.5060
658.6290,144.1430,0.8130,13419403157200,0.0000,0.5060
657.9000,144.7630,0.8140,13419403781700,0.0000,0.5060
657.2140,145.4200,0.8160,13419403978600,0.0000,0.5060
656.5290,145.9680,0.8170,13419419760700,0.0000,0.5060
655.8860,146.6240,0.8180,13419419993000,0.0000,0.5060
655.2860,147.0620,0.8200,13419420114800,0.0000,0.5060
654.4290,147.6090,0.8210,13419420161200,0.0000,0.5060
653.4860,148.0470,0.8220,13419436634500,0.0000,0.5060
652.8000,148.5580,0.8230,13419437083900,0.0000,0.5060
652.2000,149.0320,0.8240,13419437103100,0.0000,0.5060
651.5140,149.4700,0.8250,13419452586800,0.0000,0.5060
650.6140,149.8350,0.8260,13419452639300,0.0000,0.5240
649.6720,150.2370,0.8270,13419452645200,0.0000,0.5240
648.6860,150.4550,0.8280,13419452648900,0.0000,0.5240
647.7860,150.7470,0.8280,13419452652600,0.0000,0.5240
647.1000,150.8930,0.8290,13419470086100,0.0000,0.5240
646.2860,151.1120,0.8290,13419470243300,0.0000,0.5240
645.3860,151.3310,0.8300,13419486977400,0.0000,0.5240
644.4000,151.4770,0.8310,13419487115600,0.0000,0.5240
643.5000,151.6590,0.8320,13419487122800,0.0000,0.5240
642.5570,151.8050,0.8330,13419487128200,0.0000,0.5240
641.5710,151.8780,0.8340,13419503556000,0.0000,0.5240
640.6720,152.0970,0.8350,13419503629100,0.0000,0.5240
639.8570,152.1700,0.8370,13419503635300,0.0000,0.5240
639.0860,152.2430,0.8380,13419520057600,0.0000,0.5240
638.4860,152.2430,0.8390,13419520639900,0.0000,0.5240
637.8000,152.2430,0.8400,13419520654900,0.0000,0.5240
637.0710,152.2430,0.8420,13419520658600,0.0000,0.5240
636.4710,152.2430,0.8430,13419520661900,0.0000,0.5240
635.9570,152.1700,0.8440,13419536571600,0.0000,0.5240
635.3570,152.0970,0.8460,13419536687400,0.0000,0.5240
634.7570,152.0240,0.8470,13419552699400,0.0000,0.5240
634.2430,151.9510,0.8480,13419553055700,0.0000,0.5240
633.6860,151.8050,0.8480,13419553085800,0.0000,0.5240
633.0860,151.6590,0.8490,13419553099000,0.0000,0.5240
632.6570,151.4770,0.8510,13419553114600,0.0000,0.5410
632.1860,151.2580,0.8520,13419570026000,0.0000,0.5410
631.5860,151.0390,0.8530,13419570399700,0.0000,0.5410
631.1570,150.8200,0.8540,13419586837100,0.0000,0.5410
630.6430,150.6010,0.8560,13419586962800,0.0000,0.5410
630.0860,150.3100,0.8570,13419587050000,0.0000,0.5410
629.4860,150.0540,0.8580,13419587055900,0.0000,0.5410
628.8860,149.5430,0.8590,13419604019600,0.0000,0.5410
628.2860,149.1780,0.8610,13419604589500,0.0000,0.5410
627.8570,148.8140,0.8620,13419604634500,0.0000,0.5410
627.3860,148.4120,0.8640,13419604644600,0.0000,0.5410
626.8710,147.9010,0.8670,13419604651600,0.0000,0.5410
626.3570,147.2810,0.8690,13419620511300,0.0000,0.5240
625.8430,146.6240,0.8730,13419620566300,0.0000,0.5240
625.3710,145.7850,0.8760,13419637550600,0.0000,0.5240
624.7710,144.9090,0.8800,13419637642700,0.0000,0.5240
624.4710,143.9240,0.8830,13419637652800,0.0000,0.5240
624.1290,142.7930,0.8880,13419637657300,0.0000,0.5240
623.5290,141.2240,0.8920,13419637660900,0.0000,0.5240
623.2290,139.7280,0.8970,13419653935400,0.0000,0.5240
622.9290,138.3780,0.9010,13419654284800,0.0000,0.5240
622.6710,137.1740,0.9060,13419670486200,0.0000,0.5240
622.5430,135.9700,0.9110,13419670610700,0.0000,0.5240
622.3280,134.7300,0.9150,13419670620700,0.0000,0.5240
622.2430,133.3800,0.9190,13419670624300,0.0000,0.5240
622.0710,132.0300,0.9230,13419670637400,0.0000,0.5240
622.0290,130.6070,0.9270,13419686860800,0.0000,0.5240
622.0290,129.1840,0.9300,13419687687400,0.0000,0.5240
622.1570,127.0680,0.9330,13419703746100,0.0000,0.5240
622.2430,125.0610,0.9360,13419703865900,0.0000,0.5240
622.3280,122.9450,0.9380,13419703872800,0.0000,0.5240
622.3710,120.8650,0.9400,13419703876900,0.0000,0.5240
622.6290,118.8220,0.9420,13419703881000,0.0000,0.5240
622.8430,116.8880,0.9440,13419720892700,0.0000,0.5240
622.9290,115.1730,0.9460,13419721045400,0.0000,0.5240
623.1430,113.1300,0.9470,13419737420900,0.0000,0.5240
623.1430,111.4150,0.9490,13419737485700,0.0000,0.5240
623.2290,109.9190,0.9500,13419737491900,0.0180,0.5250
623.3570,108.4960,0.9510,13419737495800,0.0350,0.5250
623.3570,107.1460,0.9520,13419737499500,0.0530,0.5250
623.4430,105.0300,0.9520,13419753741300,0.0710,0.5240
623.4430,103.3150,0.9530,13419753848800,0.0880,0.5240
623.2710,101.7460,0.9540,13419770532700,0.1060,0.5250
623.2710,100.3960,0.9540,13419770621200,0.1230,0.5240
623.2710,99.0460,0.9540,13419770628300,0.1400,0.5250
623.2290,97.6960,0.9550,13419770632500,0.1580,0.5250
623.0570,96.3460,0.9550,13419770636200,0.1750,0.5250
622.9710,94.9960,0.9550,13419787404900,0.1750,0.5250
622.9710,93.7190,0.9550,13419787481700,0.1930,0.5240
622.9710,92.4420,0.9560,13419804399500,0.1930,0.5240
622.9710,91.0920,0.9560,13419804455800,0.1930,0.5240
622.9290,89.7420,0.9560,13419804459500,0.1930,0.5240
622.9290,88.5010,0.9560,13419804461700,0.1930,0.5240
622.9710,87.2240,0.9560,13419804464400,0.1930,0.5240
623.0570,86.0200,0.9560,13419821370800,0.1930,0.5240
623.1430,84.8160,0.9560,13419821406000,0.1930,0.5240
623.2290,83.6850,0.9560,13419821410100,0.1930,0.5240
623.2710,82.8090,0.9560,13419838957500,0.1930,0.5240
623.3570,81.9700,0.9560,13419839997000,0.1930,0.5240
623.3570,81.2040,0.9560,13419840549100,0.1930,0.5240
623.2710,80.5470,0.9560,13419840570900,0.1930,0.5240
623.2710,79.9270,0.9560,13419855440400,0.1930,0.5240
623.2290,79.3430,0.9550,13419855791800,0.1930,0.5240
623.1430,78.8320,0.9550,13419855854400,0.1930,0.5240
622.9710,78.2850,0.9540,13419872458100,0.1930,0.5410
622.9710,77.9200,0.9520,13419873801000,0.1930,0.5410
622.9290,77.5550,0.9470,13419874315900,0.1930,0.5410
622.8430,77.2640,0.9390,13419874418400,0.1930,0.5410
622.7570,76.8620,0.9130,13419889461100,0.1930,0.5410
623.2710,77.4090,0.7320,13419923371400,0.1930,0.5410
623.3570,77.9200,0.6100,13419923465700,0.1930,0.5410
623.4430,78.4310,0.5080,13419923472300,0.1930,0.5410
623.5290,79.0510,0.4230,13419940300000,0.1930,0.5410
638.1860,93.6460,0.0220,13420107575700,0.1060,0.5410
638.3570,93.8650,0.0560,13420107622200,0.1060,0.5410
638.5710,94.3390,0.1350,13420124263300,0.1060,0.5410
638.7860,94.6310,0.1750,13420124329900,0.1060,0.5410
639.1710,94.9230,0.2130,13420124337600,0.1060,0.5410
639.7710,95.2150,0.2490,13420124345800,0.1060,0.5410
640.5860,95.6890,0.2820,13420124349200,0.1060,0.5410
641.4860,96.0540,0.3140,13420141212500,0.1230,0.5420
642.5570,96.3460,0.3430,13420141256000,0.1400,0.5410
643.6710,96.6380,0.3700,13420158202600,0.1580,0.5420
645.4710,97.0390,0.3950,13420158276900,0.1580,0.5420
647.0140,97.3310,0.4170,13420158292500,0.1580,0.5420
648.4710,97.5500,0.4370,13420158298500,0.1580,0.5420
649.8000,97.6230,0.4530,13420158308200,0.1750,0.5420
651.1290,97.6960,0.4640,13420174259900,0.1750,0.5420
653.3140,97.6230,0.4660,13420174312900,0.1750,0.5420
655.4140,97.4770,0.4490,13420191274500,0.1750,0.5420
657.4290,97.2580,0.3740,13420191324600,0.1750,0.5420
659.4430,96.7840,0.3120,13420191474400,0.1750,0.5420
661.4140,96.1270,0.2600,13420191506800,0.1750,0.5420
600.0860,139.5820,0.1970,13420877732400,0.0000,0.4190
600.1290,139.1450,0.2560,13420877830200,0.0000,0.4190
600.2140,138.7430,0.2840,13420894274900,0.0000,0.4190
600.2140,138.4510,0.3100,13420894338400,0.0000,0.4190
600.3000,138.0860,0.3340,13420911203000,0.0000,0.4190
600.3000,137.4660,0.3570,13420911255800,0.0000,0.4190
600.3000,136.8820,0.3780,13420911272100,0.0000,0.4360
600.2140,136.2260,0.3970,13420911274300,0.0000,0.4360
600.2140,135.6050,0.4150,13420911276300,0.0000,0.4540
600.2140,134.9490,0.4300,13420928222300,0.0000,0.4710
600.1290,134.1820,0.4450,13420928286400,0.0000,0.4710
600.0860,133.4530,0.4580,13420944214800,0.0000,0.4710
600.0860,132.6870,0.4690,13420944268100,0.0000,0.4710
600.0860,132.0300,0.4800,13420944270000,0.0000,0.4710
600.0000,131.2630,0.4900,13420944271300,0.0000,0.4710
600.0000,130.6070,0.4990,13420961191200,0.0000,0.4710
599.9140,129.9130,0.5090,13420961250200,0.0000,0.4710
599.9140,129.2570,0.5180,13420961253400,0.0000,0.4710
599.8280,128.7090,0.5270,13420961255200,0.0000,0.4710
599.8280,128.2720,0.5360,13420961257700,0.0000,0.4710
599.7860,127.8340,0.5440,13420977238200,0.0000,0.4710
599.7860,127.4320,0.5520,13420977299200,0.0000,0.4710
599.7000,127.1410,0.5600,13420993746200,0.0000,0.4710
599.5290,126.7030,0.5740,13420993791500,0.0000,0.4710
599.2290,127.5050,0.6190,13421026745000,0.0000,0.4710
599.1860,128.1260,0.6230,13421043708500,0.0000,0.4710
599.1860,128.7090,0.6260,13421043776800,0.0000,0.4710
599.1000,129.4030,0.6300,13421043780700,0.0000,0.4710
599.0140,130.1320,0.6330,13421059759800,0.0000,0.4710
599.0140,130.9720,0.6370,13421059802200,0.0000,0.4710
598.9290,132.1030,0.6400,13421059805300,0.0000,0.4710
598.8860,133.1970,0.6430,13421059807100,0.0000,0.4710
598.7140,134.3280,0.6460,13421075877600,0.0000,0.4890
598.5860,135.4590,0.6500,13421075918600,0.0000,0.5060
598.3290,136.5910,0.6540,13421092870400,0.0000,0.5240
598.3290,137.6490,0.6580,13421092909100,0.0000,0.5410
598.1140,138.5970,0.6620,13421092912100,0.0000,0.5590
597.9860,139.4370,0.6660,13421092913800,0.0000,0.5590
597.8140,140.1660,0.6700,13421092915400,0.0000,0.5590
597.6000,140.8590,0.6740,13421109862700,0.0000,0.5590
597.3000,141.6620,0.6780,13421109927700,0.0000,0.5590
597.0000,142.3550,0.6820,13421109934000,0.0000,0.5590
596.7000,142.9390,0.6860,13421109950800,0.0000,0.5590
596.4000,143.5590,0.6900,13421125875100,0.0000,0.5590
596.0140,143.9970,0.6930,13421125935800,0.0000,0.5590
595.7140,144.5450,0.6960,13421142842800,0.0000,0.5590
595.3290,144.9820,0.6990,13421142891600,0.0000,0.5590
594.7290,145.6390,0.7020,13421142895400,0.0000,0.5590
594.3000,146.1860,0.7050,13421142897500,0.0000,0.5590
593.7860,146.7700,0.7080,13421142899300,0.0000,0.5590
593.1000,147.2810,0.7110,13421159824400,0.0000,0.5590
592.3710,147.9010,0.7140,13421159870700,0.0000,0.5590
591.6860,148.4120,0.7170,13421159874400,0.0000,0.5590
590.9140,148.9590,0.7190,13421176830800,0.0000,0.5590
590.1000,149.3970,0.7220,13421176862500,0.0000,0.5590
589.2000,149.8350,0.7240,13421176865900,0.0000,0.5590
588.3000,150.3100,0.7260,13421176868200,0.0000,0.5590
587.4860,150.6740,0.7290,13421193811400,0.0000,0.5590
586.7140,151.0390,0.7310,13421193877900,0.0000,0.5590
585.9000,151.4040,0.7330,13421210801700,0.0000,0.5590
585.1710,151.7320,0.7350,13421210851100,0.0000,0.5590
584.2710,151.9510,0.7360,13421210854600,0.0000,0.5590
583.5000,152.1700,0.7380,13421210856300,0.0000,0.5590
582.4710,152.3890,0.7400,13421210858400,0.0000,0.5590
581.6570,152.5350,0.7410,13421226898000,0.0000,0.5590
580.9710,152.6810,0.7430,13421226957500,0.0000,0.5590
580.2000,152.8270,0.7440,13421243009900,0.0000,0.5590
579.1710,153.0820,0.7450,13421243044300,0.0000,0.5590
578.2710,153.2280,0.7460,13421243047200,0.0000,0.5590
577.2430,153.3740,0.7470,13421243049000,0.0000,0.5590
576.3430,153.5200,0.7480,13421243050700,0.0000,0.5590
575.4860,153.5930,0.7480,13421259991900,0.0000,0.5590
574.7570,153.6660,0.7490,13421260058100,0.0000,0.5590
573.9430,153.7390,0.7500,13421260062200,0.0000,0.5590
573.0860,153.7390,0.7510,13421260064200,0.0000,0.5760
572.4430,153.7390,0.7520,13421276988400,0.0000,0.5760
571.7570,153.7390,0.7520,13421277071700,0.0000,0.5760
571.0710,153.6660,0.7530,13421277075400,0.0000,0.5760
570.4710,153.5930,0.7540,13421293968000,0.0000,0.5760
569.8280,153.4470,0.7560,13421294047100,0.0000,0.5760
569.1430,153.3010,0.7570,13421294061100,0.0000,0.5760
568.6290,153.0820,0.7590,13421294063200,0.0000,0.5760
568.0710,152.8270,0.7600,13421310076600,0.0000,0.5760
567.4710,152.6080,0.7620,13421310127100,0.0000,0.5760
567.0430,152.3160,0.7640,13421326120000,0.0000,0.5760
566.5710,151.9510,0.7660,13421326186700,0.0000,0.5760
566.1430,151.4770,0.7680,13421326190600,0.0000,0.5760
565.6290,150.8930,0.7700,13421326192600,0.0000,0.5760
565.1570,150.1640,0.7730,13421326194600,0.0000,0.5930
564.7290,149.3970,0.7750,13421342216900,0.0000,0.5930
564.3430,148.4120,0.7780,13421342271100,0.0000,0.5760
564.0430,147.4640,0.7810,13421342275200,0.0000,0.5760
563.7430,146.4050,0.7830,13421359192300,0.0000,0.5760
563.5710,145.2740,0.7860,13421359248000,0.0000,0.5760
563.4430,144.0700,0.7890,13421359251200,0.0000,0.5760
563.2710,142.7930,0.7910,13421375225900,0.0000,0.5760
563.2710,141.5160,0.7930,13421375262900,0.0000,0.5760
563.2710,140.1660,0.7960,13421375268500,0.0000,0.5760
563.2710,138.8160,0.7980,13421375270400,0.0180,0.5780
563.3570,137.3930,0.8000,13421375272400,0.0350,0.5770
563.4430,135.2410,0.8020,13421391263200,0.0530,0.5760
563.5290,133.1970,0.8040,13421391334300,0.0710,0.5770
563.8280,131.1180,0.8050,13421408239100,0.0880,0.5770
563.9570,129.1110,0.8060,13421408294200,0.1050,0.5770
564.1290,126.9950,0.8080,13421408298300,0.1230,0.5760
564.2570,125.0610,0.8090,13421408300200,0.1230,0.5760
564.4710,123.0180,0.8100,13421408302200,0.1410,0.5780
564.4710,121.3030,0.8100,13421424274500,0.1580,0.5760
564.5570,119.7340,0.8110,13421424322800,0.1580,0.5760
564.5570,118.3840,0.8110,13421441257100,0.1580,0.5760
564.5570,116.8880,0.8120,13421441294900,0.1750,0.5770
564.5570,115.4650,0.8120,13421441297400,0.1750,0.5770
564.5570,113.9690,0.8130,13421441298400,0.1750,0.5770
564.4710,111.8530,0.8130,13421457443500,0.1750,0.5770
564.3430,109.7000,0.8140,13421457509300,0.1930,0.5770
564.1710,108.0580,0.8140,13421474341100,0.1930,0.5770
564.1290,106.4530,0.8150,13421474404200,0.1930,0.5770
563.9570,105.1030,0.8160,13421474408100,0.1930,0.5770
563.8280,103.1690,0.8160,13421474410900,0.1930,0.5770
563.5710,101.5270,0.8170,13421474413100,0.1930,0.5770
563.4430,100.1040,0.8170,13421491422300,0.2110,0.5770
563.3570,98.9730,0.8180,13421491499400,0.2110,0.5770
563.2290,97.6960,0.8180,13421507479100,0.2110,0.5770
563.0570,96.5650,0.8190,13421507550100,0.2110,0.5770
562.9290,95.4700,0.8190,13421507553500,0.2110,0.5770
562.8430,94.3390,0.8200,13421507555300,0.2110,0.5770
562.6710,93.2080,0.8200,13421507557000,0.2110,0.5770
562.4570,92.1500,0.8200,13421524392500,0.2110,0.5770
562.3710,91.0920,0.8210,13421524486800,0.2110,0.5770
562.2430,90.0700,0.8210,13421524490300,0.2110,0.5770
562.1570,89.1580,0.8220,13421524491700,0.2110,0.5770
562.0710,88.3190,0.8220,13421540369100,0.2110,0.5770
561.9430,87.6620,0.8220,13421540422100,0.2110,0.5770
561.8570,87.0780,0.8220,13421556449300,0.2110,0.5770
561.8140,86.4580,0.8170,13421556530800,0.2110,0.5770
561.7290,85.9470,0.8060,13421556535300,0.2110,0.5770
561.7290,85.5460,0.7880,13421556537000,0.2110,0.5770
561.7290,85.1810,0.7650,13421556539000,0.2110,0.5770
561.8140,84.8890,0.7350,13421573434000,0.2110,0.5770
561.9430,84.6700,0.7160,13421573500800,0.2110,0.5770
562.3280,84.3780,0.5660,13421589611700,0.2110,0.5770
562.6290,84.3050,0.4720,13421589691200,0.2110,0.5770
562.8430,84.2320,0.3930,13421589695500,0.2110,0.5770
582.7710,97.0390,0.0160,13421836404400,0.0000,0.5760
582.7710,97.2580,0.0520,13421836472400,0.0000,0.5760
582.9000,97.5500,0.0950,13421836475700,0.0000,0.5760
582.9000,97.8420,0.1400,13421836478700,0.0000,0.5760
583.0710,98.3890,0.2260,13421852211100,0.0000,0.5760
583.1570,98.6810,0.2650,13421852261300,0.0000,0.5760
583.1570,98.9000,0.3000,13421869219700,0.0000,0.5760
583.2860,99.3380,0.3590,13421869278600,0.0000,0.5760
583.2860,99.5570,0.3800,13421869281500,0.0000,0.5760
583.4570,99.9580,0.3940,13421886124400,0.0000,0.5760
583.5000,100.1040,0.3280,13421886176100,0.0000,0.5760
583.6710,100.2500,0.2730,13421903112800,0.0000,0.5760
538.9290,128.0530,0.0480,13423295224800,0.1930,0.4730
538.7140,127.9070,0.1470,13423311990700,0.2110,0.4730
538.4140,127.7610,0.2400,13423312053300,0.2110,0.4730
538.2000,127.5780,0.3770,13423345938300,0.2110,0.4730
537.9000,127.3590,0.4470,13423362963800,0.2110,0.4730
537.6000,126.9950,0.5030,13423379934200,0.2110,0.4730
537.4710,126.6300,0.5340,13423379985200,0.2110,0.4730
537.2140,126.4110,0.5470,13423379987100,0.2110,0.4730
537.2140,126.0820,0.5590,13423395916200,0.2110,0.4730
537.0860,125.7180,0.5700,13423395968500,0.2110,0.4730
536.9140,125.2070,0.5790,13423395971400,0.2110,0.4730
536.7860,124.6590,0.5880,13423395973100,0.2110,0.4730
536.6140,124.0760,0.5970,13423412037100,0.2110,0.4730
536.5710,123.5650,0.6040,13423412107400,0.2110,0.4730
536.4860,122.9450,0.6110,13423429039400,0.2110,0.4730
536.3140,122.3610,0.6170,13423429089600,0.2110,0.4730
536.2710,121.6680,0.6220,13423429105900,0.2110,0.4730
536.0140,121.1570,0.6260,13423429106900,0.2110,0.4730
536.0140,120.4640,0.6310,13423445992600,0.2110,0.4730
535.9710,119.8800,0.6350,13423446059500,0.2110,0.4730
535.8860,119.1860,0.6400,13423446078300,0.2110,0.4730
535.8000,118.5300,0.6440,13423463093700,0.2110,0.4730
535.7140,117.9460,0.6480,13423463146800,0.2110,0.4730
535.6720,117.2530,0.6520,13423463148700,0.2110,0.4730
535.5860,116.6690,0.6540,13423463149600,0.2110,0.4730
535.5860,116.0490,0.6580,13423480116400,0.2110,0.4730
535.5000,115.4650,0.6610,13423480161700,0.2110,0.4730
535.4140,114.8450,0.6640,13423480163200,0.2110,0.4730
535.4140,114.3340,0.6680,13423480173900,0.2110,0.4730
535.3710,113.8230,0.6710,13423480174700,0.2110,0.4730
535.3710,113.4220,0.6750,13423496075800,0.2110,0.4730
535.2860,113.0570,0.6790,13423496122000,0.2100,0.4890
535.2000,112.4730,0.6890,13423512145500,0.2100,0.5060
535.1140,111.9990,0.6970,13423512272100,0.2100,0.5060
535.0710,111.5610,0.7040,13423529153200,0.2100,0.5060
535.0710,111.2690,0.7100,13423546070900,0.2100,0.5060
534.8140,111.0500,0.7160,13423546138600,0.2100,0.5060
534.3860,111.4880,0.7300,13423578132400,0.2100,0.5060
534.1710,111.9260,0.7360,13423594194400,0.2100,0.5060
534.0000,112.3270,0.7390,13423594280700,0.2100,0.5060
533.8710,112.7650,0.7420,13423594285500,0.2100,0.5060
533.6140,113.2030,0.7450,13423611197300,0.2100,0.5060
533.4860,113.7500,0.7480,13423611258600,0.2100,0.5060
533.3140,114.3340,0.7510,13423611261500,0.2100,0.5060
533.1860,114.8450,0.7540,13423627214800,0.2100,0.5060
532.9710,115.4650,0.7570,13423627250300,0.2100,0.5060
532.8000,116.1220,0.7600,13423627252200,0.2100,0.5060
532.5860,116.7420,0.7630,13423627253200,0.2100,0.5060
532.4140,117.3990,0.7660,13423643223300,0.2100,0.5060
532.2860,118.0920,0.7690,13423643276200,0.2100,0.5060
532.1140,118.7490,0.7720,13423643283500,0.2100,0.5060
531.9860,119.5150,0.7750,13423660202800,0.2100,0.5060
531.8140,120.1720,0.7780,13423660248700,0.2100,0.5060
531.6000,121.0840,0.7810,13423660251500,0.2100,0.5060
531.3000,121.8860,0.7840,13423660253400,0.2100,0.5060
531.2140,122.5800,0.7870,13423676292800,0.2100,0.5060
531.0860,123.1640,0.7900,13423676345400,0.2100,0.5060
531.0000,123.7840,0.7930,13423693222500,0.2100,0.5060
530.8710,124.4410,0.7960,13423693266100,0.2100,0.5060
530.7000,125.0610,0.7980,13423693268600,0.2100,0.5060
530.6140,125.6450,0.8010,13423693270000,0.2100,0.5060
530.4860,126.1550,0.8030,13423693271800,0.2100,0.5060
530.3140,126.7030,0.8050,13423709273100,0.2100,0.5060
530.2710,127.1410,0.8070,13423709336500,0.2100,0.5060
530.0140,127.5780,0.8090,13423725322400,0.2100,0.5060
529.9710,128.0530,0.8110,13423725362800,0.2100,0.5060
529.8860,128.3450,0.8120,13423725366100,0.2100,0.5060
529.7140,128.6360,0.8140,13423725367800,0.2100,0.5060
529.6720,128.8550,0.8160,13423725369900,0.2100,0.5060
529.5000,129.1840,0.8170,13423742295600,0.2100,0.5060
529.3710,129.4030,0.8180,13423742332300,0.2100,0.5060
528.9000,129.7680,0.8210,13423742339100,0.2100,0.5060
528.8570,129.9130,0.8220,13423758350200,0.2100,0.5060
528.6000,130.0590,0.8230,13423758416200,0.2100,0.5060
528.3860,130.2050,0.8240,13423775386200,0.2100,0.5060
528.0860,130.3510,0.8240,13423775462400,0.2100,0.5060
527.7860,130.4240,0.8260,13423775466500,0.2100,0.5060
527.4860,130.5340,0.8260,13423775468400,0.2100,0.5060
527.1860,130.6070,0.8270,13423775470300,0.2100,0.5060
526.8000,130.6800,0.8280,13423792314600,0.2100,0.5060
526.4570,130.7530,0.8280,13423792383500,0.2100,0.5060
526.1570,130.7530,0.8290,13423792393900,0.2100,0.5060
525.5570,130.7530,0.8290,13423809359900,0.2100,0.5060
525.0000,130.6800,0.8300,13423809434900,0.2100,0.5060
524.4860,130.5340,0.8310,13423809438800,0.2100,0.5060
523.8860,130.2780,0.8310,13423809440500,0.2100,0.5060
523.3710,130.0590,0.8310,13423825483900,0.2100,0.5060
522.8570,129.7680,0.8320,13423825527800,0.2100,0.5060
522.3000,129.4030,0.8320,13423825530600,0.2100,0.5060
521.4860,129.0010,0.8320,13423825532300,0.2100,0.5060
520.8860,128.5630,0.8320,13423842470400,0.2100,0.5060
520.3710,128.1990,0.8320,13423842501100,0.2100,0.5060
519.8570,127.9070,0.8310,13423859451200,-0.1740,0.5060
519.3430,127.5780,0.8320,13423859513700,-0.1210,0.5070
518.8710,127.2860,0.8320,13423859517300,-0.0870,0.5060
518.4430,126.9950,0.8320,13423859519000,-0.0530,0.5080
517.9710,126.8490,0.8320,13423859520700,-0.0530,0.5080
517.4570,126.6300,0.8310,13423876443600,0.0000,0.5060
517.0710,126.4840,0.8310,13423876478700,0.0000,0.5060
516.6860,126.4840,0.8310,13423892447100,0.0000,0.5060
516.3430,126.4840,0.8310,13423892522600,0.0000,0.5060
516.0430,126.6300,0.8300,13423892526200,0.0000,0.5060
515.5710,126.7760,0.8300,13423892527600,0.0000,0.5060
515.1430,127.0680,0.8300,13423909424100,0.0000,0.5060
514.7570,127.3590,0.8300,13423909462400,0.0000,0.5060
514.3710,127.7610,0.8300,13423909465200,0.0000,0.5060
513.9430,128.1990,0.8300,13423926414400,0.0000,0.5060
513.5570,128.6360,0.8300,13423926483200,0.0000,0.5060
513.2570,129.1110,0.8300,13423926486400,0.0000,0.5060
512.8710,129.6220,0.8300,13423926491300,0.0000,0.5060
512.5290,130.0590,0.8310,13423942456300,0.0000,0.5060
512.0570,130.7530,0.8310,13423942506200,0.0000,0.5060
511.7570,131.2630,0.8310,13423942508900,0.0000,0.5060
511.3710,131.7010,0.8310,13423942510600,0.0000,0.5060
511.0710,132.0300,0.8320,13423958555400,0.0000,0.5060
510.8570,132.3950,0.8320,13423958606300,0.0000,0.5060
510.5570,132.6870,0.8320,13423975552300,0.0000,0.5060
510.3430,132.9050,0.8330,13423975593600,0.0000,0.5060
510.0430,133.0510,0.8340,13423975596800,0.0000,0.5060
509.7430,133.1970,0.8340,13423975598400,0.0000,0.5060
509.5710,133.3070,0.8340,13423975599800,0.0000,0.5060
509.3570,133.4530,0.8350,13423992546100,0.0000,0.5060
508.8430,133.5260,0.8360,13423992608800,0.0000,0.5060
508.3710,133.4530,0.8360,13424008621400,0.0000,0.5060
507.8570,133.3800,0.8370,13424025520300,0.0000,0.5060
507.6430,133.3070,0.8380,13424025596000,0.0000,0.5060
507.0430,133.1970,0.8380,13424025600300,0.0000,0.5060
506.8290,133.1240,0.8370,13424025602300,0.0000,0.5060
506.0570,133.1240,0.8370,13424041524300,0.0000,0.5060
505.8430,133.1970,0.8370,13424058504100,0.0000,0.5060
505.4570,133.1970,0.8360,13424058573100,0.0000,0.5060
504.8570,133.3800,0.8360,13424058577000,0.0000,0.5060
504.5140,133.5260,0.8360,13424058578600,0.0000,0.5060
503.9140,133.6720,0.8360,13424058580300,0.0000,0.5060
503.3570,133.8910,0.8360,13424074493500,0.0000,0.5060
502.9290,134.1090,0.8350,13424074536700,0.0000,0.5060
502.4570,134.2550,0.8350,13424090505900,0.0000,0.5060
502.0290,134.4740,0.8350,13424090560400,0.0000,0.5060
501.5570,134.6200,0.8350,13424090563200,0.0000,0.5060
501.2140,134.9490,0.8350,13424090564700,0.0000,0.5060
500.8290,135.1680,0.8350,13424090566000,0.0000,0.5060
500.4430,135.3140,0.8350,13424107455600,0.0000,0.5060
500.0570,135.4590,0.8350,13424107522800,0.0000,0.5060
499.7570,135.6050,0.8340,13424123523000,0.0000,0.5060
499.5430,135.6780,0.8350,13424123565700,0.0000,0.5060
499.2430,135.7510,0.8350,13424123573300,0.0180,0.5080
498.8570,135.7510,0.8340,13424123574300,0.0360,0.5070
498.2140,135.7510,0.8330,13424139836600,0.0700,0.5060
497.6570,135.6050,0.8330,13424139896700,0.0880,0.5060
497.1430,135.4590,0.8320,13424139900400,0.1060,0.5070
496.5000,135.2410,0.8320,13424139906300,0.1220,0.5060
495.7290,134.8760,0.8300,13424155647300,0.1410,0.5070
495.0000,134.3280,0.8290,13424155680300,0.1580,0.5070
494.1000,133.6720,0.8270,13424171654800,0.1750,0.5060
493.2430,133.1240,0.8250,13424171693900,0.1930,0.5070
492.1290,132.1760,0.8240,13424171696000,0.2100,0.5060
491.0140,131.1180,0.8220,13424171697000,0.2100,0.5060
489.8140,130.0590,0.8200,13424188637000,0.2100,0.5060
488.7000,129.0010,0.8170,13424188686100,0.2100,0.5060
487.5000,127.9800,0.8150,13424205670800,0.2100,0.5060
486.3860,126.9950,0.8120,13424205730800,0.2100,0.5060
485.1860,125.9370,0.8100,13424205751300,0.2280,0.5060
484.1140,125.1340,0.8070,13424205754100,0.2450,0.5060
483.2140,124.4410,0.8050,13424205791500,0.2450,0.5060
482.4000,123.7840,0.8030,13424221605500,0.2450,0.5060
481.5860,123.1640,0.8010,13424221637500,0.2450,0.5060
480.6860,122.5800,0.7990,13424238605400,0.2450,0.5060
479.7000,122.0320,0.7970,13424238644200,0.2450,0.5060
478.9710,121.5950,0.7960,13424238647600,0.2450,0.5060
478.1140,121.2300,0.7940,13424238649500,0.2450,0.5060
477.3000,120.9380,0.7920,13424238651000,0.2450,0.5060
476.5710,120.7190,0.7910,13424254649600,0.2450,0.5060
475.8000,120.6090,0.7890,13424254731800,0.2450,0.5060
475.2000,120.7190,0.7880,13424254735500,0.2450,0.5060
474.5140,120.9380,0.7870,13424271620300,0.2450,0.5060
473.7000,121.3760,0.7860,13424271671500,0.2450,0.5060
472.9710,121.9590,0.7850,13424271675200,0.2450,0.5060
471.8570,123.2360,0.7850,13424287626400,0.2450,0.5060
470.8710,124.6590,0.7850,13424287653400,0.2450,0.5060
469.9710,126.2280,0.7850,13424287655400,0.2450,0.5060
469.1570,127.9070,0.7850,13424287656400,0.2450,0.5060
468.5570,129.6220,0.7860,13424287657300,0.2450,0.5060
468.0000,131.4090,0.7860,13424304612100,0.2450,0.5060
467.6570,132.8320,0.7870,13424304674900,0.2450,0.5060
467.4860,134.0360,0.7890,13424320940000,0.2450,0.5060
467.3570,135.0950,0.7900,13424321482700,0.2450,0.5240
467.2710,135.9700,0.7920,13424321531200,0.2450,0.5420
467.3570,136.8100,0.7940,13424321536100,0.2450,0.5600
467.4860,137.3930,0.7960,13424321557600,0.2460,0.5770
467.6570,137.8680,0.7980,13424337611900,0.2450,0.5950
467.9570,138.2320,0.8010,13424337734700,0.2450,0.5950
468.2570,138.3780,0.8030,13424354159100,0.2460,0.5770
468.6860,138.4510,0.8060,13424354397700,0.2460,0.5770
469.2860,138.3780,0.8080,13424354402700,0.2460,0.5770
470.1000,138.0860,0.8090,13424354404400,0.2460,0.5770
471.0000,137.7220,0.8080,13424354405600,0.2460,0.5770
472.5000,136.8100,0.8020,13424369827600,0.2460,0.5770
474.0000,135.6780,0.7890,13424370410100,0.2460,0.5770
475.5000,134.3280,0.7700,13424386150500,0.2460,0.5770
477.0860,132.8320,0.7440,13424386237700,0.2460,0.5770
479.8710,129.9130,0.7260,13424386245300,0.2460,0.5770
481.8860,127.5050,0.6950,13424402174200,0.2460,0.5770
483.5140,125.4990,0.5790,13424402288000,0.2460,0.5770
484.9290,123.7840,0.4820,13424402291900,0.2460,0.5770
487.5860,120.6090,0.4020,13424402293700,0.2460,0.5770
516.8570,88.2460,0.0440,13424571202700,0.2460,0.5770
517.2860,88.1000,0.1290,13424571262300,0.2460,0.5770
517.7570,87.9540,0.2170,13424588038100,0.2460,0.5770
517.9710,87.8810,0.2580,13424588089900,0.2460,0.5770
518.3570,87.8080,0.2970,13424605143000,0.2460,0.5770
518.8710,87.7350,0.3340,13424605373900,0.2460,0.5770
519.3430,87.6620,0.3680,13424605390500,0.2460,0.5770
519.9860,87.5160,0.3980,13424605393100,0.2460,0.5770
520.5860,87.3700,0.4270,13424622260400,0.2460,0.5770
521.4860,87.1510,0.4530,13424622549000,0.2460,0.5770
522.4710,86.8230,0.4760,13424639048700,0.2460,0.5770
523.4570,86.5310,0.4980,13424639297600,0.2460,0.5770
524.4860,86.0930,0.5170,13424639317600,0.2460,0.5770
526.0710,85.4730,0.5330,13424639319100,0.2460,0.5770
527.5710,84.7430,0.5450,13424639320800,0.2460,0.5770
529.1570,83.9040,0.5510,13424656127500,0.2460,0.5770
530.5710,83.1740,0.5510,13424656411700,0.2460,0.5770
531.6860,82.4810,0.5390,13424656448700,0.2460,0.5770
533.0140,81.6780,0.5170,13424673084800,0.2460,0.5770
534.0860,81.0580,0.4970,13424673178100,0.2460,0.5770
534.8140,80.5470,0.4140,13424673181600,0.2460,0.5770
535.5860,80.1090,0.3450,13424673183300,0.2460,0.5770
536.0140,79.7080,0.2880,13424690197800,0.2460,0.5770
493.7140,148.9590,0.0090,13425200163200,0.1570,0.0000
493.4140,149.3240,0.0420,13425200260800,0.1570,0.0000
493.1140,149.6160,0.0860,13425200264700,0.1570,0.0000
492.8140,150.0540,0.1320,13425216750500,0.1570,0.0000
492.5140,150.4550,0.1770,13425216841300,0.1570,0.0000
492.3000,150.8930,0.2200,13425233741000,0.1570,0.0000
492.0000,151.4040,0.2590,13425233789900,0.1570,0.0000
491.7000,151.9510,0.2960,13425233814500,0.1570,0.0000
491.4430,152.5350,0.3290,13425233815700,0.1570,0.0000
491.2290,153.0820,0.3580,13425250721800,0.1570,0.0000
491.0140,153.6660,0.3820,13425250805000,0.1570,0.0000
490.8000,154.2500,0.4000,13425250809700,0.1570,0.0000
490.5000,154.8700,0.4120,13425250811700,0.1570,0.0000
490.3290,155.3810,0.4140,13425250813300,0.1570,0.0000
490.2000,155.9280,0.3910,13425267697700,0.1570,0.0000
490.0290,156.5120,0.3260,13425267773700,0.1570,0.0000
489.8140,156.9500,0.2710,13425267785000,0.1570,0.0000
489.6000,157.3510,0.2260,13425283948000,0.1570,0.0000
452.6570,113.3490,0.0100,13425750415000,0.0000,0.4710
452.4430,112.4000,0.0340,13425750470500,0.0000,0.4710
452.1430,111.4150,0.0660,13425766711000,0.0000,0.4710
452.0570,110.4300,0.0990,13425766765600,0.0000,0.4710
451.9290,109.3720,0.1320,13425766768200,0.0000,0.4710
451.7570,108.4230,0.1640,13425783337400,0.0000,0.4710
451.6710,107.2920,0.1940,13425783373600,0.0000,0.4710
451.6290,106.2340,0.2220,13425783387900,0.0000,0.4710
451.5430,105.1030,0.2480,13425783389200,0.0000,0.4710
451.3710,103.9350,0.2730,13425800384400,0.0000,0.4710
451.3710,102.8040,0.2960,13425800444200,0.0000,0.4710
451.3280,101.6730,0.3170,13425800446500,0.0000,0.4710
451.3280,100.5420,0.3360,13425816428100,0.0000,0.4890
451.1570,99.4110,0.3550,13425816590700,0.0000,0.4890
451.1570,98.3160,0.3710,13425816624000,0.0000,0.5060
451.0710,97.1850,0.3870,13425816627100,0.0000,0.5060
450.9430,95.9810,0.4010,13425832524000,0.0000,0.5060
450.9430,94.9230,0.4140,13425832594800,0.0000,0.5060
450.9430,93.7920,0.4250,13425848501100,0.0000,0.5060
450.8570,92.8430,0.4350,13425848680500,0.0000,0.5060
450.8570,91.9310,0.4450,13425848730200,0.0000,0.5060
450.7710,90.8000,0.4530,13425848745200,0.0000,0.5060
450.7710,89.7420,0.4600,13425848749300,0.0000,0.5060
450.7710,88.7200,0.4670,13425865543100,0.0000,0.5060
450.7710,87.6620,0.4730,13425865700700,0.0000,0.5060
450.7710,86.7500,0.4790,13425865709000,0.0000,0.5060
450.7710,86.0200,0.4840,13425882476700,0.0000,0.5060
450.7710,85.1810,0.4880,13425882573900,0.0000,0.5060
450.7710,84.3780,0.4920,13425882583700,0.0000,0.5060
450.8570,83.5390,0.4960,13425899591200,0.0000,0.5060
450.8570,82.7000,0.4990,13425899739700,0.0000,0.5060
450.8570,81.9700,0.5030,13425899742400,0.0000,0.5060
450.8570,81.2040,0.5050,13425899743300,0.0000,0.5060
450.9430,80.4010,0.5080,13425899744300,0.0000,0.5060
450.9430,79.6350,0.5110,13425916645200,0.0000,0.5060
450.9430,78.8320,0.5130,13425916964000,0.0000,0.5060
451.0710,77.9930,0.5150,13425932449600,0.0000,0.5060
451.1570,77.2640,0.5170,13425932520200,0.0000,0.5060
451.1570,76.5700,0.5190,13425932525800,0.0000,0.5060
451.2430,75.8410,0.5210,13425932527700,0.0000,0.5060
451.3280,75.2200,0.5230,13425932529700,0.0000,0.5060
451.3710,74.6360,0.5260,13425948583100,0.0000,0.5060
451.3710,74.1620,0.5290,13425948690000,0.0000,0.5060
451.4570,73.7240,0.5310,13425964601800,0.0000,0.5060
451.4570,73.5050,0.5340,13425964694400,0.0000,0.5060
451.4570,73.1410,0.5390,13425964698600,0.0000,0.5060
451.2430,74.3080,0.5610,13426014593100,0.1750,0.5060
451.2430,74.7090,0.5650,13426014651600,0.1930,0.5070
451.3280,75.2930,0.5680,13426014654500,0.2100,0.5060
451.3710,75.9140,0.5710,13426031630800,0.2280,0.5060
451.3710,76.5700,0.5750,13426031751900,0.2450,0.5060
451.4570,77.3360,0.5790,13426031756600,0.2630,0.5070
451.5430,78.0660,0.5830,13426048597900,0.2630,0.5070
451.5430,78.8320,0.5870,13426048691000,0.2630,0.5070
451.5430,79.6350,0.5920,13426048699900,0.2630,0.5070
451.6290,80.7660,0.5970,13426048703100,0.2630,0.5070
451.6290,81.9700,0.6020,13426064609200,0.2630,0.5070
451.6290,83.1740,0.6070,13426064661600,0.2630,0.5070
451.6290,84.4510,0.6130,13426064665000,0.2630,0.5070
451.6290,85.7280,0.6180,13426080658000,0.2630,0.5070
451.6290,87.0780,0.6240,13426080705800,0.2630,0.5070
451.5430,88.4280,0.6290,13426080707800,0.2630,0.5070
451.5430,89.7420,0.6340,13426080708900,0.2630,0.5070
451.5430,91.1650,0.6390,13426097614100,0.2630,0.5070
451.5430,92.4420,0.6440,13426097683700,0.2630,0.5070
451.5430,93.7920,0.6490,13426097686800,0.2630,0.5070
451.5430,95.1420,0.6530,13426114583600,0.2630,0.5070
451.6290,96.4920,0.6580,13426114648400,0.2630,0.5070
451.7570,97.6960,0.6620,13426114652900,0.2630,0.5070
451.8430,99.1190,0.6670,13426131570900,0.2800,0.5060
451.9290,100.3960,0.6720,13426131604900,0.2800,0.5060
452.0570,101.6730,0.6760,13426131606800,0.2800,0.5060
452.1430,102.9500,0.6810,13426131607800,0.2800,0.5060
452.3570,104.2270,0.6850,13426131608700,0.2800,0.5060
452.4430,105.5040,0.6900,13426148608900,0.2800,0.5060
452.5290,106.7810,0.6950,13426148714800,0.2800,0.5060
452.6570,108.0580,0.7000,13426165623500,0.2800,0.5060
452.6570,109.3720,0.7050,13426165741500,0.2800,0.5060
452.7430,110.7220,0.7100,13426165750700,0.2800,0.5060
452.8290,112.0720,0.7150,13426165752700,0.2800,0.5060
452.8290,113.4220,0.7200,13426165754900,0.2800,0.5060
452.7430,114.8450,0.7240,13426182546300,0.2800,0.5060
452.5290,116.8880,0.7290,13426182650400,0.2800,0.5060
452.3570,118.9680,0.7330,13426199692100,0.2800,0.5060
452.1430,120.9380,0.7370,13426199854500,0.2800,0.5060
451.8430,123.0180,0.7410,13426199862800,0.2800,0.5060
451.5430,124.9150,0.7440,13426199864500,0.2800,0.5060
451.2430,126.4840,0.7480,13426215640900,0.2800,0.5060
450.9430,127.8340,0.7520,13426215698800,0.2800,0.5060
450.4710,129.5490,0.7550,13426215700900,0.2800,0.4890
450.0430,131.2630,0.7590,13426215701900,0.2800,0.4890
449.6570,132.7590,0.7630,13426215702900,0.2800,0.4890
449.1430,134.4740,0.7680,13426231620300,0.2800,0.5060
448.5430,136.0430,0.7740,13426231659000,0.2810,0.5250
447.9430,137.7220,0.7790,13426247640500,0.2810,0.5410
447.2570,139.3640,0.7830,13426247720300,0.2810,0.5410
446.5290,140.7860,0.7880,13426247726900,0.2810,0.5410
445.7140,142.2090,0.7920,13426247736600,0.2810,0.5410
444.8140,143.4140,0.7960,13426263604900,0.2810,0.5410
443.7430,144.6180,0.8000,13426263644700,0.2810,0.5410
442.6290,145.6390,0.8040,13426263646900,0.2810,0.5410
441.7290,146.5510,0.8070,13426279617800,0.2810,0.5600
440.7000,147.0620,0.8100,13426279752300,0.2810,0.5600
439.7140,147.6090,0.8130,13426279760300,0.2810,0.5600
438.2140,148.1930,0.8160,13426279764000,0.2810,0.5600
436.8000,148.6310,0.8190,13426295622300,0.2810,0.5600
435.3430,148.8140,0.8210,13426295667200,0.2810,0.5600
433.3290,148.9590,0.8220,13426312664200,0.2810,0.5600
431.1860,148.9590,0.8210,13426312705400,0.2810,0.5600
428.8290,148.8140,0.8160,13426312707400,0.2810,0.5600
426.3860,148.4850,0.8080,13426312708400,0.2810,0.5600
423.6860,148.0470,0.7950,13426312709400,0.2810,0.5600
418.8000,147.2080,0.7770,13426329604700,0.2800,0.5760
415.1570,146.5510,0.7570,13426329639300,0.2800,0.5760
412.1570,145.9680,0.7330,13426345628800,0.2810,0.5940
409.5860,145.4930,0.7050,13426345744300,0.2810,0.5940
406.9710,145.0550,0.6890,13426345756000,0.2800,0.5760
404.5710,144.7630,0.6630,13426345758100,0.2800,0.5760
402.2570,144.0700,0.6240,13426345759700,0.2800,0.5760
400.1570,143.4870,0.5200,13426362611200,0.2800,0.5760
398.2290,142.8660,0.4330,13426362648300,0.2810,0.5600
396.6430,141.9910,0.3610,13426378694400,0.2810,0.5600
420.5140,103.0960,0.1640,13426646922000,0.2110,0.5250
420.7710,102.7310,0.2550,13426662725600,0.2110,0.5250
420.9000,102.4030,0.3050,13426662772500,0.2110,0.5250
420.9860,102.1110,0.3360,13426662774700,0.2110,0.5250
420.9860,101.8190,0.3740,13426662776600,0.2110,0.5250
420.1710,102.2570,0.4370,13426710896600,0.2450,0.5240
420.0000,102.5120,0.4450,13426710950200,0.2450,0.5240
419.7860,103.0230,0.4600,13426710953600,0.2450,0.5240
419.7860,103.3150,0.4680,13426727879500,0.2450,0.5240
419.7860,103.6070,0.4750,13426727940900,0.2450,0.5240
419.9140,104.3000,0.4900,13426744865500,0.2450,0.5240
420.1710,104.7380,0.4970,13426744925000,0.2450,0.5240
420.3860,105.2850,0.5030,13426744928200,0.2450,0.5240
420.6860,105.7230,0.5100,13426744929800,0.2450,0.5240
420.9860,106.2340,0.5160,13426761862500,0.2450,0.5240
421.3710,106.7080,0.5220,13426761915700,0.2450,0.5240
421.8860,107.2920,0.5270,13426778852900,0.2450,0.5240
422.4000,108.0580,0.5320,13426778886200,0.2450,0.5240
422.7860,108.5690,0.5360,13426778888300,0.2450,0.5240
423.1710,109.0800,0.5400,13426778889400,0.2450,0.5240
423.3860,109.5540,0.5440,13426778890300,0.2450,0.5240
423.6860,109.9190,0.5470,13426794955400,0.2450,0.5240
423.9860,110.2840,0.5500,13426795018400,0.2450,0.5240
424.2000,110.6490,0.5530,13426811938000,0.2450,0.5240
424.4140,110.9770,0.5560,13426811999200,0.2450,0.5240
424.5860,111.2690,0.5600,13426812011800,0.2450,0.5240
424.5860,111.4880,0.5640,13426812012900,0.2450,0.5240
424.7140,111.7070,0.5680,13426812013800,0.2450,0.5240
424.8000,111.9260,0.5730,13426828959700,0.2450,0.5240
424.7140,112.3270,0.5850,13426829026500,0.2450,0.5240
424.5860,112.7650,0.5970,13426845005900,0.2450,0.5240
424.5000,112.9840,0.6020,13426845073700,0.2450,0.5240
424.2860,113.3490,0.6070,13426861995300,0.2450,0.5240
423.9860,113.7500,0.6120,13426862070500,0.2450,0.5240
423.3860,114.4070,0.6150,13426862074800,0.2450,0.5240
422.8710,114.9910,0.6150,13426862076400,0.2450,0.5240
422.1860,115.7570,0.6050,13426862082100,0.2450,0.5240
421.4140,116.5230,0.5870,13426878018900,0.2450,0.5240
420.3000,117.6910,0.5710,13426878091300,0.2450,0.5240
419.2710,118.7490,0.4760,13426894990900,0.2450,0.5240
418.3710,119.5880,0.3960,13426895034100,0.2450,0.5240
417.5140,120.2450,0.3300,13426895047800,0.2450,0.5240
317.4860,120.7190,0.4190,13428337499900,0.0000,0.5060
317.5290,120.1720,0.4540,13428354165300,0.0000,0.5060
317.7000,119.8800,0.4690,13428354213700,0.0000,0.5060
317.7860,119.2960,0.4820,13428354215700,0.0000,0.5060
317.9140,118.8950,0.4940,13428354216800,0.0000,0.5060
317.9140,118.3110,0.5050,13428370221900,0.0000,0.5060
318.1290,117.6910,0.5150,13428370270900,0.0000,0.5060
318.3000,117.1070,0.5240,13428386732200,0.0000,0.5060
318.4290,116.5230,0.5320,13428386771900,0.0000,0.5060
318.5140,115.8300,0.5390,13428386774000,0.0000,0.5060
318.6000,115.2460,0.5460,13428386775000,0.0000,0.5060
318.6860,114.6260,0.5510,13428386776200,0.0000,0.5060
318.7290,114.0420,0.5560,13428403709700,0.0000,0.5060
318.8140,113.3490,0.5610,13428403793800,0.0000,0.5060
318.8140,112.6920,0.5650,13428403797400,0.0000,0.5060
318.8140,112.0720,0.5690,13428419852700,0.0000,0.5060
318.8140,111.4150,0.5720,13428419940100,0.0000,0.5060
318.7290,110.7950,0.5750,13428419946100,0.0000,0.5060
318.7290,110.1380,0.5780,13428419948200,0.0000,0.5060
318.7290,109.5540,0.5800,13428436821900,0.0000,0.5060
318.6860,108.8610,0.5820,13428436863200,0.0000,0.5060
318.6860,108.2770,0.5840,13428436865600,0.0000,0.5060
318.6000,107.6570,0.5860,13428436866700,0.0000,0.5060
318.6000,107.2190,0.5870,13428453801100,0.0000,0.5060
318.6000,106.7080,0.5880,13428453863600,0.0000,0.5060
318.5140,106.3070,0.5890,13428453868000,0.0000,0.5060
318.5140,105.9420,0.5900,13428469908300,0.0000,0.5060
318.4290,105.3580,0.5910,13428469977400,0.0000,0.5060
318.4290,105.0300,0.5920,13428469984200,0.0000,0.5060
318.3860,104.5920,0.5930,13428485911600,0.0000,0.5060
318.3000,104.2270,0.5930,13428502921200,0.0000,0.5060
317.9140,105.2850,0.5970,13428535072600,0.0000,0.5060
317.9140,105.5770,0.5970,13428552012300,0.0000,0.5060
317.9140,105.9420,0.5970,13428552063000,0.0000,0.5060
317.9140,106.5990,0.5980,13428568007500,0.0000,0.5060
317.9140,107.2190,0.5990,13428568039100,0.0000,0.5060
317.9140,107.8030,0.6000,13428568040800,0.0000,0.5060
317.9140,108.4230,0.6010,13428568054800,0.0000,0.5060
317.9140,109.0800,0.6020,13428584959700,0.0000,0.5060
317.9140,109.7000,0.6040,13428584997500,0.0000,0.5060
317.8290,110.3570,0.6060,13428585001200,0.0000,0.5060
317.7860,110.9770,0.6080,13428601969300,0.0000,0.5060
317.6140,111.6340,0.6110,13428602023800,0.0000,0.5060
317.5290,112.2180,0.6130,13428602026300,0.0000,0.5060
317.4860,112.8380,0.6160,13428602027300,0.0000,0.5060
317.3140,113.4220,0.6190,13428618959000,0.0000,0.5060
317.1860,114.0420,0.6220,13428618992700,0.0000,0.5060
317.0140,114.4800,0.6250,13428618994800,0.0000,0.5060
316.8860,115.1000,0.6270,13428618995800,0.0000,0.5060
316.7140,115.6110,0.6290,13428635029900,0.0000,0.5060
316.5000,116.1220,0.6320,13428635078800,0.0000,0.5060
316.3290,116.5960,0.6340,13428635083400,0.0000,0.5060
316.1140,117.1070,0.6360,13428650973000,0.0000,0.5060
315.9860,117.5450,0.6380,13428651031000,0.0000,0.5060
315.6000,118.0190,0.6390,13428651034200,0.0000,0.5060
315.4290,118.3840,0.6410,13428651035800,0.0000,0.5060
315.1290,118.8220,0.6420,13428667043200,0.0000,0.5060
314.9140,119.1860,0.6430,13428667113900,0.0000,0.5060
314.6140,119.5880,0.6450,13428683976800,0.0000,0.5060
314.3140,119.9530,0.6460,13428684033600,0.0000,0.5060
314.0140,120.3180,0.6470,13428684047500,0.0000,0.5060
313.7140,120.7190,0.6480,13428684049400,0.0000,0.5060
313.4140,121.0110,0.6480,13428700976000,0.0000,0.5060
313.0290,121.3760,0.6490,13428701050000,0.0000,0.5060
312.6860,121.6680,0.6490,13428701057500,0.0000,0.5060
312.2140,122.0320,0.6500,13428701059600,0.0000,0.5060
311.8710,122.3610,0.6510,13428701076400,0.0000,0.5060
311.4000,122.6530,0.6520,13428717993500,0.0000,0.5060
310.9710,122.9450,0.6520,13428718047000,0.0000,0.5060
310.5000,123.2360,0.6530,13428734972500,0.0000,0.5060
310.0710,123.5650,0.6530,13428735019200,0.0000,0.5060
309.5140,123.8570,0.6540,13428735021300,0.0000,0.5060
309.0860,124.0760,0.6540,13428735022500,0.0000,0.5060
308.6140,124.4410,0.6550,13428735023500,0.0000,0.5060
308.1860,124.6590,0.6550,13428751009800,0.0000,0.5060
307.7140,124.9150,0.6560,13428751084100,0.0000,0.5060
307.2860,125.1340,0.6560,13428767943200,0.0000,0.5060
306.8140,125.3530,0.6570,13428767983800,0.0000,0.5060
306.3860,125.4990,0.6570,13428767985700,0.0000,0.5060
305.8710,125.7180,0.6580,13428767986800,0.0000,0.5060
305.4860,125.7910,0.6580,13428767987800,0.0000,0.5060
305.0140,125.9370,0.6590,13428784947700,0.0000,0.5060
304.6710,125.9370,0.6590,13428784999600,0.0000,0.5060
304.3710,126.0100,0.6590,13428801921400,0.0000,0.5060
303.9860,126.0100,0.6590,13428801987000,0.0000,0.5060
303.5570,126.0100,0.6590,13428801990900,0.0000,0.5060
303.2570,126.0100,0.6600,13428801992600,0.0000,0.5060
302.6570,125.8640,0.6600,13428817928900,0.0000,0.5060
302.1000,125.7180,0.6600,13428817977700,0.0000,0.5060
301.5860,125.4990,0.6600,13428834942400,0.0000,0.5060
301.0710,125.2800,0.6600,13428835029100,0.0000,0.5060
300.6000,124.9150,0.6600,13428835033100,0.0000,0.5060
300.2570,124.5860,0.6600,13428835034700,0.0000,0.5060
299.8710,124.2220,0.6600,13428835039200,0.0000,0.5060
299.4000,123.9300,0.6600,13428850911000,0.0000,0.5060
299.1000,123.5650,0.6590,13428850977500,0.0000,0.5060
298.7570,123.1640,0.6590,13428851031600,0.0000,0.5060
298.3710,122.7990,0.6590,13428851034100,0.0000,0.5060
297.9860,122.4340,0.6580,13428867880900,0.0000,0.5060
297.6860,121.9590,0.6580,13428867990200,0.0000,0.5060
297.3000,121.5950,0.6580,13428883891900,0.0000,0.5060
297.0000,121.2300,0.6570,13428883952000,0.0000,0.5060
296.7000,120.8650,0.6570,13428883955100,0.0000,0.5060
296.3570,120.4640,0.6570,13428900889400,0.0000,0.5060
296.1860,120.1720,0.6560,13428900959400,0.0000,0.5060
295.9710,119.8800,0.6560,13428900964000,0.0000,0.5060
295.7570,119.5880,0.6550,13428900968500,0.0000,0.5060
295.5860,119.2960,0.6550,13428917861300,0.0000,0.5060
295.2860,118.9680,0.6550,13428917907200,0.0000,0.5060
295.1570,118.8220,0.6540,13428917922300,0.0000,0.5060
294.9430,118.6030,0.6540,13428934850600,0.0000,0.5060
294.6430,118.5300,0.6540,13428951892200,0.0000,0.5060
294.1710,118.7490,0.6540,13428951963800,0.0000,0.5060
293.7860,119.0410,0.6550,13428968835600,0.0000,0.5060
293.6570,119.2960,0.6560,13428968900800,0.0000,0.5060
293.3570,119.7340,0.6560,13428985839400,0.0000,0.5060
293.1430,120.0990,0.6570,13428985894200,0.0000,0.5060
292.8860,120.4640,0.6580,13428985897800,0.0180,0.5080
292.6710,120.9380,0.6590,13428985901900,0.0360,0.5070
292.4570,121.3030,0.6600,13429002805300,0.0540,0.5080
292.2430,121.6680,0.6600,13429002868100,0.0700,0.5060
291.9860,122.2150,0.6610,13429002870300,0.0880,0.5060
291.7710,122.6530,0.6620,13429002871300,0.1060,0.5070
291.5570,123.0910,0.6630,13429018818600,0.1220,0.5060
291.3860,123.4920,0.6640,13429018867800,0.1220,0.5060
291.1710,123.9300,0.6640,13429018869700,0.1220,0.5060
290.9570,124.2950,0.6650,13429034821600,0.1220,0.5060
290.7430,124.6590,0.6660,13429034856500,0.1220,0.5060
290.4860,125.0610,0.6670,13429034858300,0.1220,0.5060
290.2710,125.3530,0.6680,13429034859400,0.1220,0.5060
290.0570,125.5720,0.6690,13429051785900,0.1220,0.5060
289.8430,125.7910,0.6700,13429051832400,0.1220,0.5060
289.5860,126.0100,0.6710,13429051836800,0.1220,0.5060
289.3710,126.1550,0.6720,13429068777600,0.1220,0.5060
289.1570,126.3380,0.6720,13429068816100,0.1220,0.5060
288.6860,126.4840,0.6730,13429068820400,0.1220,0.5060
288.3860,126.4840,0.6740,13429085772500,0.1220,0.5060
288.1710,126.6300,0.6740,13429085834600,0.1220,0.5060
287.5710,126.4840,0.6740,13429102767300,0.1580,0.5070
287.2710,126.4110,0.6740,13429102843700,0.1580,0.5070
286.6290,126.0820,0.6730,13429102846500,0.1580,0.5070
286.2430,125.7910,0.6730,13429118830900,0.1580,0.5070
285.8570,125.5720,0.6730,13429118887500,0.1750,0.5060
285.4710,125.2800,0.6720,13429118890700,0.1750,0.5060
285.1290,124.9880,0.6710,13429118893800,0.1750,0.5060
284.7430,124.6590,0.6710,13429135789600,0.1750,0.5060
284.3570,124.3680,0.6700,13429135837500,0.1750,0.5060
283.9710,124.0760,0.6690,13429135839700,0.1750,0.5060
283.6710,123.8570,0.6690,13429152799000,0.1750,0.5060
283.3710,123.6380,0.6680,13429152856800,0.1750,0.5060
283.1570,123.4920,0.6680,13429152859700,0.1750,0.5060
282.9430,123.2360,0.6670,13429152861200,0.1750,0.5060
282.5570,123.0180,0.6660,13429169793000,0.1750,0.5060
282.3430,122.9450,0.6660,13429169842600,0.1750,0.5060
281.8290,123.0180,0.6650,13429186769600,0.1750,0.5060
281.5290,123.3090,0.6650,13429203749600,0.1750,0.5060
281.2710,123.5650,0.6650,13429203809100,0.1750,0.5060
281.0570,123.9300,0.6650,13429220749500,0.1750,0.5060
280.7570,124.2950,0.6650,13429220802100,0.1750,0.5060
280.6290,124.7320,0.6650,13429220804000,0.1750,0.5060
280.3290,125.2070,0.6650,13429220804800,0.1750,0.5060
280.0290,125.6450,0.6650,13429220805700,0.1750,0.5060
279.7710,126.1550,0.6650,13429236753000,0.1750,0.5060
279.5570,126.7030,0.6650,13429236798900,0.1750,0.5060
279.2570,127.2140,0.6650,13429236804600,0.1750,0.5060
279.0430,127.6510,0.6660,13429253764400,0.1750,0.5060
278.8290,128.0530,0.6660,13429253814400,0.1750,0.5060
278.6140,128.4910,0.6660,13429253816900,0.1750,0.5060
278.3140,128.8550,0.6670,13429270746000,0.1750,0.5060
278.1430,129.1840,0.6670,13429270785800,0.1750,0.5060
277.9290,129.4030,0.6680,13429270787900,0.1750,0.5060
277.7140,129.6220,0.6690,13429270788900,0.1750,0.5060
277.4570,129.7680,0.6690,13429270789900,0.1750,0.5060
277.1140,129.9130,0.6690,13429287717400,0.1750,0.5060
276.6430,129.8410,0.6670,13429304735800,0.1750,0.5060
276.1290,129.6220,0.6640,13429304791800,0.1930,0.5070
275.7430,129.4760,0.6620,13429304795000,0.1930,0.5070
275.3570,129.2570,0.6610,13429321788900,0.1930,0.5070
275.0140,128.8550,0.6600,13429321849300,0.1930,0.5070
274.6290,128.6360,0.6580,13429321852100,0.1930,0.5070
274.2430,128.3450,0.6570,13429321853700,0.1930,0.5070
273.8570,128.0530,0.6560,13429338717900,0.1930,0.5070
273.5140,127.8340,0.6550,13429338788200,0.1930,0.5070
273.1290,127.5780,0.6540,13429338802100,0.1930,0.5070
272.8290,127.4320,0.6530,13429354790300,0.1930,0.5070
272.4430,127.2860,0.6520,13429354836000,0.2100,0.5060
272.2290,127.1410,0.6510,13429354837900,0.2100,0.5060
272.0140,127.0680,0.6500,13429354838800,0.2100,0.5060
271.4140,127.0680,0.6490,13429371781900,0.2100,0.5060
270.9000,127.2140,0.6470,13429389117700,0.2100,0.5060
270.6430,127.3590,0.6470,13429389621800,0.2100,0.5060
270.3430,127.4320,0.6470,13429389672800,0.2100,0.5060
270.0000,127.6510,0.6460,13429389680300,0.2100,0.5060
269.6140,127.9800,0.6460,13429405066100,0.2100,0.5060
269.2290,128.1990,0.6460,13429405436300,0.2100,0.5060
268.8000,128.4910,0.6450,13429422951200,0.2100,0.5060
268.5430,128.7090,0.6450,13429423358200,0.2100,0.5060
268.2000,129.0010,0.6450,13429423381300,0.2100,0.5060
267.8140,129.2570,0.6450,13429423386000,0.2100,0.5060
267.4290,129.5490,0.6450,13429423388700,0.2100,0.5060
267.0430,129.8410,0.6450,13429439981100,0.2100,0.5060
266.6140,130.2050,0.6440,13429440230600,0.2100,0.5060
266.1430,130.5340,0.6440,13429456952900,0.2100,0.5060
265.7140,130.8260,0.6440,13429457212800,0.2100,0.5060
265.2430,131.1180,0.6440,13429457224300,0.2100,0.5060
264.5140,131.6280,0.6440,13429457227500,0.2100,0.5060
263.8290,132.1030,0.6440,13429457231700,0.2100,0.5060
263.0140,132.5410,0.6440,13429473006500,0.2100,0.5060
262.2860,132.9780,0.6440,13429473739400,0.2100,0.5060
261.5140,133.4530,0.6440,13429474091100,0.2100,0.5060
260.7000,133.8910,0.6440,13429474115400,0.2100,0.5060
259.8860,134.3280,0.6440,13429489812800,0.2100,0.5060
259.0290,134.8030,0.6440,13429489972000,0.2100,0.5060
258.2140,135.1680,0.6450,13429489991000,0.2100,0.5060
257.4000,135.5320,0.6450,13429506114300,0.2100,0.5060
256.6290,135.8970,0.6440,13429506536200,0.2100,0.5060
255.9860,136.2990,0.6440,13429506575400,0.2100,0.5060
255.2140,136.6640,0.6450,13429506587800,0.2100,0.5060
254.5710,136.9550,0.6450,13429523829400,0.2100,0.5060
253.8860,137.1740,0.6450,13429524045200,0.2100,0.5060
253.2860,137.3930,0.6450,13429540799600,0.2100,0.5060
252.5140,137.7950,0.6450,13429540886600,0.2100,0.5060
251.7000,138.0860,0.6450,13429540889000,0.2100,0.5060
250.9710,138.3780,0.6450,13429540889900,0.2100,0.5060
250.2860,138.5970,0.6450,13429540890700,0.2100,0.5060
249.4710,138.9990,0.6450,13429557714500,0.2100,0.5060
248.6140,139.3640,0.6450,13429557784900,0.2100,0.5060
247.8860,139.5820,0.6450,13429574808400,0.2100,0.5060
247.2000,139.8010,0.6450,13429575031900,0.2100,0.5060
246.3860,140.1660,0.6450,13429575043100,0.2100,0.5060
245.7000,140.4220,0.6450,13429575045300,0.2110,0.5250
245.0570,140.6410,0.6450,13429591686700,0.2100,0.5430
244.4570,140.7860,0.6450,13429591733800,0.2100,0.5600
243.8570,140.8590,0.6450,13429591736100,0.2110,0.5770
243.2570,141.1510,0.6450,13429591737100,0.2110,0.5770
242.6570,141.2970,0.6450,13429591738000,0.2110,0.5770
241.9710,141.3700,0.6460,13429608692100,0.2100,0.5940
241.3710,141.5160,0.6460,13429608786700,0.2100,0.5940
240.8570,141.4430,0.6460,13429608793300,0.2110,0.5770
240.2570,141.5160,0.6460,13429625763900,0.2110,0.5770
239.6570,141.5160,0.6460,13429625838100,-0.1570,0.5770
239.0570,141.5160,0.6460,13429625841600,-0.1040,0.5770
238.4570,141.4430,0.6460,13429625843100,-0.0520,0.5760
237.8570,141.2970,0.6460,13429642658800,0.0000,0.5760
237.2570,141.2240,0.6470,13429642699900,0.0000,0.5760
236.7430,141.0050,0.6470,13429659679400,0.0000,0.5760
236.1430,140.8590,0.6480,13429659746400,0.0000,0.5760
235.5860,140.6410,0.6480,13429659750400,0.0000,0.5760
235.0710,140.4220,0.6500,13429659752200,0.0000,0.5760
234.5570,140.0930,0.6510,13429675781200,0.0000,0.5760
234.0430,139.8010,0.6530,13429675959100,0.0000,0.5760
233.5710,139.4370,0.6550,13429675962700,0.0000,0.5760
233.0570,139.1450,0.6570,13429676048200,0.0000,0.5760
232.5860,138.6700,0.6580,13429676068500,0.0000,0.5760
232.2430,138.3050,0.6600,13429692554800,0.0000,0.5760
231.6860,137.6490,0.6620,13429692602600,0.0000,0.5760
231.1290,137.0280,0.6630,13429708677700,0.0000,0.5760
230.6570,136.3720,0.6650,13429708882500,0.0000,0.5760
230.1430,135.6050,0.6670,13429708887300,0.0000,0.5760
229.7570,134.8760,0.6690,13429708888600,0.0000,0.5760
229.3290,134.1090,0.6710,13429708985300,0.0000,0.5760
228.8570,133.3070,0.6740,13429725543300,0.0000,0.5760
228.4290,132.4680,0.6760,13429725666000,0.0000,0.5760
228.1290,131.6280,0.6790,13429742514600,0.0000,0.5760
227.7430,130.7530,0.6810,13429742551400,0.0000,0.5760
227.5290,129.9130,0.6840,13429742553500,0.0000,0.5760
227.2290,129.0010,0.6870,13429742554500,0.0000,0.5760
226.9290,128.1260,0.6910,13429742555300,0.0000,0.5760
226.7570,127.2860,0.6940,13429759537800,0.0000,0.5760
226.6290,126.4840,0.6980,13429759622100,0.0000,0.5760
226.3710,125.5720,0.7010,13429776500400,0.0000,0.5760
226.1570,124.5860,0.7050,13429776551600,0.0000,0.5760
226.0290,123.6380,0.7080,13429776554300,0.0000,0.5760
225.9430,122.5800,0.7110,13429776555700,0.0000,0.5760
225.7710,121.5220,0.7140,13429776557300,0.0000,0.5760
225.7290,120.6090,0.7170,13429793483700,0.0000,0.5760
225.7290,119.7340,0.7190,13429793520900,0.0000,0.5760
225.7290,118.8220,0.7210,13429810478400,0.0000,0.5760
225.6430,117.6910,0.7230,13429810532700,0.0000,0.5760
225.6430,116.5960,0.7250,13429810536100,0.0000,0.5760
225.5570,115.4650,0.7270,13429810537900,0.0000,0.5760
225.4710,114.3340,0.7290,13429810539500,0.0000,0.5760
225.4710,113.2030,0.7320,13429827471100,0.0000,0.5760
225.4710,111.9990,0.7340,13429827518700,0.0000,0.5760
225.5570,110.9770,0.7370,13429844452700,0.0000,0.5760
225.4710,109.7000,0.7400,13429844487800,0.0000,0.5760
225.4290,108.6420,0.7440,13429844491200,0.0000,0.5760
225.3430,107.5840,0.7470,13429844492700,0.0000,0.5760
225.2570,106.4530,0.7510,13429861453100,0.0000,0.5760
225.1710,105.2850,0.7540,13429861507100,0.0350,0.5770
225.0430,104.2270,0.7570,13429861510100,0.0530,0.5760
224.9570,103.0960,0.7600,13429861511900,0.0710,0.5770
224.8710,101.9650,0.7640,13429861513800,0.0880,0.5770
224.8290,100.8340,0.7660,13429878445100,0.1050,0.5770
224.8290,99.7390,0.7690,13429878488600,0.1230,0.5760
224.6570,98.6080,0.7710,13429895453200,0.1410,0.5780
224.6570,97.4770,0.7730,13429895526900,0.1580,0.5760
224.5710,96.3460,0.7750,13429895532900,0.1750,0.5770
224.5290,95.2150,0.7760,13429895534900,0.1930,0.5770
224.4430,94.1930,0.7780,13429895536900,0.2110,0.5770
224.3570,93.1350,0.7800,13429912431400,0.2110,0.5770
224.2290,92.0770,0.7820,13429912488100,0.2110,0.5770
224.1430,91.1650,0.7840,13429929439500,0.2110,0.5770
224.0570,90.2890,0.7850,13429929513300,0.2110,0.5770
223.9710,89.2310,0.7870,13429929524100,0.2110,0.5770
223.8430,88.1000,0.7890,13429929526500,0.2110,0.5770
223.6710,87.1510,0.7900,13429929529100,0.2110,0.5770
223.6290,86.0200,0.7920,13429946433000,0.2110,0.5770
223.4570,85.0350,0.7930,13429946532000,0.2110,0.5770
223.2430,83.9040,0.7940,13429946536900,0.2110,0.5770
223.1140,82.8090,0.7950,13429963399100,0.2110,0.5770
222.9430,81.7510,0.7960,13429963458100,0.2110,0.5770
222.8140,80.5470,0.7970,13429963461800,0.2110,0.5770
222.6430,79.4160,0.7980,13429963470900,0.2110,0.5770
222.5570,78.2120,0.7980,13429980410600,0.2110,0.5770
222.4290,76.9350,0.7960,13429980494600,0.2110,0.5770
222.4290,75.6580,0.7900,13429980497800,0.2110,0.5770
222.5140,74.3080,0.7780,13429980499500,0.2110,0.5770
222.8140,72.2280,0.7580,13429997396400,0.2110,0.5770
223.1140,70.1120,0.7290,13429997448800,0.2110,0.5770
223.6290,67.5950,0.7070,13429997451300,0.2100,0.5600
