657.8140,131.1180,0.3320,13461071444400,0.0000,0.5060
657.0000,130.9720,0.4960,13461087363600,0.0000,0.5060
656.1860,131.1180,0.5320,13461103533900,0.0000,0.5060
655.5000,131.2630,0.5480,13461103578000,0.0000,0.5060
654.4290,131.4090,0.5620,13461103580100,0.0000,0.5060
653.4860,131.5550,0.5750,13461103581200,0.0000,0.5060
652.5000,131.7740,0.5860,13461120554800,0.0000,0.5060
651.6860,132.0300,0.5970,13461120607200,0.0000,0.5060
650.7000,132.2490,0.6060,13461137433000,0.0000,0.5060
649.8000,132.4680,0.6150,13461137457100,0.0000,0.5060
648.6860,132.6870,0.6230,13461137458500,0.0000,0.5060
647.7860,132.9050,0.6300,13461137459300,0.0000,0.5060
646.8000,133.0510,0.6370,13461137460000,0.0000,0.5060
645.9860,133.1970,0.6430,13461153559800,0.0000,0.5060
645.3860,133.3070,0.6480,13461153605400,0.0000,0.5060
644.8710,133.3800,0.6540,13461170542000,0.0000,0.5060
644.2710,133.4530,0.6580,13461170591300,0.0000,0.5060
643.8000,133.4530,0.6630,13461170595300,0.0000,0.5060
643.4140,133.4530,0.6660,13461170601100,0.0000,0.5060
643.1140,133.4530,0.6700,13461186595400,0.0000,0.5060
642.6860,133.3070,0.6750,13461186645500,0.0000,0.5060
642.5570,132.9050,0.6800,13461202621600,0.0000,0.5060
642.6860,132.3220,0.6840,13461218784800,0.0000,0.5410
643.1140,131.7010,0.6860,13461218818700,0.0000,0.5590
643.4140,131.2630,0.6870,13461218821000,0.0000,0.5590
643.8860,130.9720,0.6880,13461235794700,0.0000,0.5590
644.4000,130.6800,0.6880,13461235817800,0.0000,0.5590
645.0860,130.2780,0.6890,13461251844900,0.0000,0.5590
645.8140,129.9860,0.6890,13461251876400,0.0000,0.5590
646.3710,129.7680,0.6890,13461251878200,0.0000,0.5590
647.0140,129.5490,0.6890,13461251879200,0.0000,0.5590
647.4860,129.4760,0.6890,13461268843400,0.0000,0.5590
648.0860,129.4030,0.6890,13461268865200,0.0000,0.5590
648.5140,129.4760,0.6880,13461268866600,0.0000,0.5590
648.7710,129.4760,0.6880,13461285791600,0.0000,0.5590
649.2860,129.6950,0.6880,13461285837200,0.0000,0.5590
649.6720,129.9860,0.6870,13461285839300,0.0000,0.5590
649.8860,130.2780,0.6860,13461285840600,0.0000,0.5590
650.2710,130.7530,0.6870,13461302799400,0.0000,0.5590
650.5710,131.2630,0.6870,13461302833600,0.0000,0.5590
650.7000,132.0300,0.6870,13461302838800,0.0000,0.5590
650.7000,132.8320,0.6870,13461302840200,0.0000,0.5590
650.7000,133.6720,0.6880,13461319759900,0.0000,0.5760
650.7000,134.8030,0.6890,13461319793800,0.0000,0.5930
650.2710,136.5180,0.6910,13461319796000,0.0000,0.6110
649.7140,138.3780,0.6930,13461335752900,0.0000,0.6110
649.2860,139.7280,0.6950,13461335774300,0.0000,0.6110
648.6860,141.2970,0.6970,13461335775500,0.0000,0.6110
648.2140,142.5740,0.7000,13461335776500,0.0000,0.6280
647.8710,143.7050,0.7020,13461335777200,0.0000,0.6280
647.1000,145.1280,0.7050,13461351793900,0.0000,0.6280
646.5860,146.3320,0.7070,13461351831200,0.0000,0.6280
645.9000,147.2810,0.7100,13461367829300,0.0000,0.6280
645.3000,148.0470,0.7130,13461367871000,0.0000,0.6280
644.7000,148.8870,0.7150,13461367875100,0.0000,0.6280
643.9710,149.6890,0.7180,13461367876200,0.0000,0.6280
643.2860,150.4550,0.7200,13461383864600,0.0000,0.6280
642.6000,151.1120,0.7220,13461383893600,0.0000,0.6280
641.8710,151.8050,0.7250,13461383894800,0.0000,0.6280
641.1000,152.3160,0.7270,13461399875900,0.0000,0.6280
640.2860,152.8270,0.7290,13461399919700,0.0000,0.6280
639.6860,153.3740,0.7320,13461399922200,0.0000,0.6280
638.9570,153.7390,0.7340,13461399923700,0.0000,0.6460
638.1860,154.0310,0.7370,13461415965400,0.0000,0.6460
637.3710,154.3590,0.7380,13461416100500,0.0000,0.6460
636.6000,154.5780,0.7410,13461432144800,0.0000,0.6460
635.8710,154.6510,0.7420,13461432388000,0.0000,0.6460
635.2710,154.7970,0.7440,13461432393100,0.0000,0.6460
634.6720,154.7970,0.7460,13461432394600,0.0000,0.6460
634.0710,154.7970,0.7480,13461432396200,0.0000,0.6460
633.3860,154.7240,0.7500,13461448062600,0.0000,0.6460
632.7860,154.6510,0.7520,13461448093700,0.0000,0.6460
632.1860,154.5050,0.7540,13461464074200,0.0000,0.6460
631.6710,154.2500,0.7570,13461464096700,0.0000,0.6460
631.0710,154.1040,0.7600,13461464098000,0.0000,0.6460
630.3430,153.6660,0.7630,13461464098800,0.0000,0.6460
629.5710,153.1550,0.7660,13461481072400,0.0000,0.6460
628.9710,152.5350,0.7700,13461481094800,0.0000,0.6460
628.2860,151.7320,0.7730,13461481096200,0.0000,0.6460
627.9430,150.8930,0.7770,13461497109700,0.0000,0.6460
627.3860,149.9810,0.7810,13461497147200,0.0000,0.6630
627.0430,148.9590,0.7850,13461497148600,0.0360,0.6640
626.7430,147.8280,0.7890,13461497149400,0.0530,0.6640
626.2710,146.1140,0.7930,13461497150100,0.0710,0.6650
625.9290,144.2160,0.7960,13461514044100,0.0870,0.6640
625.6720,142.5740,0.8000,13461514106700,0.1050,0.6640
625.6290,141.0780,0.8030,13461530034700,0.1230,0.6640
625.5430,139.6550,0.8060,13461530066100,0.1400,0.6640
625.5430,138.1590,0.8090,13461530068500,0.1580,0.6640
625.5430,136.0430,0.8110,13461530069700,0.1760,0.6630
625.6290,133.8180,0.8130,13461547023900,0.1930,0.6640
625.7570,131.7010,0.8150,13461547049600,0.2110,0.6630
625.9290,129.6220,0.8170,13461547051900,0.2110,0.6630
626.1430,127.5050,0.8190,13461564009100,0.2110,0.6630
626.2710,125.3530,0.8210,13461564039700,0.2110,0.6630
626.6570,123.1640,0.8220,13461564041400,0.2110,0.6630
626.7860,120.9380,0.8230,13461564042600,0.2110,0.6630
627.0860,118.6760,0.8240,13461580051800,0.2110,0.6630
627.4710,116.4140,0.8240,13461580091900,0.2110,0.6630
627.6860,114.0420,0.8250,13461580094000,0.2280,0.6640
627.9860,111.7070,0.8250,13461580095300,0.2280,0.6640
628.2860,109.4810,0.8260,13461596074200,0.2280,0.6640
628.5430,107.2190,0.8260,13461596098200,0.2280,0.6640
628.6710,105.0300,0.8260,13461613073100,0.2450,0.6640
628.8860,103.0230,0.8270,13461613097000,0.2450,0.6640
628.9710,101.4540,0.8270,13461613098300,0.2450,0.6640
629.0570,100.1040,0.8270,13461613099200,0.2450,0.6640
629.1860,98.9730,0.8270,13461613100000,0.2450,0.6640
629.1860,98.0610,0.8280,13461629179900,0.2450,0.6640
629.2710,97.2580,0.8280,13461629233300,0.2450,0.6640
629.3570,96.5650,0.8280,13461629235500,0.2450,0.6640
629.4430,95.9810,0.8270,13461646101900,0.2450,0.6640
629.4860,95.5430,0.8230,13461646147800,0.2450,0.6640
629.7430,95.1420,0.8160,13461646150500,0.2450,0.6640
629.9570,94.9230,0.8050,13461646151600,0.2450,0.6640
630.1710,94.7770,0.7900,13461662159800,0.2450,0.6640
630.6860,94.9230,0.7480,13461662197200,0.2450,0.6640
631.1570,95.1420,0.7210,13461662198600,0.2450,0.6640
631.8430,95.7620,0.6910,13461679080100,0.2450,0.6640
632.4430,96.4920,0.6740,13461679101100,0.2450,0.6640
632.9570,97.2580,0.6480,13461695147700,0.2450,0.6640
633.5570,98.1340,0.6160,13461695197200,0.2450,0.6640
634.1570,99.0460,0.5830,13461695199300,0.2450,0.6640
634.7570,99.8850,0.5510,13461695200700,0.2450,0.6640
635.4000,100.6150,0.5220,13461712087600,0.2450,0.6640
636.0000,101.4540,0.4960,13461712117200,0.2450,0.6640
636.5570,102.1110,0.4750,13461712118400,0.2450,0.6640
637.0710,102.7310,0.4600,13461729051200,0.2450,0.6640
637.5000,103.2420,0.4400,13461729098200,0.2450,0.6640
637.8860,103.6070,0.4390,13461729100300,0.2450,0.6640
638.5710,103.8620,0.4400,13461729101500,0.2450,0.6640
639.0860,104.0810,0.4420,13461746026100,0.2450,0.6640
639.6860,104.1540,0.4460,13461746068900,0.2450,0.6640
640.4570,104.1540,0.4500,13461746071500,0.2450,0.6640
641.4860,104.0080,0.4540,13461762033600,0.2450,0.6640
643.3710,103.6800,0.4580,13461762065600,0.2450,0.6640
645.0860,103.2420,0.4620,13461762068000,0.2450,0.6640
646.8860,102.7310,0.4640,13461762069600,0.2450,0.6640
648.6860,102.0380,0.4570,13461779061500,0.2450,0.6640
650.4860,101.3810,0.4360,13461779090300,0.2450,0.6640
652.2000,100.7610,0.3640,13461779092600,0.2450,0.6640
654.0860,100.0310,0.3030,13461779095800,0.2450,0.6640
655.7140,99.2650,0.2520,13461796136000,0.2450,0.6640
611.5290,135.0220,0.0170,13462161635500,0.2270,0.5760
611.5290,134.6200,0.0490,13462177361500,0.2270,0.5760
611.5290,133.9640,0.1260,13462193461500,0.2270,0.5760
611.5290,133.6720,0.1650,13462193511800,0.2270,0.5760
611.5290,133.1240,0.2350,13462193514400,0.2270,0.5760
611.4430,132.8320,0.3220,13462209602600,0.2270,0.5760
611.0570,134.1090,0.4290,13462242625200,0.2270,0.5760
610.9290,134.7300,0.4470,13462242668500,0.2270,0.5760
610.6290,135.6050,0.4640,13462242670800,0.2270,0.5760
610.3290,136.5910,0.4800,13462242672200,0.2270,0.5940
610.0290,137.7220,0.4950,13462259618100,0.2280,0.6120
609.7290,138.8160,0.5090,13462259702800,0.2280,0.6300
609.1290,140.4950,0.5220,13462276621500,0.2280,0.6300
608.6140,142.0630,0.5340,13462276662500,0.2280,0.6300
608.0140,143.4140,0.5450,13462276664000,0.2280,0.6300
607.2430,144.8360,0.5550,13462276665100,0.2280,0.6300
606.6000,146.0410,0.5640,13462276666200,0.2280,0.6300
606.0430,147.0620,0.5730,13462292621600,0.2280,0.6300
605.4430,147.9010,0.5800,13462292670700,0.2280,0.6300
604.9290,148.7410,0.5870,13462292673200,0.2280,0.6300
604.3290,149.4700,0.5940,13462309633200,0.2280,0.6470
603.8140,150.1640,0.6000,13462309677900,0.2280,0.6470
603.2140,150.7470,0.6060,13462309689800,0.2280,0.6470
602.7430,151.1850,0.6110,13462309691200,0.2280,0.6470
602.2290,151.5860,0.6150,13462325682900,0.2280,0.6470
601.8000,151.8780,0.6200,13462325722700,0.2280,0.6470
601.3280,152.0970,0.6240,13462325724600,0.2280,0.6470
600.7290,152.3160,0.6280,13462325725700,0.2280,0.6470
600.3000,152.3890,0.6300,13462342647800,0.2280,0.6470
599.7000,152.5350,0.6330,13462342675500,0.2280,0.6470
599.1000,152.5350,0.6350,13462342677600,0.2280,0.6470
598.4140,152.5350,0.6380,13462359721000,0.2280,0.6470
597.8140,152.4620,0.6400,13462359782300,0.2280,0.6470
597.1290,152.3890,0.6430,13462359812100,0.2280,0.6470
596.5290,152.2430,0.6460,13462359841600,0.2280,0.6470
595.7140,151.9510,0.6480,13462376742700,0.2280,0.6470
594.7290,151.5860,0.6510,13462376772200,0.2280,0.6470
594.0000,151.1120,0.6540,13462393595500,0.2280,0.6470
593.3140,150.4550,0.6570,13462393651500,0.2280,0.6470
592.6710,149.8350,0.6610,13462393654500,0.2280,0.6470
592.0710,149.1050,0.6640,13462393656000,0.2280,0.6470
591.5140,148.0470,0.6670,13462393657100,0.2280,0.6470
590.8710,146.6970,0.6700,13462409705400,0.2280,0.6470
590.3140,145.2740,0.6730,13462409740800,0.2280,0.6470
589.9710,143.9970,0.6770,13462426702800,0.2460,0.6470
589.7140,142.9390,0.6810,13462426733100,0.2460,0.6470
589.5000,141.6620,0.6860,13462426735200,0.2460,0.6470
589.3710,140.4220,0.6910,13462426736300,0.2460,0.6470
589.2000,139.1450,0.6970,13462443662600,0.2460,0.6470
589.0710,137.7950,0.7030,13462443715100,0.2460,0.6470
588.8140,136.3720,0.7090,13462443716400,0.2460,0.6470
588.8140,135.0220,0.7140,13462443717100,0.2630,0.6470
588.7710,133.6720,0.7200,13462443717700,0.2630,0.6470
588.7710,132.2490,0.7250,13462460660600,0.2800,0.6460
588.7710,130.7530,0.7290,13462460687100,0.2800,0.6460
588.7710,129.2570,0.7340,13462477707200,0.2800,0.6460
588.7710,127.1410,0.7380,13462477760500,0.2800,0.6460
588.8140,124.9150,0.7420,13462477763700,0.2800,0.6460
589.0710,122.7260,0.7450,13462477765100,0.2800,0.6460
589.2860,120.7190,0.7490,13462477766200,0.2800,0.6460
589.5000,118.6030,0.7510,13462493796500,0.2800,0.6460
589.8000,116.6690,0.7540,13462493832000,0.2800,0.6460
590.1000,114.6260,0.7580,13462509779300,0.2800,0.6460
590.4860,112.6920,0.7610,13462509817900,0.2800,0.6460
590.7860,110.7950,0.7640,13462509819300,0.2800,0.6460
591.0860,109.2260,0.7680,13462509820200,0.2800,0.6460
591.3860,107.8760,0.7710,13462526742200,0.2800,0.6460
591.6000,106.7080,0.7740,13462526768700,0.2980,0.6470
591.7710,105.5040,0.7780,13462526770700,0.2980,0.6470
591.9000,104.3730,0.7810,13462526771900,0.2980,0.6470
592.1140,103.2420,0.7840,13462542809300,0.2980,0.6470
592.3710,102.1110,0.7870,13462542854700,0.2980,0.6470
592.5000,101.1620,0.7890,13462542866600,0.2980,0.6470
592.6710,100.1040,0.7920,13462559785900,0.2980,0.6470
592.8000,99.1920,0.7940,13462559833200,0.2980,0.6470
592.8860,98.4620,0.7970,13462559835100,0.2980,0.6470
592.9710,97.6960,0.7990,13462559836400,0.2980,0.6470
593.1000,97.1850,0.8000,13462559837500,0.2980,0.6470
593.2710,96.5650,0.7990,13462575898900,0.2980,0.6470
593.3140,96.0540,0.7910,13462575940400,0.2980,0.6470
593.4860,95.6160,0.7790,13462592039400,0.2980,0.6470
593.6140,95.1420,0.7630,13462592086100,0.2980,0.6470
593.8710,94.9230,0.7420,13462592088200,0.2980,0.6470
594.0000,94.7040,0.7180,13462592089500,0.2980,0.6470
594.2140,94.6310,0.7020,13462608072500,0.2980,0.6470
594.6860,94.7040,0.6290,13462625035400,0.2980,0.6470
594.9860,94.7770,0.5240,13462625093600,0.2980,0.6470
595.4140,94.9960,0.4370,13462625095700,0.2980,0.6470
595.8000,95.2880,0.3640,13462625096800,0.2980,0.6470
605.1000,102.7310,0.2260,13462722226600,0.2980,0.6290
605.3140,103.0960,0.3520,13462722261200,0.2980,0.6290
605.5290,103.4610,0.4250,13462738121100,0.2980,0.6290
605.6140,103.7530,0.4720,13462738158000,0.2980,0.6290
605.8290,104.0810,0.5070,13462738159200,0.2980,0.6290
605.8290,104.3000,0.5330,13462738160100,0.2980,0.6290
605.9140,104.5920,0.5540,13462754407500,0.2980,0.6290
605.9140,105.1030,0.5830,13462754449900,0.2980,0.6290
606.0000,105.4310,0.5940,13462770443900,0.2980,0.6290
606.0000,106.0150,0.6100,13462770468900,0.2980,0.6290
606.1290,106.4530,0.6140,13462770470200,0.2980,0.6290
606.3000,107.0000,0.6110,13462786507000,0.2980,0.6290
606.6000,107.2920,0.5950,13462786551600,0.2980,0.6290
606.9000,107.8030,0.5660,13462786556600,0.2980,0.6290
607.2430,108.2770,0.4710,13462803448100,0.2980,0.6290
607.5430,108.6420,0.3930,13462803476500,0.2980,0.6290
607.9290,109.0070,0.3270,13462803477900,0.2980,0.6290
573.1720,133.0510,0.0360,13464602104000,0.1570,0.4710
573.0430,132.8320,0.0680,13464602152200,0.1570,0.4710
572.8710,132.5410,0.1020,13464602153600,0.1570,0.4710
572.6570,132.0300,0.1700,13464618143800,0.1750,0.4890
572.5710,131.7010,0.2020,13464618279400,0.1750,0.5060
572.4860,131.4090,0.2320,13464618282100,0.1750,0.5060
572.3570,131.1180,0.2600,13464635071700,0.1930,0.5070
572.2710,130.6070,0.2860,13464635147000,0.1930,0.5070
572.1860,130.1320,0.3110,13464635149700,0.1930,0.5070
572.0570,129.7680,0.3330,13464652094700,0.1930,0.5070
571.9710,129.2570,0.3540,13464652160300,0.1930,0.5070
571.8860,128.7090,0.3740,13464652162400,0.1930,0.5070
571.8430,128.2720,0.3920,13464652163300,0.1930,0.5070
571.6710,127.7610,0.4080,13464652164700,0.1930,0.5070
571.5860,127.2140,0.4240,13464669057200,0.1930,0.5070
571.5860,126.7030,0.4390,13464669180600,0.1930,0.5070
571.5430,126.0820,0.4520,13464686045500,0.1930,0.5070
571.3710,125.5720,0.4650,13464686151400,0.1930,0.5070
571.3710,124.9880,0.4770,13464686155300,0.1930,0.5070
571.2860,124.3680,0.4880,13464686158000,0.1930,0.5070
571.2860,123.7840,0.4980,13464703319000,0.1930,0.5070
571.2430,123.1640,0.5080,13464703966000,0.1930,0.5070
571.2430,122.5800,0.5170,13464704227300,0.1930,0.5070
571.1570,121.9590,0.5260,13464704238800,0.1930,0.5070
571.1570,121.3760,0.5340,13464704240700,0.1930,0.5070
571.1570,120.7920,0.5420,13464720292200,0.1930,0.5070
571.2430,120.0990,0.5480,13464720671700,0.1930,0.5070
571.2430,119.5150,0.5560,13464736713800,0.1930,0.5240
571.1570,118.8950,0.5630,13464736934200,0.1930,0.5410
571.1570,118.3110,0.5700,13464736950500,0.1930,0.5410
571.1570,117.7630,0.5760,13464736960600,0.2100,0.5430
571.2430,117.1800,0.5820,13464736961500,0.2100,0.5430
571.2430,116.7420,0.5890,13464752667600,0.2100,0.5600
571.2430,116.2680,0.5970,13464752844400,0.2100,0.5600
571.2430,115.9030,0.6040,13464769742400,0.2100,0.5600
571.2430,115.6110,0.6110,13464769966100,0.2100,0.5600
571.0710,114.9910,0.6250,13464769972200,0.2100,0.5600
570.9430,114.6990,0.6370,13464786461100,0.2100,0.5600
570.6860,114.4800,0.6470,13464803643600,0.2100,0.5600
570.3860,114.4800,0.6550,13464803856800,0.2100,0.5600
570.0430,114.7720,0.6680,13464820219600,0.2100,0.5600
569.8280,115.1730,0.6770,13464837020300,0.2100,0.5600
569.5710,115.3920,0.6810,13464837158500,0.2100,0.5600
569.5290,115.6840,0.6860,13464837170900,0.2100,0.5600
569.3570,116.1220,0.6900,13464837172300,0.2100,0.5600
569.2290,116.6690,0.6950,13464853180800,0.2100,0.5600
569.0570,117.1070,0.7000,13464853675400,0.2100,0.5600
568.9290,117.6910,0.7050,13464853685000,0.2100,0.5600
568.8430,118.2380,0.7090,13464853690700,0.2100,0.5600
568.6710,118.8220,0.7140,13464869572600,0.2100,0.5600
568.5430,119.4420,0.7180,13464869619700,0.2100,0.5600
568.3710,120.0990,0.7220,13464869621600,0.2100,0.5600
568.3290,120.6090,0.7270,13464886854800,0.2100,0.5600
568.2430,121.3030,0.7310,13464887125300,0.2100,0.5600
568.0710,121.8860,0.7340,13464887131200,0.2100,0.5600
568.0710,122.5070,0.7380,13464887132300,0.2100,0.5600
568.0290,123.0910,0.7410,13464903770800,0.2100,0.5600
567.8570,123.7110,0.7450,13464903917300,0.2100,0.5600
567.7710,124.2950,0.7490,13464903919900,0.2100,0.5600
567.7290,124.9150,0.7520,13464920713400,0.2100,0.5600
567.6430,125.4990,0.7550,13464920941900,0.2100,0.5600
567.5570,126.0820,0.7580,13464920947600,0.2100,0.5600
567.4710,126.6300,0.7610,13464920949900,0.2100,0.5600
567.2570,127.2140,0.7630,13464937543200,0.2100,0.5600
567.2570,127.7610,0.7660,13464937595000,0.2100,0.5600
567.1720,128.1990,0.7690,13464953602700,0.2100,0.5600
567.1720,128.7090,0.7710,13464953668400,0.2100,0.5600
567.0430,129.1110,0.7730,13464953670900,0.2100,0.5600
566.9570,129.6220,0.7750,13464953672300,0.2100,0.5600
566.7430,130.0590,0.7770,13464953673100,0.2100,0.5600
566.6570,130.4240,0.7790,13464970625900,0.2100,0.5600
566.5290,130.8990,0.7800,13464970733200,0.2100,0.5600
566.2710,131.2630,0.7820,13464970736200,0.2100,0.5600
566.1430,131.7010,0.7830,13464987509800,0.2100,0.5600
565.9290,132.1030,0.7850,13464987558000,0.2100,0.5600
565.6720,132.3950,0.7860,13464987560000,0.2100,0.5600
565.4570,132.6870,0.7870,13464987561400,0.2100,0.5600
565.2430,132.9780,0.7880,13465004488300,0.2100,0.5600
565.0290,133.3800,0.7900,13465004515800,0.2100,0.5600
564.7710,133.6720,0.7910,13465004516900,0.2100,0.5600
564.5570,133.8910,0.7920,13465004517400,0.2100,0.5600
564.2570,134.0360,0.7930,13465020485800,0.2100,0.5600
564.0430,134.1820,0.7940,13465020509400,0.2100,0.5600
563.8280,134.2550,0.7950,13465020510400,0.2100,0.5600
563.3570,134.4740,0.7950,13465036511500,0.2100,0.5600
563.0570,134.6200,0.7960,13465036530200,0.2100,0.5600
562.6710,134.7300,0.7970,13465036531300,0.2100,0.5600
562.3280,134.8030,0.7980,13465036531900,0.2100,0.5600
561.9430,134.8030,0.7980,13465053504600,0.2100,0.5600
561.5570,134.8760,0.7990,13465053523300,0.2100,0.5600
560.9140,134.8030,0.7990,13465070488600,0.2100,0.5600
560.5290,134.8030,0.7980,13465070518100,0.2100,0.5600
560.2290,134.7300,0.7970,13465070519100,0.2100,0.5600
559.7570,134.6200,0.7950,13465070519800,0.2100,0.5600
559.2430,134.5470,0.7940,13465087484200,0.2100,0.5600
558.8140,134.4010,0.7930,13465087517800,0.2100,0.5600
558.4290,134.2550,0.7910,13465087518900,0.2100,0.5600
558.0430,134.1090,0.7900,13465104455200,0.2100,0.5600
557.6140,133.9640,0.7900,13465104490900,0.2100,0.5600
557.3570,133.8180,0.7890,13465104492200,0.2100,0.5600
556.9290,133.6720,0.7870,13465104493200,0.2100,0.5600
556.5430,133.5260,0.7860,13465120500800,0.2100,0.5600
556.1570,133.3800,0.7850,13465120528500,0.2100,0.5600
555.8570,133.1970,0.7840,13465136575900,0.2270,0.5590
555.5140,133.1240,0.7830,13465136611400,0.2450,0.5600
554.8280,133.1240,0.7810,13465136612800,0.2450,0.5600
554.5290,133.1240,0.7810,13465136613800,0.2450,0.5600
554.0140,133.1970,0.7800,13465153483600,0.2450,0.5600
553.5000,133.3800,0.7790,13465153521400,0.2450,0.5600
553.0290,133.5260,0.7790,13465153523000,0.2450,0.5600
552.6000,133.8180,0.7790,13465153523900,0.2450,0.5600
552.0430,134.0360,0.7780,13465170495900,0.2450,0.5600
551.6140,134.3280,0.7780,13465170527000,0.2450,0.5600
551.1000,134.7300,0.7780,13465187482200,0.2450,0.5600
550.6290,135.0950,0.7780,13465187501800,0.2450,0.5600
550.1140,135.7510,0.7780,13465187502800,0.2450,0.5600
549.6000,136.2260,0.7780,13465187503400,0.2450,0.5600
549.1290,136.8820,0.7780,13465187503900,0.2450,0.5600
548.7000,137.3930,0.7780,13465203526200,0.2450,0.5600
548.2290,137.8680,0.7780,13465203570800,0.2460,0.5770
547.8430,138.2320,0.7790,13465203572100,0.2460,0.5770
547.5000,138.5970,0.7790,13465219632600,0.2450,0.5950
547.1140,138.9990,0.7790,13465219656700,0.2450,0.6120
546.7290,139.2910,0.7790,13465219657700,0.2460,0.6290
546.3430,139.5820,0.7790,13465219658300,0.2460,0.6290
546.0000,139.8010,0.7790,13465235647300,0.2460,0.6290
545.6140,139.9470,0.7790,13465235686200,0.2460,0.6290
545.3140,140.0930,0.7790,13465252635900,0.2460,0.6290
544.9290,140.1660,0.7780,13465252667200,0.2460,0.6290
544.6290,140.1660,0.7770,13465252668200,0.2460,0.6290
544.3290,140.2390,0.7760,13465252668800,0.2460,0.6290
543.9860,140.2390,0.7750,13465252669300,0.2460,0.6290
543.2140,140.2390,0.7730,13465268710900,0.2460,0.6290
543.0000,140.2390,0.7720,13465284728000,0.2460,0.6290
542.4000,140.3490,0.7710,13465284763700,0.2460,0.6290
541.8860,140.4950,0.7700,13465284764700,0.2460,0.6290
541.2860,140.5680,0.7700,13465284765600,0.2460,0.6290
540.7290,140.7860,0.7690,13465301703400,0.2460,0.6290
540.1290,140.8590,0.7680,13465301745300,0.2460,0.6470
539.5290,141.1510,0.7680,13465301746700,0.2460,0.6470
538.7140,141.5160,0.7670,13465317707700,0.2460,0.6470
538.0290,141.9180,0.7670,13465317736800,0.2460,0.6470
537.4710,142.2090,0.7660,13465317737600,0.2460,0.6470
536.9140,142.5740,0.7660,13465317738100,0.2460,0.6470
536.4860,142.7930,0.7660,13465334713300,0.2460,0.6470
536.0140,143.1220,0.7650,13465334758700,0.2460,0.6470
535.5860,143.2680,0.7640,13465351731700,0.2450,0.6640
535.2000,143.5590,0.7640,13465351762400,0.2450,0.6640
534.8140,143.7780,0.7640,13465351763600,0.2450,0.6640
534.4710,143.9240,0.7650,13465351764200,0.2450,0.6640
534.1710,144.0700,0.7650,13465351764800,0.2450,0.6640
533.8710,144.1430,0.7650,13465367774800,0.2450,0.6640
533.5710,144.2160,0.7650,13465367816200,0.2450,0.6640
533.2710,144.2890,0.7650,13465367817800,0.2450,0.6640
532.9710,144.2890,0.7660,13465367818800,0.2450,0.6640
532.3710,144.1430,0.7640,13465384805700,0.2450,0.6640
531.9000,143.9240,0.7620,13465401760300,0.2450,0.6640
531.5140,143.7050,0.7590,13465401804100,0.2460,0.6470
531.1710,143.2680,0.7550,13465401809700,0.2460,0.6470
530.7860,142.7930,0.7520,13465401810800,0.2460,0.6470
530.2710,142.2090,0.7460,13465401811600,0.2460,0.6470
529.7140,141.5890,0.7400,13465417820800,0.2630,0.6470
529.2860,140.8590,0.7330,13465417847200,0.2630,0.6470
528.7710,140.0200,0.7280,13465417848700,0.2630,0.6470
528.3000,139.3640,0.7230,13465434798200,0.2630,0.6470
527.6570,138.5970,0.7180,13465434830000,0.2630,0.6470
526.9710,137.9410,0.7140,13465434831500,0.2630,0.6470
526.2860,137.2470,0.7090,13465450807800,0.2630,0.6470
525.4710,136.6640,0.7070,13465450834900,0.2630,0.6470
524.5710,136.0430,0.7040,13465450836000,0.2630,0.6470
523.5860,135.6050,0.7000,13465450836600,0.2630,0.6470
522.6000,135.2410,0.6970,13465450837100,0.2630,0.6470
521.6570,134.9490,0.6950,13465466841800,0.2800,0.6460
520.5860,134.8030,0.6920,13465466896900,0.2800,0.6460
519.7710,134.7300,0.6900,13465483829700,0.2800,0.6460
518.9570,134.7300,0.6890,13465483876800,0.2800,0.6460
518.1860,134.8760,0.6880,13465483878100,0.2800,0.6460
517.2860,135.0950,0.6880,13465483892100,0.2800,0.6460
516.4710,135.5320,0.6880,13465483892800,0.2800,0.6460
515.6570,135.9700,0.6880,13465500782300,0.2800,0.6460
514.8860,136.5910,0.6890,13465500808000,0.2800,0.6460
514.2430,137.1740,0.6900,13465516914100,0.2800,0.6460
513.7710,137.7220,0.6910,13465517064800,0.2800,0.6460
513.2570,138.3780,0.6930,13465517069200,0.2800,0.6460
512.9570,138.9990,0.6950,13465517070800,0.2800,0.6460
512.6570,139.5090,0.6960,13465532811500,0.2800,0.6460
512.4430,140.0200,0.6980,13465532870400,0.2800,0.6460
512.2710,140.4220,0.7000,13465532873400,0.2800,0.6460
512.0570,140.8590,0.7020,13465549947300,0.2800,0.6460
511.9710,141.2240,0.7050,13465550204400,0.2800,0.6460
511.9290,141.5890,0.7070,13465550206900,0.2800,0.6460
511.8430,141.9180,0.7090,13465550207800,0.2800,0.6460
511.8430,142.3550,0.7140,13465566767800,0.2800,0.6460
512.0570,142.5010,0.7220,13465583771400,0.2800,0.6460
512.7430,141.9910,0.7220,13465600732600,0.2800,0.6460
513.1720,141.5890,0.7140,13465600772800,0.2800,0.6460
513.8570,140.8590,0.7000,13465600774200,0.2800,0.6460
515.0570,139.6550,0.6800,13465616747300,0.2800,0.6460
516.1710,138.4510,0.6510,13465616781800,0.2800,0.6460
517.5430,136.8100,0.6290,13465616782900,0.2800,0.6460
518.9570,135.1680,0.5240,13465616783500,0.2800,0.6460
520.4570,133.5990,0.4370,13465633745200,0.2800,0.6460
521.8710,131.7740,0.3640,13465633791600,0.2800,0.6460
548.3140,104.4460,0.0240,13465750987700,0.2800,0.6460
549.5140,103.4610,0.0600,13465751040800,0.2800,0.6460
550.7140,102.5120,0.0990,13465751042800,0.2800,0.6460
552.0000,101.4540,0.1380,13465751043500,0.2800,0.6460
553.4140,100.4690,0.1740,13465767784900,0.2800,0.6460
554.8280,99.4110,0.2090,13465767807400,0.2800,0.6460
556.3280,98.4620,0.2400,13465784768400,0.2800,0.6460
557.9570,97.4770,0.2680,13465784795100,0.2800,0.6460
559.6290,96.5650,0.2920,13465784796100,0.2800,0.6460
561.3430,95.6160,0.3100,13465784796800,0.2800,0.6460
562.9710,94.7040,0.3200,13465801753800,0.2800,0.6460
564.7710,93.8650,0.3170,13465801780000,0.2800,0.6460
566.4430,93.1350,0.2640,13465801781500,0.2800,0.6460
567.6430,92.4420,0.2200,13465818750100,0.2800,0.6460
568.6290,91.9310,0.1830,13465818779600,0.2630,0.6470
540.3000,155.0890,0.2390,13466183548200,0.2110,0.6290
539.9140,155.4540,0.3650,13466183576000,0.2110,0.6290
539.5290,156.0010,0.4320,13466200124100,0.2110,0.6290
539.2290,156.4390,0.4720,13466200173700,0.2110,0.6290
538.8860,156.9500,0.4980,13466217071700,0.2110,0.6290
538.4140,157.4240,0.5180,13466217106200,0.2110,0.6290
538.2000,157.8620,0.5340,13466217130500,0.2110,0.6290
537.9000,158.3000,0.5470,13466217131600,0.2110,0.6290
537.6860,158.7010,0.5580,13466233275500,0.2110,0.6290
537.4710,159.1390,0.5660,13466233364400,0.2110,0.6290
537.2140,159.5770,0.5730,13466250119900,0.2110,0.6290
537.1720,159.9780,0.5780,13466250159400,0.2110,0.6290
537.0000,160.3430,0.5800,13466250161000,0.2110,0.6290
537.0000,160.6350,0.5720,13466250161800,0.2110,0.6290
536.9140,160.9270,0.5530,13466250162600,0.2110,0.6290
536.9140,161.2190,0.5340,13466267259800,0.2110,0.6290
536.8710,161.5470,0.4450,13466267324300,0.2110,0.6290
536.7000,162.0580,0.3090,13466284093400,0.2110,0.6290
494.1000,128.5630,0.0070,13466682533800,0.2100,0.5600
494.3140,128.0530,0.0330,13466683353800,0.2100,0.5600
494.6140,127.4320,0.0680,13466698267700,0.2100,0.5600
494.9140,126.6300,0.1050,13466698303900,0.2100,0.5600
495.1290,125.8640,0.1420,13466698304800,0.2100,0.5600
495.3430,124.9880,0.1780,13466698314100,0.2100,0.5600
495.6430,124.0030,0.2110,13466698314700,0.2100,0.5600
495.9000,123.0180,0.2430,13466714317500,0.2100,0.5600
496.2000,121.9590,0.2710,13466714348900,0.2110,0.5770
496.4140,120.9380,0.2980,13466731370700,0.2110,0.5770
496.5000,119.8800,0.3220,13466731419400,0.2270,0.5760
496.7140,118.7490,0.3440,13466731421200,0.2270,0.5760
496.8430,117.5450,0.3650,13466731422200,0.2270,0.5760
496.9290,116.3410,0.3840,13466731423200,0.2460,0.5770
497.0140,115.1000,0.4010,13466748326300,0.2460,0.5770
497.1000,113.8960,0.4170,13466748362600,0.2450,0.5950
497.1430,112.6190,0.4320,13466764285400,0.2450,0.5950
497.2290,111.3420,0.4450,13466764302800,0.2450,0.5950
497.3140,109.9920,0.4570,13466764303700,0.2450,0.5950
497.4000,108.7150,0.4680,13466764304800,0.2450,0.5950
497.4000,107.4380,0.4780,13466781374000,0.2450,0.5950
497.4430,106.0880,0.4870,13466781414300,0.2450,0.5950
497.4430,104.7380,0.4950,13466798297300,0.2450,0.5950
497.4430,103.4610,0.5030,13466798325300,0.2450,0.6120
497.5290,102.0380,0.5100,13466798326300,0.2450,0.6120
497.5290,100.6880,0.5160,13466798327000,0.2450,0.6120
497.6140,99.4110,0.5220,13466798327600,0.2450,0.6120
497.6140,98.1340,0.5270,13466815298500,0.2450,0.6120
497.6140,96.8930,0.5330,13466815367900,0.2450,0.6120
497.6140,95.6160,0.5380,13466815371000,0.2630,0.6110
497.5290,94.4120,0.5430,13466815372200,0.2630,0.6110
497.5290,93.2810,0.5480,13466815373700,0.2630,0.6110
497.4430,92.1500,0.5520,13466831380300,0.2630,0.6110
497.4000,91.0920,0.5560,13466848359000,0.2630,0.6110
497.3140,90.2890,0.5610,13466848390500,0.2800,0.6120
497.3140,89.5230,0.5650,13466848391500,0.2800,0.6120
497.2290,88.9390,0.5690,13466848392100,0.2800,0.6120
497.2290,88.3190,0.5730,13466848392700,0.2800,0.6120
497.2290,87.8080,0.5770,13466864372600,0.2800,0.6120
497.1430,87.4430,0.5810,13466864407600,0.2800,0.6120
497.1430,87.0780,0.5840,13466881356700,0.2800,0.6120
497.1000,86.6770,0.5860,13466881392500,0.2800,0.6120
497.0140,86.2390,0.5910,13466881394000,0.2800,0.6120
496.8430,85.8740,0.5950,13466898317300,0.2800,0.6120
496.6290,85.7280,0.6000,13466898352000,0.2800,0.6120
496.3280,86.3120,0.6090,13466931414300,0.2800,0.6120
496.2430,86.5310,0.6100,13466931452600,0.2800,0.6120
496.2000,87.3700,0.6150,13466947532800,0.2800,0.6120
496.1140,87.9540,0.6170,13466947567400,0.2800,0.6120
496.1140,88.7200,0.6200,13466964470700,0.2800,0.6120
496.0290,89.4500,0.6240,13466964508900,0.2800,0.6120
495.9430,90.5080,0.6270,13466964510100,0.2800,0.6120
495.9430,91.7120,0.6320,13466964510900,0.2800,0.6120
495.9000,92.9160,0.6360,13466964511500,0.2800,0.6120
495.9000,94.2660,0.6420,13466981530100,0.2800,0.6120
495.8140,95.6160,0.6470,13466981575400,0.2800,0.6120
495.7290,97.0390,0.6530,13466998403700,0.2800,0.6120
495.6430,99.1190,0.6590,13466998424900,0.2800,0.6120
495.5140,101.3080,0.6660,13466998426500,0.2800,0.6120
495.3000,103.5340,0.6740,13466998427300,0.2800,0.6120
495.0000,105.7230,0.6810,13466998428300,0.2800,0.6120
494.7000,107.8760,0.6890,13467014599300,0.2800,0.6120
494.3140,110.0650,0.6960,13467014650900,0.2800,0.6120
493.9290,112.2180,0.7030,13467014653000,0.2800,0.6120
493.6290,114.4070,0.7100,13467031553700,0.2800,0.6120
493.2430,116.5960,0.7170,13467031597900,0.2800,0.6120
492.9000,118.7490,0.7230,13467031682500,0.2800,0.6120
492.6000,121.0110,0.7290,13467031704100,0.2800,0.6120
492.2140,123.1640,0.7350,13467047558300,0.2800,0.6120
492.0000,125.2800,0.7410,13467047581200,0.2800,0.6120
491.7000,127.4320,0.7470,13467047583000,0.2800,0.6120
491.5290,129.4760,0.7530,13467063569700,0.2800,0.6120
491.3140,131.5550,0.7580,13467063600800,0.2800,0.6120
491.1430,133.1970,0.7630,13467063602700,0.2800,0.6120
490.9290,135.2410,0.7690,13467079621200,0.2800,0.6120
490.8000,136.8100,0.7740,13467079643300,0.2800,0.6120
490.5000,138.2320,0.7780,13467079645200,0.2800,0.6280
490.3290,139.5090,0.7820,13467079646100,0.2800,0.6460
489.9430,141.3700,0.7860,13467079646900,0.2800,0.6460
489.5140,143.0120,0.7900,13467095889000,0.2800,0.6460
488.8280,144.6180,0.7930,13467095930900,0.2800,0.6460
488.3140,145.8580,0.7970,13467112832900,0.2800,0.6460
487.8000,146.9160,0.8000,13467112852900,0.2800,0.6460
487.2000,147.8280,0.8030,13467112853800,0.2800,0.6460
486.3860,149.1050,0.8070,13467112854500,0.2800,0.6460
485.4860,149.9810,0.8100,13467128899700,0.2800,0.6460
484.5000,150.7470,0.8120,13467128955400,0.2800,0.6460
483.6860,151.2580,0.8150,13467128956800,0.2800,0.6460
482.3140,152.0970,0.8180,13467145810300,0.2800,0.6460
480.6860,152.6810,0.8200,13467145835600,0.2800,0.6460
478.8860,153.3010,0.8210,13467145837200,0.2800,0.6460
476.9140,153.7390,0.8200,13467145838000,0.2800,0.6460
474.6860,154.1770,0.8140,13467162806500,0.2800,0.6460
472.1570,154.5780,0.8030,13467162839700,0.2800,0.6460
469.3710,154.9430,0.7860,13467162841200,0.2800,0.6460
464.0570,155.6000,0.7650,13467162842200,0.2800,0.6460
458.6570,156.1470,0.7370,13467178896400,0.2800,0.6460
453.3430,156.6580,0.7200,13467178919600,0.2800,0.6460
449.5290,157.0230,0.6920,13467178920700,0.2800,0.6460
446.4430,157.2780,0.6510,13467194921100,0.2800,0.6460
443.7430,157.4970,0.5420,13467194940300,0.2800,0.6640
441.5140,157.5700,0.4520,13467194941200,0.2800,0.6640
439.2000,157.4970,0.3770,13467194941800,0.2800,0.6640
454.8430,116.5230,0.1710,13467478508100,-0.0340,0.6120
455.2290,116.0490,0.2660,13467478531100,-0.0340,0.6120
455.4430,115.6110,0.3230,13467494186900,0.0000,0.6110
455.5290,115.2460,0.3590,13467494224400,0.0000,0.6110
455.6570,114.9180,0.3850,13467510322800,0.0000,0.6110
455.6570,114.6990,0.4050,13467510365400,0.0000,0.6110
455.3570,114.3340,0.4480,13467527390400,0.0000,0.6110
454.8430,114.4800,0.4810,13467527461200,0.0000,0.6110
454.4570,114.8450,0.5030,13467544333800,0.0000,0.6110
454.3710,115.1730,0.5140,13467544371200,0.0000,0.6110
454.2430,115.4650,0.5250,13467560919000,0.0000,0.6110
454.2430,115.8300,0.5360,13467560970900,0.0000,0.6110
454.2430,116.1220,0.5460,13467560972100,0.0000,0.6110
454.3290,116.7420,0.5560,13467560972800,0.0000,0.6110
454.5430,117.3260,0.5660,13467560973400,0.0000,0.6110
454.9290,118.0920,0.5750,13467577920400,0.0000,0.6110
455.3570,118.8220,0.5830,13467577968800,0.0000,0.6110
455.8710,119.7340,0.5920,13467594814000,0.0000,0.6110
456.4710,120.4640,0.5990,13467594834300,0.0000,0.6110
457.1570,121.3030,0.6060,13467594843700,0.0000,0.6110
457.7570,122.2150,0.6130,13467594844400,0.0000,0.6110
458.3570,123.0180,0.6190,13467610812300,0.0000,0.6110
458.8710,123.9300,0.6240,13467610850100,0.0000,0.6110
459.3430,124.8050,0.6290,13467627800800,0.0000,0.6110
459.7710,125.7910,0.6340,13467627835300,0.0000,0.6110
460.0710,126.7030,0.6380,13467627837000,0.0180,0.6120
460.2430,127.4320,0.6430,13467627838100,0.0530,0.6110
460.3710,128.1990,0.6470,13467627844900,0.0890,0.6120
460.3710,128.8550,0.6510,13467644804300,0.1230,0.6120
460.2860,129.4760,0.6560,13467644864400,0.1410,0.6120
460.1570,130.0590,0.6600,13467644866100,0.1580,0.6110
459.8570,130.6070,0.6630,13467660916900,0.1760,0.6120
459.5570,131.0450,0.6670,13467660956800,0.1940,0.6120
459.2570,131.4820,0.6700,13467660958200,0.2100,0.6110
458.7860,131.8470,0.6730,13467677084800,0.2280,0.6120
458.3570,132.1760,0.6750,13467677118400,0.2450,0.6120
457.8430,132.4680,0.6730,13467677119400,0.2630,0.6110
457.2430,132.6870,0.6630,13467677119900,0.2800,0.6120
456.4290,133.1240,0.6470,13467677120400,0.2970,0.6110
455.3570,133.5990,0.6220,13467693110700,0.2970,0.6110
454.3710,134.0360,0.6010,13467693161800,0.2970,0.6110
452.7430,135.0950,0.5010,13467710071300,0.2970,0.6110
450.9430,135.9700,0.4180,13467710108700,0.2970,0.6110
449.2290,136.9550,0.3480,13467710122100,0.2970,0.6110
340.0290,136.2260,0.0920,13468390063900,0.2450,0.5060
340.0710,135.8970,0.2060,13468406081100,0.2450,0.5060
340.2430,135.5320,0.2690,13468423124200,0.2450,0.5060
340.3290,135.3140,0.2970,13468423175900,0.2450,0.5060
340.3710,135.0220,0.3220,13468423177300,0.2450,0.5060
340.4570,134.7300,0.3450,13468439141400,0.2450,0.5060
340.5430,134.4010,0.3650,13468439188200,0.2450,0.5060
340.6710,133.9640,0.3830,13468439189700,0.2450,0.5060
340.6710,133.4530,0.4000,13468455203100,0.2450,0.5060
340.9290,132.8320,0.4160,13468455220200,0.2450,0.5240
341.0570,132.3220,0.4300,13468455232300,0.2450,0.5420
341.1430,131.6280,0.4430,13468455233100,0.2450,0.5420
341.2710,131.0450,0.4540,13468471373700,0.2450,0.5420
341.4430,130.3510,0.4650,13468471403400,0.2450,0.5600
341.5710,129.6950,0.4740,13468471405300,0.2450,0.5600
341.6570,129.0010,0.4830,13468471406500,0.2460,0.5770
341.8290,128.2720,0.4910,13468488367900,0.2460,0.5770
341.8710,127.5780,0.4980,13468488403600,0.2460,0.5770
341.9570,126.8490,0.5040,13468504384300,0.2460,0.5770
342.1290,126.1550,0.5100,13468504403700,0.2460,0.5770
342.2570,125.4260,0.5150,13468504404700,0.2460,0.5770
342.3430,124.7320,0.5200,13468504405400,0.2450,0.5950
342.4290,124.0030,0.5230,13468504406000,0.2450,0.5950
342.5570,123.3090,0.5260,13468521363200,0.2450,0.5950
342.6430,122.6530,0.5280,13468521386700,0.2450,0.5950
342.7710,121.9590,0.5300,13468538380600,0.2450,0.5950
342.8570,121.3030,0.5320,13468538409900,0.2450,0.5950
342.9430,120.7190,0.5340,13468538411700,0.2450,0.5950
343.0290,120.0260,0.5350,13468538412700,0.2450,0.5950
343.0710,119.4420,0.5360,13468538413500,0.2450,0.5950
343.0710,118.8950,0.5380,13468555359300,0.2450,0.5950
343.2430,118.3840,0.5390,13468555393400,0.2450,0.5950
343.3290,117.8730,0.5400,13468571349700,0.2450,0.5950
343.3290,117.4720,0.5420,13468571371900,0.2450,0.5950
343.3710,117.1070,0.5440,13468571373400,0.2450,0.5950
343.3710,116.8150,0.5460,13468571374300,0.2450,0.5950
343.4570,116.5230,0.5470,13468587362700,0.2450,0.5950
343.5430,116.1950,0.5500,13468587394800,0.2450,0.5950
343.6290,115.6840,0.5540,13468587396500,0.2450,0.5950
343.6710,115.2460,0.5590,13468603461200,0.2450,0.5950
343.6710,114.7720,0.5650,13468620414300,0.2450,0.5950
343.7570,114.4800,0.5720,13468620442600,0.2450,0.5950
343.7570,114.1150,0.5800,13468636446600,0.2450,0.5950
343.4570,115.1000,0.6000,13468685477000,0.2450,0.5950
343.4570,115.3920,0.6030,13468685528100,0.2450,0.5950
343.3710,115.7570,0.6080,13468685530100,0.2450,0.5950
343.3710,116.1220,0.6130,13468685531500,0.2450,0.5950
343.3290,116.6690,0.6180,13468701479500,0.2450,0.5950
343.0710,117.2530,0.6240,13468701516300,0.2450,0.5950
343.0710,117.9460,0.6290,13468701517900,0.2450,0.5950
343.0290,118.6030,0.6360,13468701518900,0.2450,0.5950
342.8570,119.1860,0.6420,13468718461100,0.2450,0.5950
342.7290,119.9530,0.6480,13468718494700,0.2450,0.5950
342.5570,120.6090,0.6540,13468718495600,0.2450,0.5950
342.4290,121.5950,0.6600,13468734484300,0.2450,0.5950
342.2570,122.5070,0.6660,13468734501000,0.2450,0.5950
342.1290,123.2360,0.6710,13468734501900,0.2450,0.5950
341.8710,123.9300,0.6760,13468734502500,0.2450,0.5950
341.8290,124.6590,0.6810,13468751498500,0.2450,0.5950
341.7430,125.3530,0.6850,13468751540100,0.2450,0.5950
341.5710,126.0100,0.6890,13468751541500,0.2450,0.5950
341.4430,126.6300,0.6930,13468767546900,0.2450,0.5950
341.3570,127.2140,0.6970,13468767585300,0.2450,0.5950
341.2290,127.8340,0.7000,13468767586500,0.2450,0.5950
341.0570,128.3450,0.7030,13468767587200,0.2450,0.5950
340.9710,128.8550,0.7060,13468783548000,0.2450,0.5950
340.8430,129.4030,0.7090,13468783583600,0.2450,0.5950
340.6710,129.9130,0.7110,13468800507500,0.2450,0.5950
340.6290,130.3510,0.7130,13468800555700,0.2450,0.5950
340.4570,130.7530,0.7160,13468800557300,0.2450,0.5950
340.3290,131.1900,0.7180,13468800558100,0.2450,0.5950
340.1570,131.5550,0.7200,13468800558900,0.2450,0.5950
340.0290,131.8470,0.7220,13468817499500,0.2450,0.5950
339.8570,132.1760,0.7240,13468817699900,0.2450,0.5950
339.5570,132.5410,0.7260,13468817784600,0.2450,0.5950
339.4290,132.8320,0.7270,13468817790500,0.2450,0.5950
339.1710,133.0510,0.7290,13468817792000,0.2450,0.5950
338.8710,133.4530,0.7300,13468833615200,0.2450,0.5950
338.5710,133.6720,0.7320,13468833643900,0.2450,0.5950
338.2710,134.0360,0.7330,13468849742900,0.2450,0.5950
337.9710,134.2550,0.7340,13468849805400,0.2450,0.5950
337.6290,134.4740,0.7360,13468849807500,0.2450,0.5950
337.0710,134.7300,0.7370,13468865886200,0.2450,0.5950
336.7710,134.8760,0.7380,13468865969400,0.2450,0.5950
336.3430,135.0950,0.7380,13468865973400,0.2450,0.5950
335.9140,135.3140,0.7390,13468881699300,0.2450,0.5950
335.4430,135.5320,0.7400,13468881738400,0.2450,0.5950
334.9290,135.7510,0.7400,13468881740300,0.2450,0.5950
334.4140,135.9700,0.7410,13468881741300,0.2450,0.5950
333.8570,136.0430,0.7410,13468898754300,0.2450,0.5950
333.3430,136.3720,0.7420,13468898837000,0.2450,0.5950
332.8290,136.5180,0.7430,13468898839300,0.2450,0.5950
332.3140,136.6640,0.7430,13468914660800,0.2450,0.5950
331.7570,136.7370,0.7440,13468914688600,0.2450,0.5950
331.3290,136.8100,0.7450,13468914690400,0.2450,0.5950
330.8570,136.8100,0.7450,13468914691600,0.2450,0.5950
330.5140,136.8820,0.7450,13468930680900,0.2450,0.5950
330.1290,136.8100,0.7460,13468930703700,0.2450,0.5950
329.7430,136.8100,0.7460,13468930704800,0.2450,0.5950
329.3570,136.7370,0.7460,13468947678000,0.2620,0.5940
328.9290,136.6640,0.7470,13468947699800,0.2810,0.5940
328.4570,136.5180,0.7470,13468947700800,0.2810,0.5940
327.9430,136.3720,0.7470,13468947701400,0.2810,0.5940
327.5140,136.2260,0.7470,13468947702000,0.2810,0.5940
327.1290,135.9700,0.7480,13468964707600,0.2810,0.5940
326.7000,135.7510,0.7480,13468964731600,0.2810,0.5940
326.2290,135.5320,0.7490,13468981719500,0.2810,0.5940
325.8430,135.2410,0.7490,13468981753500,0.2810,0.5940
325.4140,134.9490,0.7500,13468981754600,0.2810,0.5940
325.0290,134.5470,0.7500,13468981755200,0.2810,0.5940
324.6430,134.1820,0.7510,13468998634800,0.2810,0.5940
324.3430,133.8180,0.7520,13468998664500,0.2810,0.5940
323.9140,133.4530,0.7530,13468998665900,0.2810,0.5940
323.7000,132.9780,0.7530,13469014632700,0.2810,0.5940
323.4430,132.5410,0.7540,13469014655400,0.2810,0.5940
323.1430,132.1030,0.7550,13469014657300,0.2810,0.5940
322.8000,131.6280,0.7560,13469014658200,0.2810,0.5940
322.6290,131.1900,0.7560,13469031617300,0.2810,0.5940
322.4140,130.8260,0.7570,13469031662900,0.2810,0.5940
322.2000,130.3510,0.7580,13469031664800,0.2810,0.5940
321.9430,129.9860,0.7580,13469047678500,0.2810,0.5940
321.8140,129.6220,0.7590,13469047715200,0.2810,0.5940
321.6430,129.3300,0.7600,13469047716300,0.2810,0.5940
321.5140,129.1110,0.7610,13469047716900,0.2810,0.5940
321.3430,128.8550,0.7620,13469064736700,0.2810,0.5940
321.2140,128.6360,0.7640,13469064784900,0.2810,0.5940
321.0000,128.3450,0.7660,13469081731700,0.2810,0.5940
320.7000,128.1990,0.7680,13469081767000,0.2810,0.5940
320.1000,128.4180,0.7710,13469098649000,0.2810,0.5940
319.9290,128.5630,0.7720,13469098712200,0.2810,0.5940
319.8000,128.7820,0.7730,13469114809600,0.2810,0.5940
319.6290,129.1110,0.7750,13469114849000,0.2810,0.5940
319.5000,129.4760,0.7750,13469131768800,0.2810,0.5940
319.2860,129.8410,0.7760,13469131788400,0.2810,0.5940
319.0290,130.2050,0.7770,13469131834100,0.2810,0.5940
318.9000,130.7530,0.7780,13469131836800,0.2810,0.5940
318.7290,131.2630,0.7790,13469131837500,0.2810,0.5940
318.5140,131.7740,0.7800,13469147810000,0.2810,0.5940
318.3860,132.2490,0.7810,13469147862300,0.2810,0.5940
318.1290,132.7590,0.7820,13469164793700,0.2810,0.5940
317.9140,133.3070,0.7830,13469164828400,0.2810,0.5940
317.8290,133.6720,0.7840,13469164829500,0.2810,0.5940
317.6140,134.1820,0.7850,13469164830200,0.2810,0.5940
317.4860,134.5470,0.7860,13469164830800,0.2810,0.5940
317.3140,134.9490,0.7870,13469181751800,0.2810,0.5940
317.1000,135.3140,0.7890,13469181793200,0.2810,0.5940
316.8860,135.6050,0.7900,13469181795200,0.2810,0.5940
316.6290,135.8240,0.7910,13469181796000,0.2810,0.5940
316.5000,136.0430,0.7920,13469198019800,0.2810,0.5940
316.2860,136.2260,0.7940,13469198063600,0.2810,0.5940
316.0290,136.3720,0.7950,13469214989600,0.2810,0.5940
315.6000,136.5180,0.7970,13469215024300,0.2810,0.5940
315.3860,136.5910,0.7980,13469215025100,0.2810,0.5940
314.9140,136.6640,0.7990,13469231098600,0.2810,0.5940
314.6140,136.6640,0.8000,13469231132200,0.2810,0.5940
314.0140,136.5180,0.8020,13469247996600,0.2810,0.5940
313.6290,136.3720,0.8020,13469248036200,0.2810,0.5940
313.2000,136.2260,0.8030,13469248037700,0.2810,0.5940
312.9000,136.0430,0.8040,13469248038700,0.2810,0.5940
312.5140,135.8240,0.8040,13469264997400,0.2810,0.5940
312.0860,135.5320,0.8050,13469265023000,0.2810,0.5940
311.7860,135.3140,0.8050,13469265024600,0.2810,0.5940
311.4000,135.0220,0.8050,13469281098500,0.2810,0.5940
311.0140,134.7300,0.8050,13469281117200,0.2810,0.5940
310.6710,134.4740,0.8050,13469281118200,0.2810,0.5940
310.3710,134.2550,0.8060,13469297196100,0.2810,0.5940
310.0710,133.9640,0.8060,13469297228500,0.2810,0.5940
309.7710,133.8180,0.8050,13469297229900,0.2810,0.5940
309.5140,133.6720,0.8050,13469297230800,0.2810,0.5940
309.3000,133.5260,0.8040,13469297231600,0.2810,0.5940
308.9140,133.4530,0.8030,13469313143200,0.2810,0.5940
308.4000,133.5260,0.8020,13469329164900,0.2810,0.5940
308.2710,133.6720,0.8010,13469329200800,0.2810,0.5940
307.9710,133.8910,0.8010,13469329202100,0.2810,0.5940
307.5860,134.1820,0.8000,13469346138200,0.2810,0.5940
307.1140,134.5470,0.8000,13469346158200,0.2810,0.5940
306.9000,135.0220,0.8000,13469346159000,0.2810,0.5940
306.5140,135.5320,0.7990,13469363135200,0.2810,0.5940
306.1710,135.9700,0.7990,13469363185100,0.2810,0.5940
305.8710,136.5180,0.7990,13469363186800,0.2810,0.5940
305.5710,137.0280,0.7990,13469363187600,0.2800,0.6120
305.1860,137.4660,0.7990,13469380232000,0.2800,0.6280
304.9710,138.0140,0.7990,13469380468700,0.2800,0.6460
304.7140,138.3780,0.7990,13469396493600,0.2800,0.6640
304.4140,138.8160,0.7990,13469397830200,0.2800,0.6640
304.2000,139.2180,0.7990,13469397855800,0.2800,0.6640
303.9860,139.5820,0.8000,13469397858800,0.2800,0.6640
303.8140,139.8740,0.8000,13469397861600,0.2800,0.6640
303.5570,140.0930,0.8010,13469413213400,0.2800,0.6640
303.3000,140.3490,0.8010,13469413404600,0.2800,0.6640
303.0860,140.4950,0.8020,13469430314600,0.2800,0.6640
302.7860,140.6410,0.8020,13469430589800,0.2800,0.6640
302.2710,140.8590,0.8030,13469430594700,0.2800,0.6640
302.0570,140.8590,0.8030,13469430595500,0.2800,0.6640
301.5860,140.8590,0.8030,13469447158000,0.2800,0.6640
301.0710,140.7140,0.8030,13469464318500,0.2800,0.6640
300.7710,140.6410,0.8030,13469464502000,0.2800,0.6640
300.3000,140.4220,0.8020,13469464509900,0.2800,0.6640
299.9570,140.3490,0.8010,13469481287300,0.2800,0.6640
299.7860,140.1660,0.8010,13469481459500,0.2800,0.6640
299.2710,140.0930,0.8000,13469481472200,0.2800,0.6640
299.0570,140.0200,0.7990,13469481473700,0.2800,0.6640
298.4570,140.0930,0.7990,13469515055500,0.2800,0.6640
298.1570,140.0930,0.7980,13469515102100,0.2800,0.6640
297.7710,140.2390,0.7980,13469515104200,0.2800,0.6640
297.4710,140.3490,0.7970,13469515105600,0.2800,0.6640
297.0000,140.4950,0.7970,13469515107000,0.2800,0.6640
296.6570,140.6410,0.7970,13469531204700,0.2800,0.6640
296.3570,140.7860,0.7960,13469531347200,0.2800,0.6640
296.0570,140.8590,0.7950,13469531349700,0.2800,0.6640
295.7570,141.0050,0.7940,13469531351100,0.2800,0.6640
295.4570,141.0780,0.7930,13469547240100,0.2800,0.6640
295.1570,141.1510,0.7920,13469547346200,0.2800,0.6640
294.9430,141.2240,0.7910,13469564267200,0.2800,0.6640
294.3860,141.2240,0.7890,13469564476500,0.2800,0.6640
293.9570,141.2240,0.7870,13469564482000,0.2800,0.6640
293.6570,141.2240,0.7870,13469581215400,0.2800,0.6640
293.0570,141.2970,0.7850,13469598195600,0.2800,0.6640
292.7570,141.2970,0.7830,13469598296800,0.2800,0.6640
292.5430,141.4430,0.7820,13469598299000,0.2800,0.6640
291.9860,141.6620,0.7810,13469598299800,0.2800,0.6640
291.3860,141.9910,0.7810,13469614361500,0.2800,0.6640
290.9570,142.2820,0.7800,13469614588800,0.2800,0.6640
290.1430,142.7930,0.7800,13469614592100,0.2800,0.6640
289.3710,143.2680,0.7790,13469614592800,0.2800,0.6640
288.6860,143.9240,0.7790,13469614593700,0.2800,0.6640
287.9570,144.4350,0.7790,13469631193600,0.2800,0.6640
287.4430,144.9820,0.7790,13469631377600,0.2800,0.6640
286.8430,145.4200,0.7790,13469648216900,0.2800,0.6640
286.4570,145.7850,0.7780,13469648313800,0.2800,0.6640
286.0290,146.1140,0.7780,13469648319600,0.2800,0.6640
285.7290,146.4780,0.7780,13469648321700,0.2800,0.6640
285.3430,146.6970,0.7780,13469648324000,0.2800,0.6640
285.0430,146.9160,0.7770,13469664325000,0.2800,0.6640
284.7430,147.2080,0.7770,13469664505700,0.2800,0.6640
284.3570,147.5360,0.7770,13469681219900,0.2800,0.6640
283.9710,147.7550,0.7770,13469681507800,0.2800,0.6640
283.5430,147.9740,0.7780,13469681524900,0.2800,0.6640
283.0710,148.1930,0.7780,13469681526500,0.2800,0.6640
282.5570,148.4120,0.7780,13469698092200,0.2800,0.6640
281.9570,148.6310,0.7780,13469698212500,0.2800,0.6640
281.5290,148.8870,0.7780,13469698218600,0.2800,0.6640
280.9290,149.1050,0.7780,13469715051200,0.2800,0.6640
280.2430,149.3240,0.7780,13469715100400,0.2800,0.6640
279.5570,149.4700,0.7780,13469715101500,0.2800,0.6640
278.9570,149.6890,0.7780,13469715102400,0.2800,0.6640
278.3140,149.8350,0.7770,13469732162800,0.2800,0.6640
277.4140,150.1640,0.7770,13469732339700,0.2800,0.6640
276.6430,150.2370,0.7760,13469732349600,0.2800,0.6640
275.9140,150.3100,0.7760,13469732353800,0.2800,0.6640
275.2290,150.3820,0.7760,13469732354700,0.2800,0.6640
274.6290,150.3820,0.7750,13469748140300,0.2800,0.6640
274.0290,150.4550,0.7750,13469748322000,0.2800,0.6640
273.4290,150.3820,0.7750,13469765288000,0.2970,0.6630
272.7430,150.3820,0.7750,13469765825600,0.2970,0.6630
272.2290,150.2370,0.7740,13469765832000,0.2970,0.6630
271.6290,150.0540,0.7740,13469765833600,0.2970,0.6630
271.0290,149.9080,0.7740,13469765834500,0.2970,0.6630
270.4290,149.6890,0.7730,13469782223000,0.2970,0.6630
269.8290,149.4700,0.7730,13469782396500,0.2970,0.6630
269.1430,149.1050,0.7730,13469799089100,0.2970,0.6630
268.5000,148.7410,0.7730,13469799211800,0.2970,0.6630
267.8140,148.2660,0.7720,13469799225100,0.2970,0.6630
267.1290,147.7550,0.7720,13469799229700,0.2970,0.6630
266.5290,147.2810,0.7710,13469816024000,0.2970,0.6630
265.9290,146.7700,0.7710,13469816356000,0.2970,0.6630
265.2430,146.2590,0.7710,13469816361000,0.2970,0.6630
264.9000,145.6390,0.7710,13469832308200,0.2970,0.6630
264.3430,145.0550,0.7710,13469832461600,0.2970,0.6630
263.8290,144.4350,0.7700,13469832464200,0.2970,0.6630
263.4000,143.9240,0.7700,13469832465500,0.2970,0.6630
263.0140,143.2680,0.7700,13469832466100,0.2970,0.6630
262.6290,142.6470,0.7700,13469848995800,0.2970,0.6630
262.2860,141.9910,0.7700,13469849081800,0.2970,0.6630
261.9860,141.2970,0.7700,13469865090600,0.2970,0.6630
261.6860,140.5680,0.7700,13469865927400,0.2970,0.6630
261.3860,139.8010,0.7700,13469865938700,0.2970,0.6630
261.0860,139.2180,0.7710,13469865940200,0.2970,0.6630
260.8290,138.3780,0.7710,13469882091000,0.2970,0.6630
260.5290,137.4660,0.7720,13469882263300,0.2970,0.6630
260.3140,136.7370,0.7730,13469899088100,0.2970,0.6630
260.1000,135.9700,0.7740,13469899203700,0.2970,0.6630
259.9290,135.3140,0.7750,13469899206200,0.2970,0.6630
259.8000,134.5470,0.7760,13469899207800,0.3150,0.6640
259.6290,133.8910,0.7780,13469899208800,0.3150,0.6640
259.5860,133.1240,0.7800,13469916094200,0.3320,0.6630
259.4140,132.3950,0.7810,13469916161300,0.3320,0.6630
259.3290,131.6280,0.7820,13469916164300,0.3320,0.6630
259.3290,130.8260,0.7830,13469916165100,0.3320,0.6630
259.3290,129.9860,0.7840,13469916165700,0.3320,0.6630
259.3290,129.1840,0.7850,13469933116300,0.3320,0.6630
259.3290,128.3450,0.7860,13469933285800,0.3320,0.6630
259.4140,127.2860,0.7870,13469949940400,0.3320,0.6630
259.4140,126.1550,0.7880,13469950148400,0.3320,0.6630
259.5000,125.2070,0.7880,13469950167700,0.3320,0.6630
259.5000,124.2950,0.7890,13469950168900,0.3320,0.6630
259.5000,123.1640,0.7900,13469950171800,0.3320,0.6630
259.5860,122.2150,0.7910,13469966930600,0.3320,0.6630
259.5860,121.2300,0.7920,13469967076700,0.3320,0.6630
259.5860,120.3910,0.7930,13469983868700,0.3320,0.6630
259.5000,119.1860,0.7930,13469983902300,0.3320,0.6630
259.5000,118.0920,0.7940,13469983903300,0.3320,0.6630
259.5000,116.8880,0.7950,13469983904000,0.3320,0.6630
259.4140,115.7570,0.7950,13470000854300,0.3320,0.6630
259.4140,114.4800,0.7960,13470000878300,0.3320,0.6630
259.3290,113.4220,0.7970,13470016944700,0.3320,0.6630
259.3290,112.3270,0.7970,13470017019500,0.3320,0.6630
259.2860,111.3420,0.7980,13470017022400,0.3320,0.6630
259.2860,110.4300,0.7980,13470017023500,0.3320,0.6630
259.2860,109.6270,0.7990,13470017024700,0.3320,0.6630
259.2860,108.7880,0.7990,13470033851700,0.3320,0.6630
259.2860,107.9490,0.8000,13470033887900,0.3320,0.6630
259.2860,107.1460,0.8000,13470033889600,0.3320,0.6630
259.3290,106.0150,0.8010,13470033890600,0.3320,0.6630
259.4140,104.8840,0.8010,13470050022600,0.3320,0.6630
259.5000,103.8620,0.8010,13470050054700,0.3320,0.6630
259.5860,102.6580,0.8020,13470066852200,0.3320,0.6630
259.6290,101.4540,0.8020,13470066898700,0.3320,0.6630
259.8000,100.2500,0.8030,13470066900600,0.3320,0.6630
259.8860,99.0460,0.8030,13470066901300,0.3320,0.6630
259.9290,97.6960,0.8040,13470066902000,0.3320,0.6630
260.1000,96.4920,0.8040,13470083868500,0.3320,0.6630
260.2290,95.1420,0.8050,13470083900500,0.3320,0.6630
260.6140,93.3540,0.8060,13470100847200,0.3320,0.6630
260.8290,91.7850,0.8030,13470100879600,0.3320,0.6630
261.2140,89.9970,0.7950,13470100881000,0.3320,0.6630
261.6860,88.2460,0.7800,13470100881800,0.3320,0.6630
262.2860,86.4580,0.7510,13470100882500,0.3320,0.6630
263.4000,81.8970,0.7300,13470117830300,0.3330,0.6470
