681.8570,129.4760,0.0520,13436683182500,0.0530,0.4730
682.0290,129.3300,0.1350,13436683241300,0.0880,0.4720
680.9570,129.5490,0.4700,13436732311600,0.1570,0.4710
680.5290,129.6220,0.4880,13436748586800,0.1570,0.4710
679.8430,129.7680,0.5050,13436748696900,0.1570,0.4710
679.2430,129.9860,0.5210,13436748702600,0.1570,0.4710
678.5570,130.1320,0.5360,13436764737700,0.1570,0.4710
677.4430,130.3510,0.5490,13436764779600,0.1750,0.4720
676.4570,130.5340,0.5620,13436764781500,0.1750,0.4720
675.4710,130.6800,0.5730,13436764782800,0.1750,0.4720
674.5290,130.7530,0.5840,13436781757900,0.1750,0.4720
673.7570,130.8990,0.5940,13436781868500,0.1750,0.4720
673.0290,130.8990,0.6030,13436799023700,0.1750,0.4720
672.2140,130.8990,0.6120,13436799140400,0.1750,0.4720
671.4430,130.8990,0.6190,13436799181900,0.1750,0.4720
670.9290,130.8990,0.6260,13436799188200,0.1750,0.4720
670.2430,130.8260,0.6320,13436814767000,0.1750,0.4720
669.7290,130.7530,0.6380,13436814817600,0.1750,0.4720
669.2140,130.6800,0.6430,13436814819600,0.1750,0.4720
668.7430,130.5340,0.6490,13436814820600,0.1750,0.4720
668.4430,130.2780,0.6530,13436814821500,0.1750,0.4720
668.2290,130.1320,0.6570,13436830940800,0.1750,0.4720
667.9290,129.9130,0.6610,13436830990300,0.1750,0.4720
667.8430,129.6950,0.6650,13436846942600,0.1750,0.4720
667.7570,129.2570,0.6710,13436846988800,0.1750,0.4720
668.2290,128.5630,0.6750,13436846991900,0.1750,0.4720
668.5290,128.1990,0.6770,13436863934100,0.1750,0.4720
668.9570,127.8340,0.6790,13436864063500,0.1750,0.4720
669.4290,127.3590,0.6800,13436879960300,0.1750,0.4720
670.1140,126.9220,0.6800,13436880012300,0.1750,0.4720
670.9290,126.4840,0.6800,13436880013900,0.1750,0.4720
671.7430,126.1550,0.6800,13436880025500,0.1750,0.4720
672.4290,125.8640,0.6790,13436880026300,0.1750,0.4720
673.1140,125.6450,0.6780,13436896013500,0.1750,0.4720
673.7140,125.4260,0.6760,13436896067000,0.1750,0.4720
674.3140,125.3530,0.6750,13436913005800,0.1750,0.4720
674.9140,125.2800,0.6740,13436913054100,0.1750,0.4720
675.4290,125.2800,0.6730,13436913056000,0.1750,0.4720
675.8570,125.2800,0.6720,13436913057200,0.1750,0.4720
676.3710,125.4260,0.6710,13436929682400,0.1750,0.4720
676.9290,125.5720,0.6700,13436929758600,0.1750,0.4720
677.3570,125.7910,0.6690,13436945753900,0.1750,0.4720
677.8290,126.0820,0.6680,13436945813800,0.1750,0.4720
678.1720,126.4840,0.6680,13436945817300,0.1750,0.4720
678.5570,126.9950,0.6680,13436945819100,0.1750,0.4720
678.7710,127.5050,0.6680,13436945820700,0.1750,0.4720
679.0710,128.0530,0.6680,13436961880300,0.1750,0.4720
679.2430,128.7090,0.6680,13436961936200,0.1750,0.4720
679.3710,129.4030,0.6690,13436978793300,0.1750,0.4720
679.3710,130.1320,0.6700,13436978829600,0.1750,0.4720
679.4570,130.8990,0.6710,13436978831800,0.1750,0.4720
679.4570,132.0300,0.6730,13436978832700,0.1750,0.4720
679.3290,133.1240,0.6750,13436995816200,0.1750,0.4720
679.0710,134.2550,0.6770,13436995945800,0.1750,0.4890
678.6430,135.8970,0.6790,13436995955100,0.1750,0.5060
678.1290,137.2470,0.6800,13436995957300,0.1750,0.5060
677.7430,138.4510,0.6820,13436995960100,0.1750,0.5060
677.0570,140.0200,0.6840,13437012758400,0.1750,0.5250
676.4570,141.2970,0.6860,13437012793300,0.1750,0.5250
675.6430,142.7200,0.6880,13437029748600,0.1750,0.5420
674.9570,143.7780,0.6910,13437029802600,0.1750,0.5590
674.3140,144.8360,0.6930,13437029806000,0.1750,0.5590
673.7140,145.6390,0.6950,13437029810000,0.1750,0.5590
673.1140,146.4780,0.6960,13437029811700,0.1750,0.5590
672.4290,147.2080,0.6980,13437045797600,0.1750,0.5590
671.7430,147.9740,0.7000,13437045834000,0.1750,0.5770
671.0570,148.6310,0.7010,13437062759000,0.1750,0.5770
670.2430,149.3240,0.7020,13437062808800,0.1750,0.5770
669.5570,149.9080,0.7040,13437062811000,0.1750,0.5770
668.8280,150.4550,0.7050,13437062811900,0.1750,0.5770
668.0570,150.9660,0.7060,13437062812800,0.1750,0.5770
667.1570,151.4040,0.7070,13437078796600,0.1750,0.5940
666.3000,151.8050,0.7080,13437078856100,0.1750,0.5940
665.5290,152.0240,0.7080,13437095763100,0.1750,0.5940
664.9290,152.3160,0.7090,13437095824400,0.1750,0.5940
664.2430,152.5350,0.7100,13437095830500,0.1750,0.5940
663.7290,152.6810,0.7110,13437095832300,0.1750,0.5940
663.0430,152.8270,0.7120,13437111835800,0.1750,0.5940
662.4430,153.0090,0.7130,13437111905000,0.1750,0.5940
661.8430,153.1550,0.7130,13437111907800,0.1750,0.5940
661.3280,153.1550,0.7140,13437111909200,0.1750,0.5940
660.6430,153.2280,0.7140,13437128833400,0.1750,0.5940
660.0430,153.3010,0.7140,13437128883800,0.1750,0.5940
659.3140,153.3010,0.7150,13437128886000,0.1920,0.5940
658.7140,153.3010,0.7150,13437145789600,-0.1570,0.5950
657.9860,153.3010,0.7150,13437145834300,-0.1040,0.5950
657.3000,153.3010,0.7150,13437145836200,-0.0520,0.5940
656.5290,153.2280,0.7160,13437145847700,-0.0520,0.5940
655.9290,153.0820,0.7170,13437145848700,0.0000,0.5930
655.1140,152.8270,0.7190,13437162706300,0.0000,0.5930
654.5140,152.5350,0.7220,13437162752900,0.0000,0.5930
653.9140,152.1700,0.7250,13437178781600,0.0000,0.5930
653.2290,151.6590,0.7280,13437178817800,0.0000,0.5930
652.5860,150.8930,0.7320,13437178820300,0.0000,0.5930
652.1140,150.0540,0.7350,13437178821400,0.0000,0.5930
651.8140,149.1780,0.7390,13437178822300,0.0000,0.6110
651.6000,148.0470,0.7430,13437194788900,0.0000,0.6110
650.9140,146.4050,0.7470,13437194848900,0.0000,0.6110
650.4860,144.6180,0.7520,13437210820600,0.0000,0.6110
650.0140,142.7200,0.7570,13437210870800,0.0000,0.6110
649.5860,140.7860,0.7620,13437210882900,0.0000,0.6110
649.4140,139.1450,0.7670,13437210884000,0.0000,0.6110
649.3710,137.5760,0.7720,13437227756700,0.0000,0.6110
649.2860,135.5320,0.7760,13437227811800,0.0000,0.6110
649.1140,133.8180,0.7810,13437244739000,0.0000,0.6110
649.1140,132.2490,0.7850,13437244790400,0.0000,0.6110
649.1140,130.7530,0.7890,13437244793500,0.0000,0.6110
649.4140,128.6360,0.7920,13437244795000,0.0000,0.6110
649.6720,126.4840,0.7960,13437244797400,0.0000,0.6110
649.8860,124.3680,0.8000,13437261746800,0.0000,0.6110
649.8860,122.2150,0.8030,13437261819900,0.0000,0.6110
650.1000,120.0990,0.8050,13437261822900,0.0000,0.6110
650.1860,117.8730,0.8070,13437261824600,0.0000,0.6110
650.1000,115.6110,0.8090,13437278749000,0.0000,0.6110
650.5710,113.4220,0.8110,13437278792400,0.0000,0.6110
650.6140,111.3420,0.8120,13437278794500,0.0000,0.6110
650.8290,109.2260,0.8130,13437295745000,0.0000,0.6110
650.7860,107.4380,0.8140,13437295816200,0.0000,0.6110
650.7860,105.9420,0.8160,13437295821900,0.0000,0.6110
650.8290,104.5190,0.8170,13437295824500,0.0000,0.6110
650.9140,103.1690,0.8190,13437311722200,0.0000,0.6110
651.0860,101.1620,0.8200,13437311769100,0.0000,0.6110
651.0000,99.4840,0.8210,13437311771800,0.0000,0.6110
651.0860,98.0610,0.8220,13437328706300,0.0000,0.6110
651.0860,96.7840,0.8230,13437328748600,0.0000,0.6110
651.0860,95.5430,0.8240,13437328750200,0.0000,0.6110
651.0860,94.3390,0.8250,13437328763900,0.0000,0.6110
651.0860,92.9160,0.8260,13437345703100,0.0000,0.6110
651.0860,91.7120,0.8260,13437345758900,0.0000,0.6110
651.0860,90.3620,0.8270,13437345761700,0.0000,0.6110
651.3000,88.2460,0.8270,13437361711200,0.0000,0.6110
651.5140,86.6040,0.8280,13437361774600,0.0000,0.6110
651.6000,85.1810,0.8280,13437361778200,0.0000,0.6110
651.6000,83.9040,0.8280,13437361779900,0.0000,0.6110
651.7290,82.7000,0.8290,13437378712400,0.0000,0.6110
651.9860,81.5320,0.8290,13437378763900,0.0000,0.6110
652.0290,80.4010,0.8300,13437378776100,0.0000,0.6110
652.2860,79.1970,0.8300,13437378777100,0.0000,0.6110
652.2860,78.2850,0.8300,13437394700400,0.0000,0.6110
652.5000,77.4090,0.8310,13437394764000,0.0000,0.6110
652.5860,76.4970,0.8310,13437411688000,0.0000,0.6110
652.7140,75.8410,0.8310,13437411734900,0.0000,0.6110
652.9290,75.2200,0.8260,13437411736800,0.0000,0.6110
653.3140,74.4900,0.8170,13437411737900,0.0000,0.6110
653.7860,73.8700,0.8050,13437411738800,0.0000,0.6110
654.1290,73.4320,0.7880,13437428712700,0.0000,0.6110
654.6000,73.0680,0.7660,13437428752600,0.0000,0.6110
655.1140,72.7390,0.7390,13437444710400,0.0000,0.6110
655.6290,72.5930,0.7220,13437444754700,0.0000,0.6110
656.3140,72.5200,0.6910,13437444756400,0.0000,0.6110
656.9140,72.5200,0.5760,13437444757300,0.0000,0.5930
657.5140,72.6660,0.4800,13437461768000,0.0000,0.5930
658.3290,73.0680,0.4000,13437461831500,0.0000,0.5930
666.0430,89.0120,0.1800,13437561946600,0.0000,0.5760
666.2140,89.3770,0.2810,13437561998100,0.0000,0.5760
666.3430,89.7420,0.3420,13437562001500,0.0000,0.5760
666.5140,90.0700,0.3830,13437562003200,0.0000,0.5760
666.6430,90.2890,0.4140,13437562004700,0.0000,0.5760
666.6430,90.5080,0.4390,13437578678100,0.0000,0.5760
666.9000,90.6540,0.4610,13437578776900,0.0000,0.5760
667.1570,90.8730,0.4970,13437594788400,0.0000,0.5760
667.4140,90.9460,0.5110,13437594835500,0.0000,0.5760
668.3140,90.8730,0.5340,13437594840500,0.0000,0.5760
668.9570,90.8000,0.5440,13437611190200,0.0000,0.5760
670.0290,90.5080,0.5520,13437611239100,0.0000,0.5760
671.2290,90.3620,0.5580,13437611255300,0.0000,0.5760
673.1570,89.8510,0.5590,13437611257300,0.0000,0.5760
675.1290,89.3040,0.5500,13437628161700,0.0000,0.5760
677.1430,88.7930,0.5300,13437628217900,0.0000,0.5760
679.0710,88.1000,0.5130,13437644157500,0.0000,0.5760
681.0430,87.6620,0.4270,13437644195200,0.0000,0.5760
682.8430,87.0780,0.3560,13437644198400,0.0000,0.5760
684.4710,86.3120,0.2960,13437644199900,0.0000,0.5760
624.7290,141.2240,0.0520,13438291846300,0.1750,0.5250
624.7290,140.8590,0.0860,13438308538400,0.1750,0.5250
625.0290,140.4220,0.1200,13438308590900,0.1750,0.5250
625.1570,139.8740,0.1530,13438308593400,0.1750,0.5250
625.3290,139.2180,0.1840,13438325514600,0.1750,0.5250
625.5430,138.4510,0.2120,13438325570500,0.1750,0.5250
625.8430,137.6490,0.2380,13438325588500,0.1750,0.5250
626.0570,136.5910,0.2630,13438325592200,0.1750,0.5250
626.3570,135.4590,0.2850,13438341570100,0.1930,0.5240
626.7430,134.4010,0.3060,13438341617800,0.1930,0.5240
626.9570,133.3800,0.3240,13438358497000,0.1930,0.5410
627.1720,132.2490,0.3410,13438358538100,0.1930,0.5410
627.4710,131.1900,0.3560,13438358541200,0.1930,0.5410
627.6430,130.1320,0.3710,13438358543000,0.1930,0.5600
627.7710,129.1840,0.3840,13438358544600,0.1930,0.5600
627.9860,128.1260,0.3960,13438375474600,0.1930,0.5600
628.1570,127.2860,0.4070,13438375511600,0.1930,0.5600
628.2430,126.6300,0.4180,13438391584800,0.1930,0.5600
628.2860,126.0100,0.4280,13438391777700,0.1930,0.5600
628.4570,125.4990,0.4370,13438391866800,0.1930,0.5600
628.4570,125.0610,0.4460,13438391873800,0.1930,0.5600
628.4570,124.5860,0.4540,13438391879900,0.1930,0.5600
628.4570,124.2950,0.4620,13438408580600,0.1930,0.5600
628.4570,123.8570,0.4760,13438408641700,0.1930,0.5600
628.1570,125.1340,0.5140,13438441571200,0.1930,0.5600
628.0710,125.7910,0.5170,13438458545900,0.1930,0.5600
628.0710,126.4840,0.5200,13438458590300,0.1930,0.5600
627.9860,127.7610,0.5220,13438475526300,0.1930,0.5600
627.9860,128.8550,0.5250,13438475565300,0.1930,0.5600
627.9430,130.2780,0.5270,13438475568600,0.1930,0.5600
627.9430,131.6280,0.5290,13438475570200,0.1930,0.5600
627.7710,133.6720,0.5310,13438492519300,0.1930,0.5770
627.6860,135.4590,0.5320,13438492551100,0.1920,0.5940
627.5570,137.0280,0.5340,13438492553900,0.1920,0.5940
627.3860,138.9990,0.5360,13438509513700,0.1940,0.6120
627.0860,140.6410,0.5380,13438509580400,0.1940,0.6120
627.0430,141.9910,0.5390,13438509583700,0.1940,0.6120
626.8710,143.1950,0.5400,13438509585200,0.1940,0.6120
626.4430,144.9090,0.5420,13438526499700,0.1940,0.6120
625.9290,146.2590,0.5440,13438526545100,0.1940,0.6120
625.6720,147.3910,0.5450,13438526548600,0.1940,0.6120
625.2430,148.3390,0.5470,13438526550500,0.1940,0.6120
624.7710,149.3240,0.5490,13438526552000,0.1940,0.6120
624.3430,150.1640,0.5510,13438542552100,0.1940,0.6120
623.8280,150.9660,0.5530,13438542598500,0.1940,0.6120
623.2710,151.8050,0.5550,13438559573600,0.1940,0.6120
622.6710,152.5350,0.5570,13438559624300,0.1940,0.6120
622.0290,153.3010,0.5590,13438559626100,0.1940,0.6120
621.3430,153.8850,0.5600,13438559627100,0.1940,0.6120
620.5710,154.5050,0.5610,13438576531000,0.1940,0.6120
619.7570,155.0160,0.5630,13438576583200,0.1940,0.6120
618.9430,155.4540,0.5640,13438576586000,0.1940,0.6120
618.1290,155.8550,0.5650,13438592569800,0.1940,0.6120
617.3140,156.2200,0.5660,13438592602200,0.1940,0.6120
616.3280,156.5120,0.5670,13438592608100,0.1940,0.6120
615.6430,156.7310,0.5670,13438592615000,0.1940,0.6120
614.6570,156.9500,0.5680,13438609554800,0.2100,0.6110
613.8430,157.0230,0.5690,13438609627500,0.2100,0.6110
613.1140,157.0960,0.5710,13438609631900,0.2100,0.6110
612.2570,157.0960,0.5740,13438625588000,0.2100,0.6110
611.4430,157.0960,0.5780,13438625631900,0.2100,0.6110
610.3290,157.0230,0.5820,13438625634900,0.2100,0.6110
609.3430,156.8770,0.5860,13438625636900,0.2100,0.6110
608.4000,156.7310,0.5910,13438641690400,0.2100,0.6110
607.3280,156.5120,0.5960,13438641724700,0.2100,0.6110
606.3000,156.2200,0.6020,13438641730800,0.2100,0.6110
605.3140,155.8550,0.6070,13438641732400,0.2100,0.6110
604.3290,155.3810,0.6130,13438657714200,0.2100,0.6110
603.5140,154.8700,0.6190,13438657776200,0.2100,0.6110
602.7430,154.2500,0.6260,13438673757800,0.2100,0.6110
602.1000,153.5200,0.6320,13438673814200,0.2100,0.6110
601.5000,152.7540,0.6370,13438673817900,0.2100,0.6110
600.9860,151.8050,0.6430,13438673820800,0.2100,0.6110
600.3000,150.3820,0.6490,13438689803200,0.2100,0.6110
599.9140,148.9590,0.6540,13438689836900,0.2100,0.6110
599.5290,147.7550,0.6590,13438706760700,0.2100,0.6110
599.4000,146.5510,0.6650,13438706792400,0.2100,0.6110
599.2290,145.3470,0.6700,13438706795800,0.2280,0.6120
599.1000,144.0700,0.6760,13438706797800,0.2450,0.6120
599.1000,142.7930,0.6820,13438706800000,0.2450,0.6120
599.0140,141.4430,0.6880,13438723798900,0.2450,0.6120
599.0140,140.0200,0.6940,13438723864300,0.2450,0.6120
599.0140,138.5970,0.7000,13438723875200,0.2450,0.6120
599.1000,136.4450,0.7070,13438723878600,0.2450,0.6120
599.1860,134.4010,0.7140,13438723880000,0.2450,0.6120
599.3140,132.3220,0.7210,13438739768300,0.2450,0.6120
599.4860,130.2050,0.7270,13438739804400,0.2450,0.6120
599.7000,128.2720,0.7330,13438755768800,0.2450,0.6120
600.0860,126.1550,0.7400,13438755811100,0.2450,0.6120
600.3860,124.0760,0.7450,13438755814500,0.2450,0.6120
600.7290,122.0320,0.7500,13438772814700,0.2450,0.6120
601.1140,120.0260,0.7550,13438772853400,0.2450,0.6120
601.5000,118.0190,0.7590,13438772855400,0.2450,0.6120
601.8860,116.0490,0.7640,13438772856300,0.2450,0.6120
602.1860,114.1150,0.7680,13438789733000,0.2630,0.6110
602.4000,112.2180,0.7720,13438789789800,0.2800,0.6120
602.6140,110.5760,0.7760,13438789792800,0.2800,0.6120
602.7430,109.1530,0.7800,13438789794300,0.2800,0.6120
602.8290,107.8760,0.7830,13438805736000,0.2800,0.6120
603.0000,106.5990,0.7860,13438805767400,0.2800,0.6120
603.0430,105.3580,0.7890,13438821773800,0.2800,0.6120
603.1290,104.0080,0.7910,13438821812400,0.2800,0.6120
603.1290,102.6580,0.7940,13438821814700,0.2800,0.6120
603.1290,101.2350,0.7960,13438821815600,0.2800,0.6120
603.2140,99.8850,0.7980,13438821816600,0.2800,0.6120
603.4290,98.4620,0.7990,13438838747800,0.2800,0.6120
603.5140,97.1120,0.8000,13438838780500,0.2800,0.6120
603.6000,95.7620,0.8020,13438854773800,0.2800,0.6120
603.6430,94.4850,0.8030,13438854813200,0.2800,0.6120
603.8140,93.2080,0.8050,13438854821800,0.2800,0.6120
603.9430,92.0040,0.8060,13438854823600,0.2800,0.6120
604.1140,90.8730,0.8060,13438871738200,0.2800,0.6120
604.3290,89.8510,0.8080,13438871778600,0.2800,0.6120
604.5000,88.7930,0.8080,13438887769100,0.2800,0.6120
604.6290,87.8810,0.8050,13438887802200,0.2800,0.6120
604.8000,87.1510,0.8000,13438887804100,0.2800,0.6120
605.1000,86.3120,0.7900,13438887805100,0.2800,0.6120
605.4000,85.5460,0.7760,13438887806100,0.2800,0.6120
605.7430,84.8890,0.7560,13438904773400,0.2800,0.6120
606.3000,84.2320,0.7310,13438904804900,0.2970,0.6110
606.7290,83.6850,0.7150,13438904811200,0.2970,0.6110
607.2430,83.3200,0.6860,13438904812700,0.2970,0.6110
607.8000,83.0280,0.5710,13438921802000,0.2970,0.6110
608.4000,82.8090,0.4760,13438921835600,0.2970,0.6110
609.0000,82.6270,0.3970,13438937837700,0.2970,0.6110
620.8290,90.9460,0.0060,13439040083200,0.2970,0.6110
620.8290,91.6390,0.0360,13439056860800,0.2970,0.6110
620.8290,92.2230,0.0760,13439056924800,0.2970,0.6110
620.7430,92.8430,0.1210,13439072910500,0.2970,0.6110
620.6570,93.5000,0.1680,13439072950900,0.2970,0.6110
620.5710,94.1200,0.2150,13439072963100,0.2970,0.6110
620.5290,94.7770,0.2590,13439072964400,0.2970,0.6110
620.3570,95.4700,0.3000,13439072965500,0.2970,0.6110
620.2290,96.1270,0.3390,13439088929900,0.2970,0.6110
620.1430,96.7840,0.3740,13439088996600,0.2970,0.6110
619.9710,97.4770,0.4060,13439105934000,0.2970,0.6110
619.9290,98.1340,0.4350,13439105997000,0.2970,0.6110
619.8430,98.8270,0.4600,13439106003500,0.2970,0.6110
619.7570,99.4840,0.4790,13439106005700,0.2970,0.6110
619.7570,100.1040,0.4900,13439122858300,0.2970,0.6110
619.8430,100.7610,0.4890,13439122917200,0.2970,0.6110
619.9290,101.4540,0.4690,13439122920900,0.2970,0.6110
619.9710,101.9650,0.3910,13439138857700,0.2970,0.6110
620.2290,102.5120,0.3250,13439138926700,0.2970,0.6110
620.2710,102.8770,0.2710,13439138953600,0.2970,0.6110
573.9860,136.6640,0.0220,13439836597500,0.1750,0.4720
574.2860,136.4450,0.0830,13439836844200,0.1750,0.4720
574.3710,136.2260,0.1470,13439852738500,0.1750,0.4720
574.5860,136.0430,0.1780,13439852924900,0.1750,0.4720
574.8430,135.6780,0.2370,13439869882100,0.1750,0.4720
574.8860,135.3860,0.2630,13439870124700,0.1750,0.4720
574.9710,135.0950,0.2880,13439870131100,0.1750,0.4720
575.1430,134.7300,0.3110,13439870134300,0.1930,0.4730
575.2710,134.1820,0.3320,13439886707300,0.1930,0.4730
575.3570,133.6720,0.3520,13439886840400,0.1930,0.4730
575.4430,133.0510,0.3700,13439886865000,0.1930,0.4730
575.5710,132.4680,0.3860,13439903721500,0.1930,0.4730
575.5710,131.7010,0.4000,13439903928500,0.1930,0.4900
575.7860,130.9720,0.4130,13439903935100,0.1930,0.5070
575.9570,129.9860,0.4250,13439903949400,0.1930,0.5070
576.0860,129.1110,0.4360,13439920830100,0.1930,0.5070
576.1710,128.3450,0.4460,13439921183000,0.1930,0.5070
576.2570,127.5780,0.4550,13439938618900,0.1930,0.5240
576.3430,126.9220,0.4630,13439938684100,0.1930,0.5240
576.3430,126.1550,0.4710,13439938687400,0.1930,0.5410
576.3430,125.4990,0.4790,13439938689200,0.1930,0.5600
576.3430,124.9150,0.4870,13439938691100,0.1930,0.5600
576.3860,124.2220,0.4940,13439954806900,0.1930,0.5600
576.3860,123.5650,0.5020,13439955113200,0.1930,0.5600
576.3860,122.9450,0.5080,13439955154300,0.1930,0.5600
576.3860,122.3610,0.5140,13439955163300,0.1930,0.5600
576.4710,121.6680,0.5210,13439955173400,0.1930,0.5600
576.4710,121.0840,0.5270,13439971891100,0.1930,0.5600
576.4710,120.4640,0.5320,13439972271700,0.1930,0.5600
576.6430,119.8800,0.5370,13439988639700,0.1930,0.5600
576.6430,119.2960,0.5410,13439988686200,0.2100,0.5600
576.6860,118.6760,0.5450,13439988688600,0.2100,0.5600
576.6860,118.1650,0.5500,13439988689700,0.2100,0.5600
576.7710,117.6180,0.5540,13439988690800,0.2100,0.5600
576.7710,117.1800,0.5590,13440005613400,0.2100,0.5600
576.7710,116.8150,0.5640,13440005652900,0.2100,0.5600
576.8570,116.4140,0.5680,13440022619300,0.2100,0.5600
576.8570,116.1220,0.5720,13440022658200,0.2270,0.5590
576.8570,115.6110,0.5810,13440022662400,0.2270,0.5590
576.8570,115.3190,0.5850,13440038687100,0.2270,0.5590
576.7710,114.8450,0.5920,13440038739800,0.2270,0.5590
576.7710,114.4070,0.6010,13440054668600,0.2270,0.5590
576.6860,114.1880,0.6050,13440070725800,0.2270,0.5590
576.2570,114.7720,0.6250,13440104685900,0.2270,0.5590
576.0430,115.3190,0.6310,13440104723300,0.2270,0.5590
576.0430,115.6110,0.6340,13440121665700,0.2270,0.5590
575.9570,115.9760,0.6370,13440121700700,0.2270,0.5590
575.8710,116.4140,0.6400,13440138661600,0.2270,0.5590
575.5710,117.0340,0.6430,13440138725900,0.2270,0.5590
575.5710,117.6180,0.6470,13440138728300,0.2270,0.5590
575.4430,118.3110,0.6510,13440138729500,0.2270,0.5590
575.2710,118.9680,0.6540,13440138730500,0.2270,0.5590
574.9710,119.8800,0.6590,13440154658300,0.2270,0.5590
574.7570,120.8650,0.6630,13440154703400,0.2270,0.5590
574.4570,121.8140,0.6660,13440154709300,0.2270,0.5590
574.2860,122.7990,0.6700,13440170716600,0.2270,0.5590
574.1570,123.7840,0.6740,13440170750300,0.2270,0.5590
573.9430,124.7320,0.6770,13440170752900,0.2270,0.5590
573.8570,125.6450,0.6820,13440170754200,0.2270,0.5590
573.6860,126.6300,0.6860,13440187681900,0.2270,0.5590
573.5570,127.5050,0.6900,13440187712400,0.2270,0.5590
573.3430,128.4910,0.6930,13440187714600,0.2270,0.5590
573.1720,129.4760,0.6960,13440187715600,0.2270,0.5590
572.9570,130.4240,0.6990,13440203735100,0.2270,0.5590
572.8710,131.2630,0.7020,13440203791400,0.2270,0.5590
572.7860,132.0300,0.7040,13440219944200,0.2270,0.5590
572.7430,132.6870,0.7060,13440219976900,0.2270,0.5590
572.5710,133.3800,0.7070,13440219979200,0.2270,0.5590
572.4860,134.0360,0.7090,13440219983200,0.2270,0.5590
572.4430,134.7300,0.7110,13440236930800,0.2270,0.5590
572.3570,135.3140,0.7130,13440236979800,0.2270,0.5590
572.1860,135.8970,0.7150,13440236983500,0.2270,0.5590
572.0570,136.4450,0.7170,13440252943000,0.2270,0.5760
571.9710,136.9550,0.7190,13440253010100,0.2270,0.5940
571.8860,137.4660,0.7200,13440253013800,0.2280,0.6120
571.7570,137.9410,0.7220,13440253015400,0.2280,0.6120
571.5860,138.3780,0.7240,13440269906500,0.2280,0.6120
571.4570,138.8160,0.7260,13440269961000,0.2280,0.6120
571.2860,139.2910,0.7280,13440286901300,0.2280,0.6120
571.2430,139.5820,0.7290,13440286945200,0.2280,0.6120
571.1570,139.8740,0.7310,13440286948200,0.2280,0.6120
570.9430,140.2390,0.7320,13440286949900,0.2280,0.6120
570.6860,140.7140,0.7330,13440286951500,0.2280,0.6300
570.4710,141.0050,0.7350,13440303883000,0.2280,0.6300
570.2570,141.2970,0.7360,13440303954300,0.2280,0.6300
570.0430,141.5890,0.7380,13440303958700,0.2280,0.6300
569.6570,141.9910,0.7380,13440303960600,0.2280,0.6300
569.4430,142.2820,0.7390,13440303966000,0.2280,0.6300
569.0570,142.5740,0.7400,13440320890700,0.2280,0.6300
568.6710,142.9390,0.7410,13440320966300,0.2280,0.6300
568.3290,143.2680,0.7420,13440337885200,0.2280,0.6300
567.9430,143.4870,0.7430,13440337963800,0.2280,0.6300
567.5570,143.7780,0.7430,13440337970300,0.2280,0.6300
567.1290,143.9970,0.7440,13440337974300,0.2280,0.6300
566.7430,144.1430,0.7450,13440354869000,0.2280,0.6300
566.3570,144.3620,0.7460,13440354943900,0.2280,0.6300
565.9710,144.5450,0.7470,13440354953400,0.2280,0.6300
565.6720,144.6180,0.7470,13440371855000,0.2280,0.6300
565.3710,144.6180,0.7490,13440371949500,0.2280,0.6300
565.0710,144.6910,0.7500,13440371958400,0.2280,0.6300
564.4710,144.6180,0.7510,13440388901300,0.2280,0.6300
564.2570,144.5450,0.7530,13440389046500,0.2280,0.6300
563.8710,144.2160,0.7530,13440389091500,0.2280,0.6300
563.5290,144.0700,0.7540,13440389098400,0.2460,0.6290
563.1430,143.7780,0.7540,13440389102700,0.2460,0.6290
562.7570,143.5590,0.7540,13440405876500,0.2460,0.6290
562.3710,143.2680,0.7540,13440406032000,0.2460,0.6290
562.0710,143.1220,0.7550,13440422820700,0.2460,0.6290
561.7290,142.7200,0.7560,13440422903600,0.2460,0.6290
561.3430,142.4280,0.7560,13440422909300,0.2460,0.6290
561.1290,142.0630,0.7570,13440422913000,0.2460,0.6290
560.7430,141.7720,0.7580,13440422916000,0.2460,0.6290
560.4430,141.4430,0.7590,13440439817700,0.2460,0.6290
560.0570,141.1510,0.7600,13440439973200,0.2460,0.6290
559.9290,140.8590,0.7610,13440456793200,0.2460,0.6290
559.7140,140.7860,0.7630,13440456850000,0.2460,0.6290
559.5430,140.5680,0.7640,13440456855100,0.2460,0.6290
559.1570,140.3490,0.7670,13440456861000,0.2460,0.6290
558.8140,140.0930,0.7690,13440473801400,0.2460,0.6290
558.2570,140.2390,0.7710,13440490778500,0.2460,0.6290
558.0430,140.4220,0.7720,13440490858900,0.2460,0.6290
557.8290,140.6410,0.7730,13440490866400,0.2460,0.6290
557.5290,140.8590,0.7740,13440507775200,0.2460,0.6290
557.1430,141.3700,0.7750,13440507894400,0.2460,0.6290
556.8430,141.8450,0.7760,13440524767400,0.2460,0.6290
556.5430,142.2820,0.7770,13440524837900,0.2460,0.6290
556.1570,142.7930,0.7780,13440524845300,0.2460,0.6290
555.8570,143.2680,0.7790,13440524849400,0.2460,0.6290
555.5570,143.7780,0.7800,13440524852500,0.2460,0.6290
555.2140,144.2890,0.7810,13440541759100,0.2460,0.6290
555.0430,144.7630,0.7820,13440541894100,0.2460,0.6290
554.7430,145.2010,0.7830,13440541933400,0.2460,0.6290
554.4430,145.6390,0.7830,13440541936900,0.2460,0.6290
554.2290,146.0410,0.7840,13440558822200,0.2460,0.6290
554.0140,146.3320,0.7850,13440559031600,0.2460,0.6290
553.8000,146.5510,0.7860,13440559063300,0.2460,0.6290
553.5430,146.7700,0.7870,13440575765000,0.2460,0.6290
553.3290,146.9160,0.7880,13440576017500,0.2460,0.6290
553.1140,147.0620,0.7880,13440576024900,0.2460,0.6290
552.7290,147.2080,0.7890,13440592730500,0.2460,0.6290
552.5140,147.2080,0.7890,13440592814000,0.2460,0.6290
551.8290,147.0620,0.7880,13440609836800,0.2460,0.6290
551.5290,146.9890,0.7870,13440609957000,0.2460,0.6290
551.3140,146.8430,0.7860,13440609984900,0.2460,0.6290
551.0140,146.7700,0.7850,13440626699000,0.2460,0.6290
550.4140,146.6240,0.7850,13440626770300,0.2460,0.6470
550.2000,146.5510,0.7850,13440643759300,0.2460,0.6470
549.6000,146.4780,0.7840,13440643897500,0.2460,0.6470
549.2140,146.4780,0.7830,13440643903700,0.2460,0.6470
548.4430,146.6240,0.7810,13440660713000,0.2800,0.6460
547.9290,146.8430,0.7810,13440660789800,0.2800,0.6460
547.4140,146.9890,0.7810,13440677685800,0.2800,0.6460
546.9430,147.3910,0.7810,13440677747000,0.2800,0.6460
546.4290,147.6820,0.7810,13440677750400,0.2800,0.6460
545.9140,147.9740,0.7810,13440677752000,0.2800,0.6460
545.4000,148.3390,0.7810,13440694654600,0.2800,0.6460
544.8000,148.8870,0.7800,13440694687900,0.2800,0.6460
544.2000,149.3240,0.7800,13440694691200,0.2800,0.6460
543.7290,149.6890,0.7800,13440711927000,0.2800,0.6460
543.2140,150.1640,0.7800,13440712010800,0.2800,0.6460
542.7000,150.6740,0.7810,13440712014500,0.2800,0.6460
542.1860,151.1120,0.7810,13440712024400,0.2800,0.6460
541.7140,151.4770,0.7810,13440728648500,0.2800,0.6460
541.3280,151.8050,0.7810,13440728710600,0.2800,0.6460
540.8140,152.0970,0.7810,13440728716800,0.2800,0.6460
540.6000,152.3160,0.7810,13440728718400,0.2800,0.6460
540.3000,152.5350,0.7820,13440728719600,0.2800,0.6460
540.0000,152.6080,0.7820,13440745648300,0.2800,0.6460
539.7860,152.6810,0.7820,13440745925800,0.2800,0.6460
539.2290,152.6080,0.7800,13440762633400,0.2800,0.6460
538.8000,152.3890,0.7790,13440762684700,0.2800,0.6460
538.5000,152.0970,0.7770,13440779639300,0.2800,0.6460
538.2860,151.6590,0.7750,13440779722800,0.2800,0.6460
537.9000,151.1850,0.7710,13440779729700,0.2800,0.6460
537.5140,150.4550,0.7680,13440796653800,0.2800,0.6460
537.1720,149.6890,0.7640,13440796721600,0.2800,0.6460
536.7860,148.6310,0.7590,13440796724700,0.2800,0.6460
536.4000,147.6090,0.7530,13440796729000,0.2800,0.6460
535.8860,145.9680,0.7470,13440796730200,0.2800,0.6460
535.4140,144.5450,0.7390,13440813625000,0.2800,0.6460
534.9860,143.2680,0.7330,13440813679700,0.2800,0.6460
534.4710,141.8450,0.7260,13440830578200,0.2800,0.6460
533.8710,140.5680,0.7200,13440830648800,0.2800,0.6460
533.3140,139.5090,0.7130,13440830653500,0.2800,0.6460
532.7140,138.5970,0.7070,13440830655300,0.2800,0.6460
532.1140,137.7950,0.7010,13440830657100,0.2980,0.6470
531.4710,136.8820,0.6960,13440847566500,0.2980,0.6470
530.7860,136.0430,0.6910,13440847629000,0.2980,0.6470
529.5860,135.1680,0.6870,13440864552400,0.2980,0.6470
528.6000,134.3280,0.6830,13440864585100,0.2980,0.6470
527.6570,133.8910,0.6790,13440864588100,0.2980,0.6470
526.9710,133.5260,0.6770,13440864589900,0.2980,0.6470
526.1570,133.1970,0.6740,13440881543600,0.2980,0.6470
525.4710,133.1240,0.6710,13440881610400,0.2980,0.6470
524.7860,133.1970,0.6690,13440881613500,0.2980,0.6470
524.0570,133.3070,0.6670,13440881614900,0.2980,0.6470
523.2000,133.6720,0.6660,13440881616500,0.2980,0.6470
522.3860,134.0360,0.6650,13440898620400,0.2980,0.6470
521.6570,134.4740,0.6650,13440898794500,0.2980,0.6470
520.9710,135.0220,0.6650,13440898811200,0.2980,0.6290
520.2860,135.7510,0.6650,13440915689400,0.2980,0.6290
519.7710,136.4450,0.6660,13440916641000,0.2980,0.6290
519.2570,137.1010,0.6660,13440916747000,0.2980,0.6290
518.9570,137.7220,0.6670,13440916753200,0.2980,0.6290
518.7430,138.3050,0.6680,13440932618000,0.2980,0.6290
518.5710,138.8160,0.6700,13440932711400,0.2980,0.6290
518.4430,139.4370,0.6700,13440949791000,0.2980,0.6290
518.4430,139.9470,0.6720,13440949869500,0.2980,0.6290
518.4430,140.4220,0.6730,13440949877000,0.2980,0.6290
518.4860,140.8590,0.6750,13440949878500,0.2980,0.6290
518.4860,141.2240,0.6770,13440949880400,0.2980,0.6290
518.6570,141.5160,0.6780,13440966582400,0.2980,0.6290
518.7430,141.8450,0.6800,13440966656500,0.2980,0.6290
518.9570,141.9910,0.6820,13440966660700,0.2980,0.6290
519.1710,142.2090,0.6840,13440983685500,0.2980,0.6290
519.3430,142.2090,0.6860,13440983792300,0.2980,0.6290
519.7710,142.2090,0.6880,13440983797800,0.2980,0.6290
520.3710,141.9910,0.6890,13440983800400,0.2980,0.6290
521.1430,141.6620,0.6850,13441000499300,0.2980,0.6290
522.0000,141.0780,0.6770,13441000586100,0.2980,0.6290
523.2860,140.0930,0.6630,13441017483700,0.2980,0.6290
524.7860,138.8160,0.6420,13441017549100,0.2980,0.6290
526.4570,137.3930,0.6260,13441017551600,0.2980,0.6290
529.4570,134.5470,0.5890,13441017552700,0.2980,0.6290
532.2860,131.5550,0.4910,13441017553900,0.2980,0.6290
534.3860,129.2570,0.4090,13441034458800,0.2980,0.6290
536.0140,127.2140,0.3410,13441034494400,0.2980,0.6290
554.6570,104.1540,0.1950,13441148908700,0.2800,0.6120
554.9140,103.9350,0.3020,13441149087900,0.2800,0.6120
555.1290,103.6800,0.3630,13441165420500,0.2800,0.6120
555.2570,103.4610,0.3990,13441165555000,0.2800,0.6120
555.5570,103.2420,0.4240,13441165561600,0.2800,0.6120
555.9430,102.9500,0.4430,13441165568800,0.2800,0.6120
556.4140,102.6580,0.4570,13441182452200,0.2800,0.6120
557.0570,102.1840,0.4680,13441182532500,0.2800,0.6120
557.9570,101.6730,0.4760,13441182536700,0.2800,0.6120
559.2430,100.9070,0.4830,13441198441600,0.2800,0.6120
560.7430,100.0310,0.4890,13441198503200,0.2800,0.6120
562.3710,99.0460,0.4940,13441198507600,0.2800,0.6120
564.2570,98.0610,0.4980,13441198510400,0.2800,0.6120
565.9710,97.1120,0.5000,13441198587900,0.2800,0.6120
567.9430,96.0540,0.4960,13441214454400,0.2800,0.6120
569.6570,94.9960,0.4850,13441214514300,0.2800,0.6120
571.3710,94.1200,0.4660,13441231415000,0.2800,0.6120
572.9570,93.1350,0.4460,13441231449700,0.2800,0.6120
574.3710,92.2230,0.3720,13441231451900,0.2800,0.6120
575.7430,91.2740,0.3090,13441231452900,0.2800,0.6120
576.6860,90.5080,0.2580,13441247513000,0.2800,0.6120
541.5860,164.6850,0.0090,13441664801000,0.2100,0.5940
541.2000,165.1230,0.0430,13441664844700,0.2100,0.5940
540.8140,165.6700,0.0850,13441664848600,0.2100,0.5940
540.6000,166.1810,0.1310,13441664850600,0.2100,0.5940
540.3000,166.6920,0.1750,13441681436200,0.2100,0.5940
540.0000,167.2390,0.2160,13441681484300,0.2100,0.5940
539.6140,167.6770,0.2550,13441681488200,0.2100,0.5940
539.4860,168.1880,0.2880,13441681489700,0.2100,0.5940
539.2290,168.6620,0.3140,13441698487000,0.2100,0.5940
539.1000,169.1000,0.3310,13441698661600,0.2100,0.5940
539.0140,169.4650,0.3370,13441714430500,0.2100,0.5940
538.9290,169.7930,0.2800,13441714479000,0.2100,0.5940
538.9290,170.1580,0.1940,13441714493400,0.2100,0.5940
506.2290,127.3590,0.0050,13442130795300,0.2980,0.5600
506.5290,126.4840,0.0270,13442130858000,0.2980,0.5600
506.7430,125.4260,0.0560,13442130861900,0.2980,0.5600
507.0430,124.4410,0.0870,13442130864000,0.2980,0.5600
507.2570,123.3820,0.1180,13442146513900,0.2980,0.5600
507.4710,122.2880,0.1470,13442146569800,0.2980,0.5600
507.7290,121.1570,0.1750,13442162569100,0.2980,0.5600
508.0290,120.0260,0.2010,13442162619800,0.2980,0.5600
508.2430,118.8220,0.2250,13442162622000,0.2980,0.5760
508.4570,117.6180,0.2480,13442162623200,0.2980,0.5760
508.6710,116.4140,0.2690,13442179604200,0.2980,0.5760
508.8430,115.1730,0.2880,13442179647800,0.2980,0.5760
509.1430,113.9690,0.3070,13442196463900,0.3150,0.5760
509.2710,112.6920,0.3230,13442196519000,0.3150,0.5760
509.4430,111.4150,0.3390,13442196522700,0.3330,0.5770
509.5710,110.1380,0.3520,13442196524500,0.3330,0.5770
509.9570,108.2770,0.3650,13442196526600,0.3330,0.5770
510.1710,106.7080,0.3760,13442212522000,0.3330,0.5770
510.3430,105.2850,0.3870,13442212555700,0.3330,0.5770
510.4710,103.9350,0.3960,13442228560000,0.3330,0.5770
510.7710,102.0380,0.4040,13442228611800,0.3330,0.5770
511.0710,100.5420,0.4120,13442228614000,0.3330,0.5770
511.3280,99.1190,0.4180,13442228615100,0.3330,0.5940
511.4570,97.8420,0.4240,13442228616100,0.3320,0.6110
511.6290,96.6380,0.4300,13442245447900,0.3320,0.6110
511.7570,95.4700,0.4350,13442245492500,0.3320,0.6110
511.9290,94.2660,0.4400,13442261504100,0.3320,0.6110
512.0570,93.1350,0.4450,13442261575700,0.3320,0.6110
512.0570,92.0040,0.4500,13442261579700,0.3320,0.6110
512.2710,90.9460,0.4540,13442261580900,0.3320,0.6110
512.3570,89.9240,0.4580,13442278480300,0.3320,0.6110
512.4430,89.0120,0.4620,13442278518800,0.3320,0.6110
512.4430,88.1000,0.4660,13442278520800,0.3320,0.6110
512.5290,87.4430,0.4690,13442278521800,0.3320,0.6110
512.5710,86.6040,0.4720,13442278522600,0.3320,0.6110
512.6570,85.8740,0.4750,13442295492900,0.3320,0.6110
512.7430,85.1810,0.4780,13442295581800,0.3320,0.6110
512.8290,84.4510,0.4800,13442311495400,0.3320,0.6110
512.8710,83.7580,0.4830,13442311546400,0.3320,0.6110
512.9570,83.1010,0.4850,13442311558400,0.3320,0.6110
513.0430,82.4810,0.4880,13442311559700,0.3320,0.6110
513.0430,81.8240,0.4900,13442311560500,0.3320,0.6110
513.1290,81.2770,0.4930,13442328482200,0.3320,0.6110
513.1720,80.8390,0.4950,13442328531000,0.3320,0.6110
513.1720,80.4740,0.4970,13442345478200,0.3320,0.6110
513.1720,80.1090,0.5000,13442345541300,0.3320,0.6110
513.1720,79.7810,0.5020,13442345548700,0.3320,0.6110
513.0430,79.2700,0.5080,13442362466500,0.3320,0.6110
512.8290,79.1240,0.5130,13442378528600,0.3320,0.6110
512.3570,79.5620,0.5200,13442394694400,0.3320,0.6110
512.0570,80.0360,0.5220,13442394743900,0.3320,0.6110
511.8430,80.4740,0.5250,13442394748100,0.3320,0.6110
511.6290,80.9120,0.5280,13442394753600,0.3320,0.6110
511.3280,81.8240,0.5310,13442411606800,0.3320,0.6110
510.8570,82.7000,0.5350,13442411644200,0.3320,0.6110
510.7290,83.6850,0.5380,13442411646200,0.3320,0.6110
510.4290,84.6700,0.5420,13442428648500,0.3320,0.6110
510.2570,85.8740,0.5460,13442428683600,0.3320,0.6110
510.0430,86.9690,0.5510,13442428696200,0.3320,0.6110
509.8710,88.2460,0.5560,13442428697000,0.3320,0.6110
509.6570,89.6690,0.5610,13442444632100,0.3320,0.6110
509.6570,91.0190,0.5670,13442444675600,0.3320,0.6110
509.5710,93.2810,0.5740,13442461630600,0.3320,0.6110
509.4430,95.2880,0.5800,13442461688500,0.3320,0.6110
509.2290,97.5500,0.5860,13442461691900,0.3320,0.6110
508.9710,99.7390,0.5930,13442461693700,0.3320,0.6110
508.7570,101.9650,0.5990,13442461695300,0.3320,0.6110
508.4570,104.3000,0.6060,13442477644600,0.3320,0.6110
508.2430,106.5260,0.6120,13442477703300,0.3320,0.6110
507.9430,108.7880,0.6180,13442493713900,0.3320,0.6110
507.6430,110.9770,0.6240,13442493782900,0.3320,0.6110
507.3430,113.1300,0.6300,13442493786800,0.3320,0.6110
507.2570,115.3190,0.6350,13442493788800,0.3320,0.6110
507.0430,117.4720,0.6410,13442493790500,0.3320,0.6110
506.8290,119.5880,0.6460,13442509804400,0.3320,0.6110
506.6570,121.6680,0.6520,13442509855300,0.3320,0.6110
506.4430,123.9300,0.6580,13442509861500,0.3320,0.6110
505.9710,126.1550,0.6640,13442509863000,0.3320,0.6110
505.6290,128.4910,0.6710,13442525877400,0.3320,0.6110
505.2430,130.8990,0.6780,13442525938000,0.3320,0.6110
504.8140,133.1240,0.6860,13442541928000,0.3320,0.6110
504.2140,135.3860,0.6930,13442541990700,0.3320,0.6110
503.4430,137.5760,0.7000,13442541993700,0.3320,0.6110
502.7140,139.7280,0.7060,13442541996000,0.3320,0.6110
501.7290,141.8450,0.7130,13442558937600,0.3320,0.6110
500.6140,143.7780,0.7180,13442559011600,0.3320,0.6110
499.4570,145.6390,0.7230,13442559015100,0.3320,0.6110
498.2570,147.2810,0.7280,13442574925300,0.3320,0.6110
497.1000,148.8870,0.7330,13442574967100,0.3320,0.6110
495.7290,150.1640,0.7370,13442574970600,0.3320,0.6110
494.4430,151.3310,0.7410,13442574972800,0.3320,0.6110
493.1140,152.3160,0.7450,13442574975200,0.3320,0.6110
491.6140,153.3010,0.7480,13442591916400,0.3320,0.6110
489.9430,154.0310,0.7500,13442591976800,0.3320,0.6110
488.1000,154.6510,0.7510,13442608885600,0.3320,0.6280
486.3000,155.1620,0.7460,13442608943500,0.3320,0.6280
484.2000,155.6000,0.7360,13442608958900,0.3320,0.6280
482.0140,156.0010,0.7230,13442608960500,0.3320,0.6280
479.6140,156.1470,0.7050,13442624937800,0.3320,0.6280
477.0860,156.2930,0.6810,13442624986800,0.3330,0.6470
474.5140,156.3660,0.6520,13442624989100,0.3330,0.6470
471.9000,156.3660,0.6330,13442640930000,0.3330,0.6470
469.2860,156.2930,0.5990,13442640963900,0.3330,0.6470
466.8000,156.1470,0.4990,13442640966900,0.3330,0.6470
464.4860,156.0010,0.4160,13442640968400,0.3330,0.6470
462.4710,155.6730,0.3460,13442656965400,0.3330,0.6470
475.9710,113.6770,0.0130,13442907465800,0.0000,0.5760
475.5000,114.0420,0.0410,13442921894900,0.0000,0.5760
475.1140,114.4800,0.0750,13442921944700,0.0000,0.5760
474.8140,114.9180,0.1100,13442937977400,0.0000,0.5760
474.5140,115.3920,0.1450,13442938023900,0.0000,0.5760
474.3860,115.8300,0.1780,13442938025800,0.0000,0.5760
474.3000,116.3410,0.2090,13442938026900,0.0000,0.5760
474.3860,116.7420,0.2390,13442954920000,0.0000,0.5760
474.5140,117.3260,0.2660,13442954955600,0.0180,0.5780
474.6860,117.9460,0.2920,13442970939000,0.0530,0.5760
475.1140,118.7490,0.3160,13442970983400,0.0880,0.5770
475.5000,119.7340,0.3380,13442970985500,0.1230,0.5760
475.8000,120.7190,0.3590,13442970991800,0.1410,0.5780
476.1000,121.6680,0.3780,13442970992900,0.1580,0.5760
476.4000,122.7990,0.3960,13442987880700,0.1750,0.5770
476.6140,123.9300,0.4120,13442987930200,0.1930,0.5770
476.7860,125.0610,0.4270,13442987933300,0.2110,0.5770
476.7860,126.0100,0.4410,13443003985300,0.2270,0.5760
476.6140,127.1410,0.4540,13443004019400,0.2460,0.5770
476.4860,128.1990,0.4660,13443004021300,0.2630,0.5760
476.1860,129.1840,0.4780,13443004022400,0.2800,0.5760
475.8860,129.9860,0.4890,13443020972900,0.2800,0.5760
475.5860,130.6800,0.4990,13443021017500,0.2800,0.5760
475.2860,131.1900,0.5090,13443021020500,0.2800,0.5760
474.9000,131.5550,0.5180,13443021021800,0.2800,0.5760
474.6860,131.8470,0.5260,13443036988600,0.2800,0.5760
474.4710,132.1760,0.5330,13443037052000,0.2800,0.5760
474.2140,132.2490,0.5370,13443053977500,0.2800,0.5760
474.0860,132.3950,0.5390,13443054058300,0.2800,0.5760
473.9140,132.6140,0.5340,13443054078700,0.2800,0.5760
473.4000,133.3070,0.4810,13443071044000,0.2800,0.5760
473.1860,133.6720,0.4010,13443071086300,0.2800,0.5760
472.8860,134.1820,0.3340,13443087941800,0.2800,0.5760
472.3710,134.9490,0.2780,13443088025300,0.2800,0.5760
387.1290,130.0590,0.0820,13443750625000,0.0000,0.5760
387.0430,129.6220,0.1760,13443767338500,0.0000,0.5760
386.9570,129.1840,0.2300,13443767389800,0.0000,0.5760
386.9140,128.6360,0.2740,13443783419600,0.0000,0.5760
386.9140,128.3450,0.2930,13443799803700,0.0000,0.5760
386.9140,127.6510,0.3260,13443799891200,0.0000,0.5760
386.9140,127.2140,0.3400,13443799894900,0.0000,0.5930
386.9570,126.7030,0.3530,13443799896300,0.0000,0.5930
386.9570,126.0100,0.3640,13443816564000,0.0000,0.5930
386.9570,125.4260,0.3750,13443816615600,0.0000,0.5930
387.0430,124.7320,0.3840,13443833574100,0.0000,0.5930
387.0430,124.0760,0.3920,13443833653800,0.0000,0.5930
387.0430,123.4920,0.3990,13443833670800,0.0000,0.5930
387.1290,122.7990,0.4060,13443833672500,0.0000,0.5930
387.1290,122.0320,0.4110,13443850597300,0.0000,0.5930
387.2140,121.3760,0.4160,13443850635800,0.0000,0.5930
387.2570,120.6090,0.4200,13443850637500,0.0000,0.5930
387.2570,119.8800,0.4230,13443850651500,0.0000,0.5930
387.2570,119.1130,0.4260,13443850652400,0.0000,0.5930
387.3430,118.3840,0.4290,13443867568600,0.0000,0.5930
387.3430,117.6180,0.4320,13443867647100,0.0000,0.5930
387.4290,116.8880,0.4350,13443883724400,0.0000,0.5930
387.4290,116.1220,0.4370,13443883939000,0.0350,0.5950
387.5140,115.4650,0.4390,13443883953000,0.0710,0.5940
387.6430,114.7720,0.4410,13443883955600,0.1060,0.5950
387.7290,114.0420,0.4430,13443900566700,0.1400,0.5940
387.7290,113.3490,0.4450,13443900618000,0.1590,0.5950
387.8570,112.6920,0.4460,13443900620100,0.1750,0.5940
387.8570,111.9990,0.4470,13443917645700,0.1920,0.5940
387.9430,111.3420,0.4490,13443917697300,0.2100,0.5940
388.0290,110.7220,0.4510,13443917699500,0.2270,0.5940
388.0290,110.2110,0.4540,13443917706900,0.2450,0.5950
388.0290,109.7000,0.4570,13443934552100,0.2620,0.5940
388.0290,109.2260,0.4610,13443934621200,0.2810,0.5940
388.0290,108.7880,0.4650,13443934623000,0.2980,0.5950
388.0290,108.4960,0.4700,13443934623900,0.2980,0.5950
387.9430,108.1310,0.4740,13443934624900,0.2980,0.5950
387.8570,107.5840,0.4830,13443950637500,0.2980,0.5950
387.8140,107.1460,0.4900,13443967623000,0.2980,0.5950
387.7290,106.7810,0.4960,13443967704400,0.2980,0.5950
387.5140,106.5260,0.5020,13443983657600,0.2980,0.5950
387.0430,107.0730,0.5240,13444034564400,0.2980,0.5950
386.9570,107.2920,0.5270,13444034626800,0.2980,0.5950
386.7430,108.1310,0.5340,13444034630700,0.2980,0.5950
386.6140,108.5690,0.5380,13444034632400,0.2980,0.5950
386.4430,109.1530,0.5410,13444050633400,0.2980,0.5950
386.2290,109.7000,0.5440,13444050692400,0.2980,0.5950
386.2290,110.3570,0.5480,13444050696000,0.2980,0.5950
386.0570,111.0500,0.5510,13444050697900,0.2980,0.5950
385.9290,111.7070,0.5540,13444067605700,0.2980,0.5950
385.7570,112.4000,0.5570,13444067737400,0.2980,0.5950
385.6290,113.3490,0.5600,13444083632000,0.2980,0.5950
385.4570,114.2610,0.5630,13444083667000,0.2980,0.5950
385.2430,115.2460,0.5650,13444083680500,0.2980,0.5950
385.0290,116.1220,0.5680,13444083682100,0.2980,0.5950
384.9430,117.0340,0.5710,13444083682900,0.2980,0.5950
384.8140,117.9460,0.5730,13444100586700,0.2980,0.5950
384.5570,118.8950,0.5760,13444100650200,0.2980,0.5950
384.3430,119.8800,0.5780,13444116606100,0.2980,0.5950
384.1290,120.8650,0.5810,13444116655300,0.2980,0.5950
384.0000,121.6680,0.5840,13444116663500,0.2980,0.5950
383.7430,122.5800,0.5870,13444116664600,0.2980,0.5950
383.6140,123.3090,0.5900,13444116665600,0.2980,0.5950
383.4000,123.9300,0.5920,13444132830000,0.2980,0.5950
383.1430,124.8050,0.5950,13444133103600,0.2980,0.5950
382.8430,125.4990,0.5970,13444152009100,0.2980,0.5950
382.6290,126.1550,0.6000,13444152069400,0.2980,0.5950
382.3290,126.7760,0.6020,13444152075300,0.2980,0.5950
382.1140,127.2860,0.6040,13444152078500,0.2980,0.5950
381.9000,127.8340,0.6060,13444152079800,0.2980,0.5950
381.6000,128.3450,0.6080,13444152081100,0.2980,0.5950
381.3430,128.7090,0.6100,13444168654000,0.2980,0.5950
381.0430,129.1840,0.6120,13444168730000,0.2980,0.5950
380.7430,129.5490,0.6140,13444184699800,0.2980,0.5950
380.4430,129.9130,0.6150,13444184749600,0.2980,0.5950
380.1430,130.2050,0.6170,13444184752500,0.2980,0.5950
379.8000,130.5340,0.6180,13444184754000,0.2980,0.5950
379.4140,130.8260,0.6200,13444201694600,0.2980,0.5950
379.0290,131.0450,0.6210,13444201734700,0.2980,0.5950
378.6000,131.2630,0.6220,13444218694300,0.2980,0.5950
378.1290,131.4090,0.6230,13444218754400,0.2980,0.5950
377.7430,131.5550,0.6240,13444218758300,0.2980,0.5950
377.2290,131.7010,0.6250,13444218760100,0.2980,0.5950
376.8430,131.7740,0.6250,13444218761700,0.2980,0.5950
376.5000,131.8470,0.6260,13444235654700,0.2980,0.5950
376.1140,131.8470,0.6270,13444235691600,0.2980,0.5950
375.7290,131.7740,0.6270,13444235693900,0.2980,0.5950
375.4290,131.7010,0.6280,13444251682300,0.2980,0.5950
375.0000,131.5550,0.6280,13444251740800,0.2980,0.5950
374.7000,131.4090,0.6290,13444251744200,0.2980,0.5950
374.2290,131.1900,0.6300,13444251747200,0.2980,0.5950
373.9290,130.8990,0.6300,13444267737800,0.2980,0.5950
373.5860,130.6070,0.6310,13444267804400,0.2980,0.5950
373.2860,130.2050,0.6310,13444284688500,0.2980,0.5950
372.9860,129.8410,0.6320,13444284742600,0.2980,0.5950
372.6860,129.5490,0.6320,13444284744700,0.2980,0.5950
372.4290,129.1840,0.6320,13444284745700,0.2980,0.5950
372.1290,128.7820,0.6320,13444300682200,0.2980,0.5950
371.8290,128.4910,0.6320,13444300729900,-0.2440,0.5950
371.6140,128.1990,0.6320,13444300731900,-0.1740,0.5940
371.4860,127.9070,0.6320,13444316726600,-0.1220,0.5950
371.2290,127.6510,0.6310,13444316779700,-0.0700,0.5940
371.1000,127.4320,0.6310,13444316781600,-0.0700,0.5940
370.7140,127.1410,0.6310,13444332965700,0.0000,0.5930
370.6290,126.9950,0.6310,13444333136000,0.0000,0.5930
370.3290,126.8490,0.6300,13444349789400,0.0000,0.5930
369.9000,127.0680,0.6300,13444349853500,0.0000,0.5930
369.4290,127.5780,0.6310,13444366197900,0.0000,0.5930
369.2140,128.0530,0.6310,13444366854600,0.0000,0.5930
368.9140,128.5630,0.6320,13444382049600,0.0000,0.5930
368.6140,129.0010,0.6330,13444382887300,0.0000,0.5930
368.3140,129.5490,0.6340,13444382939900,0.0000,0.5930
367.9710,130.3510,0.6350,13444382950400,0.0000,0.5930
367.5000,131.1900,0.6360,13444399274300,0.0000,0.5930
367.0710,131.9570,0.6370,13444400245800,0.0000,0.5930
366.7710,132.7590,0.6390,13444415761000,0.0000,0.5930
366.4710,133.4530,0.6400,13444415857400,0.0000,0.5930
366.1710,134.0360,0.6410,13444415869000,0.0000,0.5930
365.8710,134.5470,0.6420,13444415871900,0.0000,0.5930
365.5710,135.0220,0.6430,13444415873700,0.0000,0.5930
365.3140,135.4590,0.6440,13444431755700,0.0000,0.5930
365.0140,135.8240,0.6460,13444431859000,0.0000,0.5930
364.6710,136.2260,0.6460,13444431862700,0.0000,0.5930
364.4140,136.4450,0.6470,13444431867200,0.0000,0.5930
364.1140,136.5910,0.6470,13444448699700,0.0000,0.5930
363.9000,136.6640,0.6470,13444448792100,0.0000,0.5930
363.6860,136.7370,0.6450,13444448796300,0.0000,0.5930
363.1710,136.6640,0.6430,13444465827400,0.0000,0.5930
362.8710,136.6640,0.6410,13444465911500,0.0000,0.5930
362.2710,136.5180,0.6390,13444482784300,0.0000,0.5930
361.9710,136.4450,0.6370,13444483095600,0.0000,0.5930
361.6710,136.3720,0.6360,13444499878100,0.0000,0.5930
360.9000,136.3720,0.6330,13444500153700,0.0180,0.5950
360.3860,136.3720,0.6320,13444500162200,0.0530,0.5940
359.7860,136.5180,0.6310,13444500163600,0.0710,0.5940
359.1860,136.6640,0.6300,13444516802200,0.0880,0.5950
358.5860,136.8100,0.6290,13444516882000,0.1060,0.5950
357.7710,137.2470,0.6280,13444533750700,0.1230,0.5940
357.0000,137.6490,0.6270,13444533968600,0.1400,0.5940
356.2710,138.0140,0.6270,13444533975200,0.1590,0.5950
355.8000,138.3050,0.6270,13444533977500,0.1750,0.5940
355.0710,138.8160,0.6260,13444533981200,0.1920,0.5940
354.5570,139.2910,0.6260,13444550740200,0.2100,0.6110
353.9570,139.5820,0.6260,13444550923200,0.2280,0.6120
353.5710,139.8740,0.6250,13444550930700,0.2280,0.6300
353.1860,140.1660,0.6250,13444567852000,0.2460,0.6470
352.8000,140.4220,0.6240,13444568078000,0.2460,0.6470
352.4570,140.5680,0.6240,13444568102700,0.2460,0.6470
352.1570,140.7140,0.6220,13444568112100,0.2460,0.6470
351.8570,140.7860,0.6210,13444584663900,0.2460,0.6470
351.4710,140.7860,0.6200,13444584839500,0.2460,0.6470
351.0430,140.7860,0.6180,13444584850100,0.2460,0.6290
350.4860,140.7860,0.6150,13444601684300,0.2460,0.6290
350.1860,140.7140,0.6140,13444601874000,0.2460,0.6290
349.5860,140.7140,0.6120,13444618746400,0.2460,0.6290
349.1570,140.7140,0.6110,13444618983700,0.2460,0.6290
348.6860,140.8590,0.6100,13444618991500,0.2460,0.6290
348.0860,140.8590,0.6090,13444635183000,0.2460,0.6290
347.5710,141.0780,0.6080,13444635407700,0.2460,0.6290
346.9710,141.2970,0.6080,13444635429300,0.2460,0.6290
346.3710,141.5160,0.6070,13444652164900,0.2460,0.6290
345.7710,141.7720,0.6060,13444652379800,0.2460,0.6290
345.1710,141.9910,0.6060,13444652402400,0.2460,0.6290
344.6570,142.1360,0.6060,13444652419100,0.2460,0.6470
344.0570,142.3550,0.6060,13444669165600,0.2460,0.6470
343.4570,142.5010,0.6060,13444669462400,0.2460,0.6470
343.0290,142.6470,0.6050,13444686103400,0.2460,0.6470
342.4710,142.7930,0.6050,13444686285000,0.2460,0.6470
341.9570,142.8660,0.6050,13444686320700,0.2460,0.6470
341.6570,142.9390,0.6050,13444686335100,0.2460,0.6470
341.2710,143.0120,0.6050,13444686340200,0.2460,0.6470
340.9710,143.0120,0.6050,13444703036900,0.2460,0.6470
340.6290,143.1220,0.6050,13444703659800,0.2460,0.6470
340.0290,143.1220,0.6030,13444720027700,0.2460,0.6470
339.7290,143.1950,0.6030,13444720127200,0.2460,0.6470
339.1710,143.2680,0.6020,13444720152200,0.2460,0.6470
338.6570,143.4870,0.6020,13444720154800,0.2460,0.6470
338.0570,143.7050,0.6020,13444737168200,0.2630,0.6470
337.4570,143.8510,0.6010,13444737495100,0.2630,0.6470
336.7290,144.2160,0.6010,13444737513000,0.2800,0.6460
335.9140,144.6180,0.6010,13444737515300,0.2800,0.6460
335.0570,144.9820,0.6000,13444753279400,0.2800,0.6460
334.3290,145.3470,0.6000,13444753385200,0.2800,0.6460
333.5140,145.6390,0.6000,13444753389000,0.2800,0.6460
332.9570,146.0410,0.6000,13444770247400,0.2800,0.6460
332.3570,146.2590,0.6000,13444770722300,0.2800,0.6460
331.8430,146.5510,0.6000,13444770748600,0.2800,0.6460
331.3290,146.8430,0.6000,13444770753400,0.2800,0.6460
330.8140,147.0620,0.6000,13444786975200,0.2800,0.6460
330.2570,147.2810,0.6000,13444787034500,0.2800,0.6460
329.7430,147.6090,0.6000,13444803340100,0.2800,0.6460
329.3140,147.8280,0.6000,13444803779400,0.2800,0.6460
328.7140,148.0470,0.6000,13444803813900,0.2800,0.6460
328.2430,148.2660,0.6000,13444803825200,0.2800,0.6460
327.7290,148.4850,0.6000,13444803828000,0.2800,0.6460
327.3000,148.7410,0.6000,13444819977600,0.2800,0.6460
326.7430,148.9590,0.6000,13444820109800,0.2800,0.6460
326.2290,149.1780,0.6000,13444837045400,0.2800,0.6460
325.7140,149.3970,0.6000,13444837247900,0.2800,0.6460
325.1140,149.6160,0.6000,13444837262500,0.2800,0.6460
324.6000,149.7620,0.6000,13444837264300,0.2800,0.6460
324.0430,149.9810,0.6000,13444837266200,0.2800,0.6460
323.5290,150.0540,0.6000,13444854195800,0.2800,0.6460
323.0140,150.2370,0.6010,13444854502000,0.2800,0.6460
322.5000,150.3820,0.6010,13444870916700,0.2800,0.6460
321.9430,150.4550,0.6010,13444870952100,0.2800,0.6460
321.4290,150.4550,0.6010,13444870954800,0.2800,0.6460
321.0000,150.4550,0.6010,13444870956600,0.2800,0.6460
320.6140,150.6010,0.6010,13444870958200,0.2800,0.6460
320.1430,150.6010,0.6000,13444887920100,0.2800,0.6460
319.8000,150.6010,0.6000,13444887989700,0.2800,0.6460
319.4140,150.6010,0.6000,13444904963900,0.2800,0.6460
319.0290,150.6010,0.5990,13444905025800,0.2800,0.6460
318.4290,150.4550,0.5990,13444905028300,0.2800,0.6460
317.9140,150.4550,0.5990,13444905029800,0.2800,0.6460
317.3140,150.4550,0.5990,13444905031700,0.2800,0.6460
316.7140,150.3820,0.5990,13444921070000,0.2800,0.6460
316.1140,150.3100,0.5990,13444921166300,0.2980,0.6470
315.5140,150.1640,0.5990,13444921169000,0.2980,0.6470
314.9140,149.9080,0.5990,13444921170600,0.2980,0.6470
314.3140,149.8350,0.5990,13444938049700,0.2980,0.6470
313.8000,149.5430,0.5990,13444938137400,0.2980,0.6470
313.0290,149.1780,0.5990,13444954891900,0.2980,0.6470
312.3000,148.7410,0.5990,13444954962500,0.2980,0.6470
311.6140,148.2660,0.5990,13444954965700,0.2980,0.6470
311.0140,147.6820,0.6000,13444954967000,0.2980,0.6470
310.4140,147.0620,0.6010,13444954969600,0.2980,0.6470
309.9000,146.4050,0.6030,13444970975400,0.2980,0.6470
309.3860,145.6390,0.6060,13444971170900,0.2980,0.6470
308.9140,145.0550,0.6090,13444987146900,0.2980,0.6470
308.4000,144.2160,0.6120,13444987461400,0.2980,0.6470
308.1860,143.5590,0.6160,13444987477400,0.2980,0.6470
307.8860,142.9390,0.6200,13444987479200,0.2980,0.6470
307.6710,142.2820,0.6240,13444987481800,0.2980,0.6470
307.5000,141.6620,0.6290,13445003291600,0.2980,0.6470
307.3710,141.0050,0.6340,13445003645700,0.2980,0.6470
307.1140,140.2390,0.6390,13445019848200,0.2980,0.6470
307.1140,139.5090,0.6430,13445019916300,0.2980,0.6470
307.0710,138.6700,0.6480,13445019920200,0.2980,0.6470
307.0710,137.8680,0.6520,13445019922200,0.2980,0.6470
307.1140,136.6640,0.6560,13445036818200,0.2980,0.6470
307.1140,135.4590,0.6600,13445036855900,0.2980,0.6470
307.3710,134.2550,0.6650,13445036861000,0.2980,0.6470
307.5000,133.0510,0.6700,13445053852700,0.3150,0.6460
307.8000,131.9570,0.6750,13445053937200,0.3330,0.6470
308.0140,130.8260,0.6800,13445053940000,0.3330,0.6470
308.2710,129.6950,0.6860,13445053943100,0.3330,0.6470
308.4000,128.5630,0.6920,13445053944500,0.3330,0.6470
308.7000,127.4320,0.6970,13445070812400,0.3330,0.6470
308.9140,126.4110,0.7030,13445070854800,0.3330,0.6470
309.1710,125.2800,0.7080,13445070858000,0.3330,0.6470
309.3860,124.2220,0.7130,13445070859300,0.3330,0.6470
309.5140,123.1640,0.7180,13445086854100,0.3330,0.6470
309.7710,122.1420,0.7230,13445086895400,0.3330,0.6470
309.9000,121.0840,0.7270,13445102863000,0.3330,0.6470
310.1140,119.9530,0.7310,13445102902400,0.3330,0.6470
310.2860,118.8950,0.7350,13445102905400,0.3330,0.6470
310.4140,117.7630,0.7390,13445102907100,0.3330,0.6470
310.6710,116.6690,0.7430,13445102908600,0.3330,0.6470
310.8000,115.5380,0.7460,13445119838200,0.3330,0.6470
311.1000,114.4070,0.7490,13445119876700,0.3330,0.6470
311.3140,113.2760,0.7520,13445136832900,0.3330,0.6470
311.4860,112.0720,0.7550,13445136865700,0.3330,0.6470
311.7000,110.9040,0.7580,13445136867500,0.3330,0.6470
311.9140,109.7000,0.7600,13445136868400,0.3330,0.6470
312.1290,108.4230,0.7620,13445152835600,0.3330,0.6470
312.3860,107.1460,0.7640,13445152872000,0.3330,0.6470
312.7290,105.1760,0.7660,13445152873800,0.3330,0.6470
313.0290,103.2420,0.7680,13445169822800,0.3330,0.6470
313.5000,101.3810,0.7700,13445169858900,0.3330,0.6470
313.8860,99.3380,0.7710,13445169860700,0.3330,0.6470
314.3140,97.3310,0.7720,13445169861600,0.3330,0.6470
314.8290,95.2150,0.7700,13445186857500,0.3330,0.6470
315.4290,93.0620,0.7630,13445186899100,0.3330,0.6470
316.1140,90.7270,0.7510,13445186901000,0.3330,0.6470
317.7000,86.2390,0.7290,13445203804400,0.3330,0.6470
319.1140,81.8240,0.7120,13445203834100,0.3330,0.6470
320.9140,77.2640,0.6680,13445203835700,0.3330,0.6470
322.5430,72.4470,0.5570,13445203836600,0.3330,0.6470
324.6430,65.6240,0.4640,13445220824500,0.3330,0.6470
326.0140,61.0630,0.3870,13445220879900,0.3330,0.6470
