660.9430,141.7720,0.1330,13449037463200,0.0000,0.4890
661.0290,141.4430,0.3240,13449070318500,0.0000,0.4890
660.1290,141.8450,0.5100,13449103386100,0.0000,0.5240
659.8280,141.9180,0.5250,13449103506800,0.0000,0.5410
659.3140,142.0630,0.5390,13449119498100,0.0000,0.5590
658.8000,142.1360,0.5510,13449119560900,0.0000,0.5590
658.2000,142.2820,0.5620,13449119563600,0.0000,0.5760
657.6000,142.5010,0.5720,13449119565100,0.0000,0.5930
656.7860,142.7200,0.5810,13449136502200,0.0000,0.5930
655.9290,142.7930,0.5890,13449136558900,0.0000,0.5930
655.4140,142.8660,0.5970,13449136560500,0.0000,0.5930
654.9000,142.8660,0.6040,13449153428800,0.0000,0.5930
654.3860,142.8660,0.6100,13449153485000,0.0000,0.5930
653.7860,142.7930,0.6160,13449153488000,0.0000,0.5930
653.2290,142.7200,0.6210,13449153489400,0.0000,0.5930
652.5860,142.5740,0.6260,13449153490900,0.0000,0.5930
652.1140,142.3550,0.6300,13449169453300,0.0000,0.5930
651.5140,142.1360,0.6340,13449169500000,0.0000,0.5930
651.0860,141.9180,0.6370,13449185461000,0.0000,0.5930
650.7860,141.5890,0.6400,13449185514700,0.0000,0.5930
650.4000,141.2970,0.6430,13449185517100,0.0000,0.5930
650.1000,141.0050,0.6460,13449185518500,0.0000,0.5930
649.8860,140.6410,0.6480,13449202563900,0.0000,0.5930
649.8860,140.2390,0.6500,13449202625500,0.0000,0.5930
649.8860,139.6550,0.6530,13449218627400,0.0000,0.5930
650.2710,139.2180,0.6540,13449218669200,0.0000,0.5930
650.5710,138.8160,0.6560,13449218671400,0.0000,0.5930
651.0860,138.2320,0.6570,13449218672200,0.0000,0.5930
651.7290,137.7220,0.6580,13449234639000,0.0000,0.5930
652.4140,137.1740,0.6580,13449234684300,0.0000,0.5930
653.1860,136.6640,0.6590,13449234686200,0.0000,0.5930
653.8280,136.2260,0.6590,13449251616300,0.0000,0.5930
654.6000,135.8240,0.6590,13449251759100,0.0000,0.5930
655.2860,135.5320,0.6590,13449251792500,0.0000,0.5930
655.8860,135.3140,0.6590,13449251795200,0.0000,0.5930
656.4860,135.2410,0.6580,13449267858600,0.0000,0.5930
656.8290,135.1680,0.6580,13449267924500,0.0000,0.5930
657.2140,135.1680,0.6580,13449283880300,0.0000,0.5930
657.5140,135.2410,0.6580,13449283934000,0.0000,0.5930
657.9860,135.4590,0.6570,13449283936000,0.0000,0.5930
658.2000,135.7510,0.6570,13449283937500,0.0000,0.5930
658.3290,136.0430,0.6570,13449283938600,0.0000,0.5930
658.5860,136.5180,0.6570,13449300025800,0.0000,0.5930
658.7140,136.9550,0.6570,13449300080300,0.0000,0.5930
658.8000,137.4660,0.6570,13449300082500,0.0000,0.5930
658.8430,138.0140,0.6570,13449300083700,0.0000,0.5930
658.9290,138.5970,0.6570,13449316990700,0.0000,0.6110
658.8430,139.2180,0.6580,13449317046400,0.0000,0.6110
658.8000,139.8740,0.6580,13449334618500,0.0000,0.6110
658.7140,140.4950,0.6590,13449334742900,0.0000,0.6110
658.5860,141.1510,0.6600,13449334747400,0.0000,0.6110
658.5000,141.9180,0.6610,13449334749200,0.0000,0.6110
658.1140,142.7930,0.6630,13449351106100,0.0000,0.6110
657.8140,143.7780,0.6640,13449351290000,0.0000,0.6110
657.4290,144.7630,0.6650,13449351315200,0.0000,0.6110
657.0000,145.6390,0.6670,13449368073200,0.0000,0.6110
656.1860,147.1350,0.6690,13449368182500,0.0000,0.6110
655.1140,148.4850,0.6700,13449368194200,0.0000,0.6110
654.3000,149.8350,0.6720,13449368195400,0.0000,0.6110
653.3140,151.0390,0.6740,13449368198000,0.0000,0.6110
652.2000,152.1700,0.6760,13449385085400,0.0000,0.6110
651.0000,153.2280,0.6780,13449385284100,0.0000,0.6110
650.0140,154.0310,0.6800,13449385288600,0.0000,0.6110
649.2000,154.7970,0.6810,13449385289700,0.0000,0.6110
648.3000,155.2350,0.6830,13449402080400,0.0000,0.6110
647.4000,155.8550,0.6840,13449402518100,0.0000,0.6110
646.5000,156.3660,0.6850,13449419206300,0.0000,0.6110
645.6000,156.8040,0.6860,13449419396600,0.0000,0.6110
644.7860,157.2050,0.6870,13449419400200,0.0000,0.6110
643.8860,157.6430,0.6880,13449419401300,0.0000,0.6110
642.8140,157.9350,0.6890,13449419402400,0.0000,0.6110
641.9570,158.2270,0.6900,13449436150200,0.0000,0.6110
641.1860,158.5550,0.6920,13449436535800,0.0000,0.6110
640.4570,158.7010,0.6940,13449453042300,0.0000,0.6110
639.6860,158.8470,0.6960,13449453281400,0.0000,0.6110
639.0000,158.9930,0.6970,13449453296100,0.0000,0.6110
638.3570,159.0660,0.7000,13449453298500,0.0000,0.6110
637.6710,159.1390,0.7020,13449470057900,0.0000,0.6110
636.9860,159.1390,0.7040,13449470213500,0.0000,0.6110
636.2570,159.2120,0.7060,13449470217200,0.0000,0.6110
635.4860,159.2120,0.7080,13449470219600,0.0000,0.6110
634.8860,159.1390,0.7110,13449470225800,0.0000,0.6110
634.2860,158.9930,0.7140,13449486262500,0.0000,0.6110
633.6860,158.8470,0.7170,13449486573700,0.0000,0.6110
633.0860,158.5550,0.7210,13449502989800,0.0000,0.6110
632.7860,158.2270,0.7250,13449503121300,0.0000,0.6110
632.4430,157.7890,0.7290,13449503127800,0.0000,0.6110
631.8860,157.0230,0.7330,13449503128900,0.0000,0.6110
631.4570,156.2200,0.7380,13449503129800,0.0000,0.6110
631.1570,155.1620,0.7420,13449520058700,0.0000,0.6110
630.8570,154.0310,0.7470,13449520301700,0.0000,0.6280
630.5570,152.0970,0.7510,13449536913600,0.0000,0.6280
630.3860,150.3820,0.7560,13449537037100,0.0000,0.6280
630.3860,148.8140,0.7610,13449537043400,0.0000,0.6280
630.0860,146.6240,0.7660,13449537044900,0.0000,0.6280
630.0860,144.4350,0.7720,13449537046400,0.0180,0.6300
630.2570,142.2090,0.7760,13449552908700,0.0360,0.6290
630.2570,139.9470,0.7810,13449553123900,0.0530,0.6290
630.3430,137.6490,0.7860,13449569895500,0.0700,0.6300
630.4710,135.3860,0.7890,13449570012100,0.0880,0.6280
630.6860,132.9780,0.7920,13449570014000,0.1060,0.6290
630.9860,130.6800,0.7940,13449570015100,0.1220,0.6290
631.2860,128.1990,0.7960,13449570016100,0.1410,0.6300
631.5430,125.7180,0.7980,13449586975900,0.1570,0.6290
631.7570,123.3090,0.7990,13449587081500,0.1750,0.6280
632.1430,120.8650,0.8010,13449604001100,0.1930,0.6290
632.4430,118.4570,0.8020,13449604310400,0.1930,0.6290
632.6570,116.0490,0.8030,13449604321700,0.1930,0.6290
632.9570,113.6770,0.8030,13449604323800,0.1930,0.6290
632.9570,111.3420,0.8040,13449604326100,0.2110,0.6290
632.9570,109.2260,0.8040,13449620952800,0.2110,0.6290
633.0430,107.1460,0.8040,13449621150200,0.2110,0.6290
633.0430,105.4310,0.8050,13449637865800,0.2110,0.6290
632.8710,103.9350,0.8050,13449637934800,0.2110,0.6290
632.8710,102.6580,0.8050,13449637937500,0.2110,0.6290
632.7430,101.3810,0.8050,13449637939600,0.2110,0.6290
632.6570,100.1040,0.8060,13449637940900,0.2110,0.6290
632.5710,99.0460,0.8060,13449653927800,0.2110,0.6290
632.5710,97.9880,0.8060,13449653985200,0.2110,0.6290
632.6570,97.1850,0.8060,13449653986800,0.2110,0.6290
632.5710,96.4190,0.8060,13449653987600,0.2110,0.6290
632.5710,95.8350,0.8070,13449670783200,0.2110,0.6290
632.5710,95.2150,0.8070,13449670840500,0.2110,0.6290
632.6570,94.7040,0.8050,13449687810500,0.2110,0.6290
632.8710,94.2660,0.8000,13449687892800,0.2110,0.6290
632.9570,93.9380,0.7910,13449687895800,0.2110,0.6290
633.0860,93.7920,0.7800,13449687897400,0.2110,0.6290
633.5570,93.8650,0.7450,13449704761000,0.2110,0.6290
633.8570,94.1930,0.7250,13449704824000,0.2110,0.6290
634.1570,94.6310,0.7030,13449720891900,0.2110,0.6290
634.6720,95.4700,0.6780,13449721084400,0.2110,0.6290
635.0570,96.4190,0.6500,13449721091600,0.2110,0.6290
635.7860,97.9880,0.6340,13449721098600,0.2110,0.6290
636.3860,99.7390,0.6070,13449737779400,0.2110,0.6290
637.2000,101.3810,0.5740,13449737981100,0.2110,0.6290
637.7570,103.0230,0.5390,13449737988600,0.2110,0.6290
638.4860,104.5190,0.5040,13449754725000,0.2110,0.6290
638.9570,105.7230,0.4720,13449754773000,0.2110,0.6290
639.4710,106.7080,0.4450,13449754774700,0.2110,0.6290
640.0710,107.4380,0.4250,13449754785600,0.2110,0.6290
640.6720,108.1310,0.3950,13449754786600,0.2110,0.6290
641.3570,108.6420,0.3920,13449771892500,0.2110,0.6290
642.0000,109.0800,0.3930,13449772049500,0.2110,0.6290
642.6860,109.4810,0.3950,13449772052000,0.2110,0.6290
643.5860,109.6270,0.4010,13449772053200,0.2110,0.6290
644.3140,109.7000,0.4090,13449787913100,0.2110,0.6290
645.0860,109.6270,0.4190,13449788002000,0.2110,0.6290
646.1140,109.3720,0.4310,13449804690800,0.2110,0.6290
647.1860,109.0800,0.4440,13449804722000,0.2110,0.6290
648.9000,108.5690,0.4560,13449804724900,0.2110,0.6290
650.4860,107.8760,0.4680,13449804726200,0.2110,0.6290
652.2000,107.1460,0.4800,13449804727600,0.2110,0.6290
653.7860,106.3800,0.4900,13449820915000,0.2110,0.6290
655.2860,105.5770,0.4980,13449821249100,0.2110,0.6290
656.9140,104.8110,0.5010,13449837700600,0.2110,0.6290
658.5000,104.0080,0.4940,13449837768800,0.2110,0.6290
660.0000,103.0960,0.4690,13449837774600,0.2110,0.6290
661.5000,102.3300,0.3910,13449837778100,0.2110,0.6290
662.9140,101.6000,0.3260,13449854786800,0.2110,0.6290
664.1140,100.9070,0.2710,13449854957800,0.2110,0.6290
606.9430,147.1350,0.0440,13450377078700,0.2100,0.6460
607.0290,146.8430,0.0780,13450377167200,0.2100,0.6460
607.1140,146.5510,0.1140,13450377171500,0.2110,0.6290
607.2430,145.9680,0.1490,13450393536600,0.2100,0.6110
607.3280,145.3470,0.1820,13450393588300,0.2100,0.6110
607.4140,144.6910,0.2130,13450410545900,0.2100,0.6110
607.5000,143.9970,0.2410,13450410581300,0.2100,0.6110
607.6290,143.0120,0.2680,13450410583700,0.2100,0.6110
607.8000,141.9910,0.2920,13450410585200,0.2100,0.6110
607.8430,140.8590,0.3150,13450410586500,0.2100,0.6110
607.9290,139.8740,0.3360,13450427543600,0.2100,0.6110
608.0140,138.8160,0.3550,13450427673400,0.2100,0.6110
608.1430,137.8680,0.3730,13450444548000,0.2100,0.6110
608.2290,137.0280,0.3900,13450444598700,0.2100,0.6110
608.3140,136.2990,0.4060,13450444600500,0.2100,0.6110
608.3140,135.5320,0.4200,13450444602900,0.2100,0.6110
608.3140,134.8760,0.4340,13450444603800,0.2100,0.6110
608.3140,134.1820,0.4470,13450461507300,0.2100,0.6110
608.3140,133.5990,0.4600,13450461573200,0.2100,0.6110
608.3140,133.0510,0.4710,13450478536700,0.2100,0.6110
608.2290,132.6870,0.4820,13450478616900,0.2100,0.6110
608.1430,132.3220,0.4920,13450478622800,0.2100,0.6110
607.9290,131.9570,0.5090,13450495493400,0.2100,0.6110
607.7140,131.9570,0.5240,13450495557400,0.2100,0.6110
607.3280,132.6140,0.5430,13450512512700,0.2100,0.6110
607.2430,133.1240,0.5480,13450512593500,0.2100,0.6110
607.1140,133.6720,0.5520,13450528488900,0.2100,0.6110
607.0290,134.3280,0.5560,13450528534800,0.2100,0.6110
606.9430,135.0950,0.5600,13450528537500,0.2100,0.5940
606.9000,135.8240,0.5630,13450528539400,0.2100,0.5940
606.9000,136.9550,0.5660,13450528541200,0.2100,0.5940
606.7290,138.0140,0.5700,13450545479600,0.2100,0.5940
606.7290,139.1450,0.5730,13450545580900,0.2100,0.5940
606.6430,140.2390,0.5760,13450562480100,0.2100,0.5940
606.6430,141.3700,0.5790,13450562543000,0.2100,0.5940
606.5140,142.5010,0.5830,13450562547300,0.2100,0.5940
606.4290,143.6320,0.5860,13450562549100,0.2100,0.5940
606.2140,144.7630,0.5900,13450562550800,0.2100,0.5940
606.0000,145.7850,0.5930,13450579453600,0.2100,0.5940
605.6140,146.8430,0.5970,13450579507100,0.2100,0.5940
605.3140,147.8280,0.6010,13450596436000,0.2100,0.5940
604.9290,148.7410,0.6050,13450596487300,0.2100,0.5940
604.5430,149.6160,0.6090,13450596491100,0.2100,0.5940
604.0290,150.4550,0.6130,13450596492700,0.2100,0.5940
603.6000,151.1850,0.6170,13450596494000,0.2100,0.5940
603.1290,151.9510,0.6200,13450613447500,0.2100,0.5940
602.6140,152.5350,0.6230,13450613528800,0.2100,0.5940
602.1000,153.0820,0.6260,13450630422300,0.2100,0.5940
601.6290,153.5200,0.6290,13450630477500,0.2100,0.5940
601.2000,153.8850,0.6310,13450630480500,0.2100,0.5940
600.7290,154.2500,0.6340,13450630482200,0.2100,0.5940
600.0860,154.7970,0.6360,13450630483500,0.2100,0.5940
599.3140,155.2350,0.6380,13450647378100,0.2100,0.5940
598.4140,155.6730,0.6400,13450647412800,0.2100,0.5940
597.6000,156.0740,0.6420,13450664405400,0.2100,0.5940
596.7000,156.5120,0.6440,13450664462900,0.2100,0.5940
595.8000,156.8770,0.6450,13450664466000,0.2100,0.5940
594.7290,157.3510,0.6470,13450664467500,0.2100,0.5940
593.6140,157.6430,0.6490,13450664469100,0.2100,0.5940
592.7140,158.0080,0.6510,13450681384700,0.2100,0.5940
591.6000,158.3730,0.6540,13450681439800,0.2100,0.5940
590.5710,158.7010,0.6560,13450698356400,0.2100,0.5940
589.5860,158.9930,0.6590,13450698389400,0.2100,0.5940
588.6860,159.1390,0.6620,13450698391900,0.2100,0.5940
587.7000,159.3580,0.6640,13450698393500,0.2100,0.5940
586.9710,159.5040,0.6670,13450698394900,0.2100,0.5940
586.3710,159.6500,0.6700,13450715498400,0.2100,0.5940
585.7710,159.7230,0.6730,13450715643300,0.2100,0.5940
585.0860,159.7230,0.6750,13450715646700,0.2100,0.5940
584.5710,159.7230,0.6780,13450715648300,0.2100,0.5940
583.9710,159.7230,0.6810,13450732363400,0.2100,0.5940
583.5860,159.7230,0.6840,13450732438400,0.2100,0.5940
583.1570,159.6500,0.6870,13450732442100,0.2100,0.5940
582.6000,159.6500,0.6890,13450749680100,0.2100,0.5940
582.0000,159.5040,0.6920,13450749820500,0.2100,0.5940
581.4860,159.4310,0.6950,13450749825600,0.2100,0.5940
580.9710,159.2120,0.6970,13450749827700,0.2100,0.5940
580.3710,158.9930,0.7000,13450766436300,0.2100,0.5940
579.8570,158.7010,0.7030,13450766524000,0.2100,0.5940
579.3860,158.3730,0.7060,13450766527100,0.2100,0.5940
578.7000,157.8620,0.7090,13450783348000,0.2100,0.5940
578.1000,157.2780,0.7130,13450783403700,0.2100,0.5940
577.6710,156.5850,0.7160,13450783406300,0.2100,0.5940
577.2430,155.8550,0.7190,13450783413300,0.2100,0.5940
576.7710,154.9430,0.7220,13450783414500,0.2100,0.6110
576.4710,153.9580,0.7250,13450800329000,0.2100,0.6110
576.3430,152.8270,0.7280,13450800384200,0.2100,0.6110
576.0430,151.6590,0.7310,13450817305100,0.2100,0.6110
575.8710,150.4550,0.7340,13450817349000,0.2100,0.6110
575.7430,149.1780,0.7380,13450817351600,0.2100,0.6110
575.5710,147.9010,0.7410,13450817353200,0.2100,0.6110
575.4860,146.5510,0.7440,13450834306400,0.2100,0.6110
575.4430,145.2740,0.7470,13450834348100,0.2100,0.6110
575.2710,143.2680,0.7490,13450834350100,0.2100,0.6110
574.8860,141.2970,0.7520,13450850414200,0.2100,0.6110
574.8860,139.5820,0.7540,13450850485600,0.2100,0.6110
574.7570,138.0860,0.7570,13450850492100,0.2100,0.6110
574.7570,136.6640,0.7590,13450850494100,0.2100,0.6110
574.6720,134.5470,0.7610,13450850496300,0.2100,0.6110
574.4570,132.4680,0.7630,13450867393700,0.2100,0.6110
574.6720,130.3510,0.7650,13450867470300,0.2100,0.6110
574.6720,128.4910,0.7670,13450884382100,0.2100,0.6110
574.7570,126.4840,0.7690,13450884426800,0.2100,0.6110
574.6720,124.3680,0.7710,13450884428700,0.2100,0.6110
574.7570,122.5800,0.7730,13450884429600,0.2100,0.6110
574.8430,121.0840,0.7760,13450901351600,0.2100,0.6110
574.8430,119.7340,0.7780,13450901419400,0.2280,0.6120
574.8430,118.3110,0.7810,13450901421500,0.2280,0.6120
574.8430,116.8880,0.7830,13450901422900,0.2280,0.6120
574.8860,115.6840,0.7850,13450901424500,0.2450,0.6120
574.8860,114.3340,0.7870,13450917367200,0.2450,0.6120
574.8860,113.1300,0.7890,13450917415800,0.2450,0.6120
574.8860,111.8530,0.7910,13450934295200,0.2450,0.6120
574.8430,110.5760,0.7920,13450934359000,0.2450,0.6120
574.7570,109.3720,0.7940,13450934361500,0.2450,0.6120
574.6720,108.1310,0.7950,13450934363900,0.2450,0.6120
574.5860,106.8540,0.7960,13450950625400,0.2450,0.6120
574.4570,105.6500,0.7970,13450950667400,0.2450,0.6120
574.4570,104.4460,0.7980,13450967594000,0.2450,0.6120
574.4570,103.2420,0.7990,13450967632100,0.2450,0.6120
574.4570,102.1110,0.8000,13450967633600,0.2450,0.6120
574.4570,100.9800,0.8010,13450967646300,0.2450,0.6120
574.4570,100.0310,0.8010,13450967647100,0.2450,0.6120
574.4570,99.1920,0.8020,13450983635000,0.2450,0.6120
574.3710,98.4620,0.8020,13450983687400,0.2450,0.6120
574.3710,97.6960,0.8030,13450983704200,0.2450,0.6120
574.3710,97.1850,0.8040,13450983705600,0.2450,0.6120
574.3710,96.5650,0.8040,13450999859600,0.2450,0.6120
574.3710,96.0540,0.8030,13450999937500,0.2450,0.6120
574.3710,95.6160,0.7980,13450999940300,0.2450,0.6120
574.3710,95.2880,0.7880,13451016678500,0.2450,0.6120
574.3710,94.9960,0.7730,13451016729600,0.2450,0.6120
574.5860,94.7770,0.7540,13451016731500,0.2450,0.6120
575.0570,94.5580,0.7120,13451032882700,0.2630,0.6110
575.3570,94.5580,0.6820,13451033073600,0.2800,0.6120
575.8710,94.6310,0.5680,13451049884900,0.2800,0.6120
576.4710,94.7770,0.4730,13451049932400,0.2800,0.6120
576.9860,94.9960,0.3940,13451049988200,0.2800,0.6120
591.5140,106.0880,0.2500,13451150030900,0.2800,0.6120
591.8140,106.2340,0.3900,13451150141600,0.2800,0.6120
592.0710,106.3800,0.4710,13451165765700,0.2800,0.6120
592.2860,106.5260,0.5240,13451165929900,0.2800,0.6120
592.3710,106.5990,0.5620,13451165935600,0.2800,0.6120
592.5000,107.0730,0.6250,13451182117200,0.2800,0.6120
592.3710,107.5110,0.6460,13451198691600,0.2800,0.6120
592.2860,108.1310,0.6590,13451198761800,0.2800,0.6120
592.3710,108.4960,0.6590,13451198764200,0.2800,0.6120
592.3710,109.0800,0.6460,13451214784300,0.2800,0.6120
592.5000,109.7000,0.6210,13451214835000,0.2800,0.6120
592.6710,110.2840,0.5950,13451230886200,0.2800,0.6120
592.8000,110.9770,0.4960,13451230915800,0.2800,0.6120
592.9710,111.5610,0.4130,13451230917500,0.2800,0.6120
593.1000,112.0720,0.3440,13451230918400,0.2800,0.6120
545.0140,133.5260,0.0130,13451960341600,0.2450,0.5420
545.2290,133.5990,0.1060,13451976258800,0.2450,0.5420
545.6140,133.3070,0.2680,13451993236000,0.2450,0.5420
545.9140,132.9780,0.3210,13452009394700,0.2450,0.5420
546.0430,132.7590,0.3450,13452009450400,0.2450,0.5420
546.1290,132.4680,0.3670,13452009453200,0.2450,0.5420
546.3000,132.1760,0.3870,13452009454700,0.2450,0.5420
546.3430,131.8470,0.4070,13452026366800,0.2450,0.5420
546.6000,131.4090,0.4240,13452026432700,0.2450,0.5420
546.7290,130.9720,0.4410,13452026435700,0.2450,0.5420
546.8140,130.3510,0.4560,13452026437300,0.2450,0.5420
547.0290,129.7680,0.4690,13452026438800,0.2450,0.5420
547.1140,129.1840,0.4820,13452042486600,0.2450,0.5420
547.2430,128.5630,0.4930,13452042519900,0.2450,0.5600
547.3280,127.9800,0.5030,13452059457100,0.2450,0.5600
547.5000,127.3590,0.5130,13452059517800,0.2450,0.5600
547.5430,126.7030,0.5220,13452059520300,0.2450,0.5600
547.6290,126.0820,0.5290,13452059522100,0.2450,0.5600
547.8000,125.4990,0.5370,13452075467400,0.2450,0.5600
547.8430,124.8050,0.5430,13452075536800,0.2450,0.5600
547.9290,124.2220,0.5490,13452075539300,0.2450,0.5600
548.0140,123.6380,0.5540,13452091560100,0.2450,0.5600
548.1000,123.0910,0.5590,13452091609300,0.2450,0.5600
548.3140,122.5070,0.5630,13452091611800,0.2450,0.5600
548.4000,121.8860,0.5670,13452091613100,0.2450,0.5600
548.5290,121.3760,0.5700,13452108549300,0.2450,0.5600
548.6140,120.8650,0.5740,13452108600500,0.2450,0.5600
548.7430,120.3910,0.5770,13452124557800,0.2450,0.5600
548.7430,119.9530,0.5810,13452124624400,0.2450,0.5600
548.8280,119.5880,0.5850,13452124627000,0.2450,0.5600
548.9140,119.1860,0.5900,13452124628600,0.2450,0.5600
548.9140,118.6760,0.6000,13452140606400,0.2450,0.5600
549.0000,118.4570,0.6050,13452140668500,0.2450,0.5600
548.8280,118.0920,0.6250,13452157509300,0.2460,0.5770
548.4000,118.8220,0.6440,13452190503000,0.2460,0.5770
548.3140,119.1860,0.6480,13452190553800,0.2460,0.5770
548.1000,119.6610,0.6510,13452206547900,0.2460,0.5770
548.0140,120.0990,0.6550,13452206589300,0.2460,0.5770
547.9290,120.7190,0.6590,13452222636300,0.2460,0.5770
547.8000,121.3760,0.6630,13452222694800,0.2460,0.5770
547.7140,122.0320,0.6670,13452222698400,0.2460,0.5770
547.5430,122.7260,0.6720,13452222700100,0.2460,0.5770
547.3280,123.7840,0.6760,13452222701700,0.2460,0.5770
547.2000,124.8050,0.6810,13452239583100,0.2460,0.5770
547.0290,125.8640,0.6850,13452239640600,0.2460,0.5770
546.8140,126.9220,0.6900,13452239644100,0.2460,0.5770
546.7290,128.1260,0.6940,13452239646200,0.2460,0.5770
546.6000,129.2570,0.6990,13452255591600,0.2460,0.5770
546.4290,130.4240,0.7030,13452255634500,0.2460,0.5770
546.3000,131.6280,0.7080,13452272551400,0.2460,0.5770
546.1290,132.7590,0.7120,13452272587800,0.2460,0.5770
546.0000,133.8910,0.7170,13452272589800,0.2450,0.5950
545.8290,135.0220,0.7210,13452272590800,0.2450,0.5950
545.6140,136.0430,0.7250,13452272591600,0.2450,0.5950
545.6140,137.2470,0.7290,13452288589500,0.2450,0.6120
545.5290,138.1590,0.7320,13452288627200,0.2450,0.6120
545.4860,138.9990,0.7350,13452305541600,0.2450,0.6120
545.4000,139.7280,0.7380,13452305595100,0.2450,0.6120
545.3140,140.4950,0.7400,13452305599500,0.2450,0.6120
545.2290,141.0780,0.7430,13452305602000,0.2460,0.6290
545.1860,141.7720,0.7450,13452305604000,0.2460,0.6290
545.0140,142.3550,0.7480,13452321617700,0.2460,0.6290
544.9290,143.0120,0.7500,13452321676100,0.2460,0.6290
544.8860,143.5590,0.7530,13452321679400,0.2460,0.6290
544.7140,144.0700,0.7550,13452321681100,0.2460,0.6290
544.6290,144.4350,0.7570,13452337611800,0.2460,0.6290
544.5860,144.9090,0.7590,13452337644300,0.2460,0.6290
544.4140,145.2010,0.7610,13452354673800,0.2460,0.6290
544.3290,145.4930,0.7630,13452354720700,0.2460,0.6290
544.2000,145.6390,0.7650,13452354722600,0.2460,0.6290
544.0290,145.9680,0.7670,13452354723700,0.2460,0.6290
543.8140,146.1860,0.7680,13452371614600,0.2460,0.6290
543.6860,146.3320,0.7700,13452371681600,0.2460,0.6290
543.4290,146.4780,0.7710,13452371685000,0.2460,0.6290
543.2140,146.6240,0.7720,13452387670600,0.2460,0.6470
542.9140,146.7700,0.7740,13452387720700,0.2460,0.6470
542.6140,146.8430,0.7750,13452387722500,0.2460,0.6470
542.3140,146.9160,0.7760,13452387723600,0.2460,0.6470
541.9290,146.9890,0.7770,13452404607400,0.2460,0.6470
541.2860,146.9890,0.7780,13452421540800,0.2460,0.6470
540.8140,146.9160,0.7790,13452421590600,0.2460,0.6470
540.2140,146.8430,0.7800,13452421594200,0.2460,0.6470
539.6140,146.6970,0.7800,13452421595800,0.2460,0.6470
539.2290,146.5510,0.7800,13452438540600,0.2460,0.6470
538.7140,146.3320,0.7800,13452438576200,0.2460,0.6470
538.3290,146.0410,0.7800,13452438578300,0.2460,0.6470
537.9000,145.6390,0.7810,13452438579400,0.2460,0.6470
537.4710,145.4200,0.7810,13452454566300,0.2460,0.6470
537.0000,145.0550,0.7810,13452454602900,0.2460,0.6470
536.6140,144.6180,0.7820,13452454604700,0.2460,0.6470
536.2710,144.2160,0.7820,13452470606600,0.2460,0.6470
535.8000,143.7780,0.7810,13452470649500,0.2630,0.6470
535.4140,143.2680,0.7810,13452470651400,0.2630,0.6470
535.1140,142.9390,0.7810,13452470652400,0.2630,0.6470
534.7710,142.5010,0.7810,13452487534300,0.2630,0.6470
534.3860,142.1360,0.7810,13452487568200,0.2630,0.6470
534.0000,141.7720,0.7810,13452487569900,0.2630,0.6470
533.6140,141.3700,0.7820,13452504542400,0.2630,0.6470
533.2710,141.1510,0.7820,13452504587600,0.2630,0.6470
532.8860,140.8590,0.7820,13452504589400,0.2630,0.6470
532.4140,140.8590,0.7820,13452504590500,0.2630,0.6470
532.1140,140.8590,0.7830,13452520552200,0.2630,0.6470
531.2140,141.0780,0.7840,13452536580800,0.2630,0.6470
530.8710,141.2240,0.7850,13452536631100,0.2630,0.6470
530.4860,141.5160,0.7870,13452536632900,0.2630,0.6470
530.0140,141.8450,0.7890,13452536634000,0.2630,0.6470
529.6720,142.2820,0.7900,13452536635000,0.2630,0.6470
529.3710,142.6470,0.7920,13452553578100,0.2630,0.6470
528.8570,143.4140,0.7940,13452553621800,0.2630,0.6470
528.4710,144.0700,0.7950,13452570551100,0.2630,0.6470
528.0000,144.7630,0.7970,13452570606800,0.2630,0.6470
527.6570,145.3470,0.7980,13452570609500,0.2630,0.6470
527.2710,145.9680,0.8000,13452570611600,0.2800,0.6460
526.9710,146.4780,0.8010,13452570614100,0.2800,0.6460
526.7570,146.9890,0.8020,13452586630000,0.2800,0.6460
526.4570,147.5360,0.8040,13452586673100,0.2800,0.6460
526.1570,148.0470,0.8050,13452586675100,0.2800,0.6460
525.9000,148.4850,0.8070,13452586676000,0.2800,0.6460
525.6000,148.8870,0.8080,13452603586400,0.2800,0.6460
525.3860,149.2510,0.8090,13452603638100,0.2800,0.6460
525.0860,149.6160,0.8110,13452619613000,0.2800,0.6460
524.7860,149.8350,0.8120,13452619662000,0.2800,0.6460
524.4860,149.9810,0.8130,13452619665500,0.2800,0.6460
524.1000,150.1640,0.8140,13452619667200,0.2800,0.6460
523.9710,150.2370,0.8150,13452619668700,0.2800,0.6460
523.3710,150.2370,0.8170,13452635627300,0.2800,0.6460
522.8570,149.9810,0.8180,13452652620800,0.2800,0.6460
522.5570,149.8350,0.8180,13452652663200,0.2800,0.6460
522.1720,149.5430,0.8180,13452652665000,0.2800,0.6460
521.7000,149.3240,0.8180,13452668728100,0.2800,0.6460
521.4430,148.9590,0.8180,13452668763300,0.2800,0.6460
521.0570,148.6310,0.8180,13452668765100,0.2800,0.6460
520.8430,148.3390,0.8170,13452685691700,0.2800,0.6460
520.3710,148.0470,0.8160,13452685762900,0.2800,0.6460
520.0710,147.7550,0.8160,13452685768100,0.2800,0.6460
519.6860,147.5360,0.8160,13452685770500,0.2800,0.6460
519.2570,147.2810,0.8160,13452702690700,0.2800,0.6460
518.9570,147.0620,0.8150,13452702745300,0.2800,0.6460
518.5710,146.9160,0.8140,13452702748400,0.2800,0.6460
518.1860,146.9160,0.8140,13452702750300,0.2800,0.6460
517.5860,146.9160,0.8120,13452719679600,0.2800,0.6460
517.0710,147.1350,0.8120,13452719729500,0.2800,0.6460
516.6430,147.3910,0.8120,13452736705800,0.2800,0.6460
516.1710,147.6820,0.8110,13452736739000,0.2800,0.6460
515.6570,148.0470,0.8110,13452736740800,0.2800,0.6460
515.1860,148.3390,0.8100,13452736741800,0.2800,0.6460
514.7570,148.8140,0.8100,13452736742700,0.2800,0.6460
514.3710,149.1780,0.8100,13452753695900,0.2800,0.6460
513.6860,149.8350,0.8100,13452753727300,0.2800,0.6460
513.1290,150.3820,0.8100,13452770732800,0.2800,0.6460
512.6570,150.8930,0.8100,13452770807800,0.2800,0.6460
512.1430,151.3310,0.8090,13452770811000,0.2800,0.6460
511.8430,151.8050,0.8090,13452770812500,0.2800,0.6460
511.4570,152.1700,0.8090,13452786870200,0.2800,0.6460
511.1570,152.4620,0.8090,13452786940500,0.2800,0.6460
510.8570,152.8270,0.8090,13452786942400,0.2800,0.6460
510.4710,153.1550,0.8090,13452803851900,0.2800,0.6460
510.1290,153.4470,0.8100,13452803921500,0.2800,0.6460
509.6570,153.5930,0.8100,13452803923600,0.2800,0.6460
509.4430,153.7390,0.8100,13452803924800,0.2800,0.6460
509.1430,153.8120,0.8110,13452819864200,0.2800,0.6460
508.8430,153.8850,0.8110,13452819939200,0.2800,0.6460
508.4570,153.9580,0.8110,13452819942200,0.2800,0.6460
508.2430,153.9580,0.8120,13452819944000,0.2800,0.6460
507.5570,153.8120,0.8120,13452836881100,0.2800,0.6460
507.0430,153.6660,0.8120,13452836920500,0.2800,0.6460
506.5710,153.4470,0.8120,13452853839700,0.2800,0.6460
506.0570,153.1550,0.8120,13452853900800,0.2800,0.6460
505.5430,152.7540,0.8100,13452853904000,0.2800,0.6460
504.8570,152.2430,0.8090,13452853905900,0.2800,0.6460
504.2570,151.6590,0.8080,13452869844500,0.2800,0.6460
503.6570,150.8930,0.8060,13452869893800,0.2800,0.6460
503.0570,150.0540,0.8030,13452885943800,0.2800,0.6460
502.0290,148.8140,0.7990,13452885983000,0.2800,0.6460
501.2140,147.4640,0.7960,13452885984800,0.2800,0.6460
500.4430,146.0410,0.7920,13452885985800,0.2800,0.6460
499.6290,144.6180,0.7880,13452885986700,0.2800,0.6460
498.8570,143.4140,0.7850,13452901986100,0.2800,0.6460
498.1290,142.1360,0.7820,13452902056600,0.2800,0.6460
497.3140,141.0780,0.7790,13452917985300,0.2800,0.6460
496.5000,140.1660,0.7760,13452918020200,0.2800,0.6460
495.9000,139.5090,0.7740,13452918022000,0.2800,0.6460
495.1290,138.8160,0.7710,13452918023000,0.2800,0.6460
494.4000,138.2320,0.7680,13452934983700,0.2800,0.6460
493.6290,137.7950,0.7660,13452935033500,0.2800,0.6460
492.9000,137.3930,0.7640,13452935035600,0.2800,0.6460
492.3000,137.1740,0.7620,13452951579600,0.2800,0.6460
491.6140,137.0280,0.7600,13452951631700,0.2800,0.6460
491.0140,137.0280,0.7580,13452951633600,0.2800,0.6460
490.3290,137.1010,0.7570,13452951634600,0.2800,0.6460
489.7290,137.3200,0.7550,13452968576600,0.2800,0.6460
488.9140,137.7220,0.7540,13452968637200,0.2800,0.6460
488.1000,138.2320,0.7530,13452968640700,0.2800,0.6460
487.4140,138.8160,0.7520,13452968642600,0.2980,0.6470
486.6860,139.5090,0.7510,13452968644200,0.2980,0.6470
486.0860,140.2390,0.7500,13452985555700,0.2980,0.6470
485.5290,141.0780,0.7490,13452985653900,0.2970,0.6630
485.1000,141.8450,0.7490,13453001543200,0.2970,0.6630
484.7140,142.6470,0.7490,13453001579600,0.2970,0.6630
484.3290,143.4140,0.7500,13453001581300,0.2970,0.6630
484.0290,144.0700,0.7500,13453001582200,0.2970,0.6630
483.8140,144.6910,0.7510,13453001601200,0.2970,0.6630
483.6860,145.2010,0.7530,13453018543700,0.2970,0.6630
483.6000,145.6390,0.7550,13453018591200,0.2970,0.6630
483.5140,146.1140,0.7570,13453035531500,0.2970,0.6630
483.3860,146.5510,0.7590,13453035584200,0.2970,0.6630
483.3000,146.8430,0.7610,13453035586900,0.2970,0.6630
483.3000,147.0620,0.7650,13453035588400,0.2970,0.6630
483.6000,147.2080,0.7710,13453052070900,0.2970,0.6630
484.0290,147.1350,0.7750,13453069068900,0.2970,0.6630
484.5000,146.8430,0.7780,13453069132000,0.2970,0.6630
485.2290,146.3320,0.7790,13453069144900,0.2970,0.6630
486.0000,145.6390,0.7780,13453069146400,0.2980,0.6470
487.2860,144.6180,0.7690,13453086036000,0.2980,0.6470
488.5290,143.2680,0.7510,13453086097200,0.2980,0.6470
489.9430,141.8450,0.7260,13453086100200,0.2980,0.6470
491.4430,140.2390,0.7070,13453103054200,0.2980,0.6470
494.2290,137.2470,0.5890,13453103101600,0.2980,0.6470
496.2000,135.0220,0.4910,13453103104400,0.2980,0.6470
497.9140,132.9780,0.4090,13453103105800,0.2980,0.6470
527.9570,102.0380,0.0040,13453269181400,0.2980,0.6470
528.6860,101.4540,0.0250,13453269255200,0.2980,0.6470
529.5000,100.8340,0.0540,13453285009700,0.2980,0.6470
530.3140,100.3230,0.0860,13453285101500,0.2980,0.6470
531.2140,99.8120,0.1170,13453301967900,0.2980,0.6470
532.2860,99.2650,0.1480,13453301991600,0.2980,0.6470
533.2710,98.7540,0.1780,13453301993100,0.2980,0.6470
534.2140,98.3890,0.2070,13453301994000,0.2980,0.6470
535.2000,97.9150,0.2340,13453301994800,0.2980,0.6470
536.1000,97.5500,0.2600,13453318136200,0.2980,0.6470
537.1720,97.2580,0.2840,13453318185900,0.2980,0.6470
538.1140,96.9660,0.3060,13453335126100,0.2980,0.6470
539.1000,96.6380,0.3260,13453335151200,0.2980,0.6470
540.0860,96.4190,0.3440,13453335152800,0.2980,0.6470
541.1140,96.1270,0.3590,13453335153600,0.2980,0.6470
542.1860,95.9080,0.3700,13453352102800,0.2980,0.6470
543.1290,95.6160,0.3720,13453352140000,0.2980,0.6470
544.2000,95.2150,0.3450,13453352145600,0.2980,0.6470
545.7000,94.6310,0.2870,13453369141200,0.2980,0.6470
547.3280,93.8650,0.2390,13453369166300,0.2980,0.6470
548.7000,92.9160,0.1990,13453369179100,0.2980,0.6470
508.0710,163.4810,0.0270,13453916794200,0.0000,0.6280
507.9430,163.7000,0.0670,13453916844000,0.0000,0.6280
507.7290,164.1740,0.1130,13453933542400,0.0000,0.6280
507.4710,164.5390,0.1590,13453933579700,0.0000,0.6280
507.2570,165.0500,0.2040,13453933581300,0.0000,0.6280
506.9570,165.6700,0.2470,13453933582200,0.0000,0.6280
506.5710,166.5460,0.2860,13453933583200,0.0000,0.6280
506.2710,167.4580,0.3220,13453950557600,0.0000,0.6280
505.9710,168.3700,0.3550,13453950608600,0.0000,0.6280
505.6720,169.3920,0.3850,13453967526800,0.0000,0.6280
505.4140,170.3770,0.4110,13453967592100,0.0000,0.6280
504.9430,171.3620,0.4340,13453967595300,0.0000,0.6280
504.8140,172.3110,0.4500,13453967597200,0.0000,0.6280
504.7290,173.0770,0.4570,13453983518000,0.0000,0.6280
504.6430,173.8070,0.4520,13453983577600,0.0000,0.6280
504.5570,174.4270,0.4320,13453983580300,0.0000,0.6280
504.7290,174.8650,0.3600,13454000615500,0.0000,0.6280
504.8140,175.2300,0.3000,13454000648700,0.0000,0.6280
504.8570,175.5580,0.2500,13454000671200,0.0000,0.6280
468.8570,122.6530,0.0120,13454444766600,0.0000,0.5590
468.9860,121.5220,0.0380,13454460834900,0.0000,0.5590
469.2860,120.3180,0.0700,13454461144700,0.0000,0.5590
469.6710,118.5300,0.1030,13454461154100,0.0000,0.5590
470.1000,116.7420,0.1360,13454478504500,0.0000,0.5590
470.5710,114.8450,0.1670,13454478564300,0.0000,0.5590
471.0000,113.0570,0.1960,13454478567300,0.0000,0.5590
471.3000,111.1960,0.2230,13454478568900,0.0000,0.5590
471.8570,109.3720,0.2490,13454495472300,0.0000,0.5590
472.2000,107.5840,0.2730,13454495524900,0.0000,0.5590
472.5000,106.0150,0.2950,13454512457800,0.0000,0.5590
472.7570,104.6650,0.3170,13454512536200,0.0000,0.5590
472.8860,103.3880,0.3360,13454512539000,0.0350,0.5600
473.0570,102.1840,0.3550,13454512540300,0.0700,0.5590
473.1860,100.9070,0.3720,13454512541800,0.1050,0.5590
473.2710,99.7390,0.3890,13454529423700,0.1230,0.5590
473.3140,98.4620,0.4040,13454529456700,0.1400,0.5600
473.4000,97.2580,0.4180,13454529459000,0.1580,0.5600
473.4860,96.0540,0.4310,13454529461400,0.1750,0.5590
473.4860,94.8500,0.4430,13454529463000,0.1930,0.5600
473.6140,93.7190,0.4540,13454546423700,0.2110,0.5770
473.7000,92.5150,0.4640,13454563505800,0.2270,0.5760
473.7000,91.4200,0.4730,13454563596600,0.2460,0.5770
473.7860,90.2890,0.4810,13454563599300,0.2630,0.5760
474.0000,89.2310,0.4880,13454563600700,0.2800,0.5760
474.0860,88.1000,0.4950,13454579413000,0.2800,0.5760
474.1710,87.2970,0.5010,13454579437400,0.2800,0.5760
474.2140,86.3850,0.5070,13454579439100,0.2980,0.5760
474.2140,85.6550,0.5130,13454596576500,0.2980,0.5760
474.3000,84.8890,0.5180,13454596792500,0.2980,0.5760
474.3000,84.1230,0.5240,13454596800100,0.2980,0.5760
474.3000,83.4660,0.5290,13454596801900,0.2980,0.5760
474.3000,82.8090,0.5340,13454596924600,0.2980,0.5760
474.3000,82.1890,0.5390,13454613403800,0.2980,0.5760
474.3000,81.5320,0.5440,13454613465400,0.2980,0.5760
474.3000,80.9120,0.5480,13454613467900,0.2980,0.5760
474.2140,80.4740,0.5530,13454613469400,0.2980,0.5760
474.2140,80.1090,0.5570,13454629753800,0.2980,0.5760
474.2140,79.7080,0.5610,13454629989400,0.2980,0.5760
474.2140,79.3430,0.5650,13454646600800,0.2980,0.5760
474.1710,79.0510,0.5690,13454646767100,0.2980,0.5760
474.1710,78.4310,0.5770,13454646779000,0.2980,0.5760
473.7000,79.4160,0.5920,13454679802700,0.2980,0.5950
473.6140,79.9270,0.5950,13454696902800,0.2980,0.5950
473.4860,80.6200,0.5980,13454697214100,0.2980,0.5950
473.3140,81.2770,0.6010,13454713850200,0.2980,0.5950
473.1860,82.2620,0.6050,13454714046600,0.2980,0.5950
472.9710,83.3200,0.6080,13454714052500,0.2980,0.5950
472.8860,84.4510,0.6120,13454714054700,0.2980,0.5950
472.7570,85.5460,0.6150,13454730833200,0.2980,0.5950
472.6710,86.8230,0.6190,13454731071100,0.2980,0.5950
472.5000,88.1000,0.6220,13454731085800,0.2980,0.5950
472.4570,89.5230,0.6260,13454731095600,0.2980,0.5950
472.3710,90.9460,0.6290,13454731097200,0.2980,0.5950
472.2860,93.1350,0.6330,13454747745900,0.2980,0.5950
472.1570,95.2150,0.6370,13454748097300,0.2980,0.5950
471.9860,97.3310,0.6410,13454748126200,0.2980,0.5950
471.7710,99.3380,0.6460,13454764693800,0.2980,0.5950
471.5570,101.4540,0.6500,13454764803100,0.2980,0.5950
471.3000,103.4610,0.6550,13454764807000,0.2980,0.5950
471.0000,105.5770,0.6600,13454764807800,0.2980,0.5950
470.7000,107.6570,0.6650,13454781697200,0.2980,0.5950
470.4860,109.7000,0.6700,13454781837100,0.2980,0.5950
470.1000,111.7070,0.6760,13454799012700,0.2980,0.5950
469.9710,113.6770,0.6810,13454799161800,0.2980,0.5950
469.7570,115.6840,0.6870,13454799171700,0.2980,0.5950
469.5000,117.6910,0.6930,13454799177500,0.2980,0.5950
469.2860,119.7340,0.6990,13454799179100,0.2980,0.5950
468.9860,121.6680,0.7050,13454815550600,0.2980,0.5950
468.8570,123.8570,0.7110,13454815627400,0.2980,0.5950
468.6000,125.8640,0.7170,13454832587500,0.2980,0.5950
468.3860,127.8340,0.7220,13454832726600,0.2980,0.5950
468.0860,129.8410,0.7280,13454832729500,0.2980,0.5950
467.8710,131.8470,0.7330,13454832731000,0.2980,0.5950
467.5710,133.8180,0.7380,13454832733100,0.2980,0.5950
467.2710,135.8240,0.7430,13454849537300,0.2980,0.5950
466.8860,137.7220,0.7480,13454849647000,0.2980,0.5950
466.5000,139.5820,0.7530,13454865745900,0.2980,0.5950
466.0710,141.3700,0.7570,13454865963000,0.2980,0.5950
465.6000,143.2680,0.7610,13454865969300,0.2980,0.5950
465.0860,144.9820,0.7650,13454865977400,0.2980,0.5950
464.5710,146.6970,0.7680,13454865981200,0.2980,0.5950
463.8860,148.4850,0.7720,13454882539500,0.2980,0.5950
463.2430,150.2370,0.7750,13454882642500,0.2980,0.5950
462.4710,151.8050,0.7780,13454882649000,0.2980,0.5950
461.7430,153.4470,0.7810,13454882650900,0.2980,0.5950
460.8860,154.8700,0.7840,13454898629600,0.2980,0.5950
460.1570,156.2930,0.7870,13454898885200,0.2980,0.5950
459.2570,157.5700,0.7890,13454898902800,0.2980,0.5950
458.4860,158.7010,0.7910,13454915855700,0.2980,0.5950
457.7570,159.5040,0.7940,13454915977000,0.2980,0.5950
457.0290,160.2700,0.7960,13454915980400,0.2980,0.5950
455.7430,161.2920,0.7980,13454915981500,0.2980,0.5950
454.3710,162.2040,0.8000,13454932455800,0.2980,0.5950
452.7430,163.0430,0.8020,13454932512900,0.2980,0.5950
450.7710,163.7730,0.8040,13454949165400,0.2980,0.5950
448.7140,164.4660,0.8050,13454949328000,0.2980,0.5950
446.1430,165.0500,0.8060,13454949332600,0.2980,0.5950
441.5140,166.0350,0.8050,13454949334300,0.2980,0.5950
437.7430,166.6190,0.7990,13454949336200,0.2980,0.5950
434.6140,167.0200,0.7890,13454965615200,0.2980,0.5950
431.7000,167.1660,0.7750,13454965959600,0.2980,0.5950
428.7000,167.2390,0.7560,13454982017800,0.2980,0.5950
425.7000,167.2390,0.7340,13454982079000,0.2980,0.5950
422.6140,167.2390,0.7070,13454982082000,0.2980,0.5950
419.7000,167.1660,0.6900,13454982084000,0.2980,0.5950
416.7860,167.0200,0.6570,13454982089000,0.2980,0.5950
413.8710,166.7650,0.5480,13454999027600,0.2980,0.5950
411.0860,166.4000,0.4560,13454999099700,0.2980,0.5950
406.2860,165.4880,0.3800,13455016285600,0.2970,0.6110
425.1860,113.2030,0.0200,13455347691500,0.1410,0.6120
424.5000,113.7500,0.0520,13455363626200,0.1580,0.6110
423.8140,114.1880,0.0890,13455363661900,0.1760,0.6120
423.3000,114.6990,0.1270,13455363663500,0.1940,0.6120
422.8710,115.1730,0.1640,13455363664500,0.2100,0.6110
422.5710,115.6110,0.1980,13455380526800,0.2280,0.6120
422.3140,116.0490,0.2300,13455380561500,0.2450,0.6120
422.1860,116.5960,0.2600,13455380563800,0.2630,0.6110
422.1000,117.1070,0.2870,13455380575500,0.2630,0.6110
422.1000,117.6180,0.3130,13455380577200,0.2630,0.6110
422.1860,118.2380,0.3360,13455396614500,0.2630,0.6110
422.4860,118.8220,0.3570,13455396647900,0.2630,0.6110
422.9140,119.6610,0.3770,13455413490700,0.2630,0.6110
423.3860,120.4640,0.3950,13455413547300,0.2630,0.6110
423.9000,121.3030,0.4110,13455413550200,0.2630,0.6110
424.5000,122.2150,0.4260,13455413551700,0.2630,0.6110
425.0140,123.0910,0.4400,13455429492800,0.2630,0.6110
425.6140,123.9300,0.4530,13455429523100,0.2630,0.6110
426.1290,124.9150,0.4650,13455429524700,0.2630,0.6110
426.6000,125.7910,0.4750,13455446473300,0.2630,0.6110
426.9860,126.7760,0.4850,13455446516000,0.2630,0.6110
427.2860,127.6510,0.4930,13455446518600,0.2630,0.6110
427.5000,128.6360,0.5020,13455446520000,0.2630,0.6110
427.5860,129.5490,0.5090,13455462548700,0.2630,0.6110
427.6290,130.2780,0.5170,13455462600300,0.2630,0.6110
427.5860,130.9720,0.5240,13455462602600,0.2630,0.6110
427.4140,131.6280,0.5310,13455478593400,0.2630,0.6110
427.3290,132.2490,0.5380,13455478642300,0.2630,0.6110
427.2000,132.7590,0.5440,13455478644900,0.2630,0.6110
426.9860,133.3070,0.5500,13455478646200,0.2630,0.6110
426.9000,133.6720,0.5560,13455495564100,0.2630,0.6110
426.6860,134.1820,0.5620,13455495607600,0.2630,0.6110
426.5140,134.5470,0.5660,13455512559900,0.2630,0.6110
426.2140,135.0220,0.5680,13455512623200,0.2630,0.6110
425.7860,135.4590,0.5600,13455512628200,0.2630,0.6110
425.2290,136.2990,0.5410,13455512629900,0.2630,0.6110
424.2000,137.3930,0.5220,13455512631400,0.2630,0.6110
423.0860,138.4510,0.4350,13455529480500,0.2630,0.6110
421.6710,139.5090,0.3620,13455529505200,0.2630,0.6110
420.0000,140.5680,0.3020,13455546448500,0.2630,0.6110
300.3000,131.7010,0.1730,13456434661500,0.0000,0.5590
300.4710,131.2630,0.2220,13456450782100,0.0000,0.5760
300.5570,130.9720,0.2450,13456450816900,0.0000,0.5760
300.6860,130.6800,0.2650,13456467724300,0.0000,0.5760
300.8570,130.1320,0.2840,13456467772300,0.0000,0.5760
300.9860,129.6220,0.3010,13456467774400,0.0000,0.5760
301.1570,129.1110,0.3170,13456467775800,0.0000,0.5930
301.1570,128.5630,0.3320,13456483755200,0.0000,0.5930
301.3710,127.9800,0.3450,13456483792200,0.0000,0.5930
301.4570,127.2860,0.3560,13456500724700,0.0000,0.5930
301.5000,126.6300,0.3670,13456500761700,0.0000,0.5930
301.6710,125.9370,0.3770,13456500765600,0.0000,0.5930
301.7570,125.2070,0.3850,13456500766500,0.0000,0.5930
301.8000,124.5130,0.3930,13456500767200,0.0000,0.5930
301.8860,123.7840,0.4000,13456516811600,0.0000,0.5930
301.9710,122.9450,0.4060,13456516855600,0.0000,0.5930
301.8860,122.2150,0.4120,13456533099400,0.0000,0.5930
301.8860,121.4490,0.4180,13456533152300,0.0000,0.5930
301.8860,120.7190,0.4230,13456533154900,0.0000,0.5930
301.9710,119.9530,0.4280,13456533156000,0.0000,0.5930
301.9710,119.2960,0.4330,13456549979100,0.0000,0.5930
301.9710,118.5300,0.4380,13456550044300,0.0000,0.5930
301.9710,117.8730,0.4420,13456550047000,0.0000,0.6110
301.9710,117.1070,0.4450,13456550048200,0.0000,0.6110
301.9710,116.4140,0.4480,13456566279200,0.0000,0.6110
301.9710,115.7570,0.4510,13456566479300,0.0000,0.6110
301.9710,115.1730,0.4530,13456566486900,0.0000,0.6110
301.9710,114.4800,0.4550,13456582113300,0.0000,0.6110
302.0570,113.8960,0.4570,13456582217800,0.0000,0.6110
302.0570,113.2030,0.4590,13456582221300,0.0000,0.6110
302.1000,112.6920,0.4610,13456582223900,0.0000,0.6110
302.1000,112.0720,0.4630,13456598165700,0.0000,0.6110
302.1000,111.7070,0.4660,13456598202200,0.0000,0.6110
302.1000,111.2690,0.4690,13456598203600,0.0000,0.6110
302.0570,110.9040,0.4720,13456614241400,0.0000,0.6110
301.9710,110.5760,0.4760,13456614274300,0.0000,0.6110
301.9710,109.9920,0.4840,13456614276200,0.0000,0.6110
301.9710,109.7000,0.4880,13456630249800,0.0000,0.6110
301.8860,109.2260,0.4950,13456646357200,0.0000,0.6110
301.8860,108.7880,0.5030,13456646400700,0.0000,0.6110
301.1570,109.7000,0.5250,13456679463600,0.0000,0.6110
300.9860,110.2110,0.5290,13456696321400,0.0000,0.6110
300.7710,110.7220,0.5340,13456696352900,0.0000,0.6110
300.3860,111.6340,0.5390,13456696355000,0.0000,0.6110
300.0860,112.4730,0.5440,13456696356400,0.0000,0.6110
299.6570,113.3490,0.5490,13456696357600,0.0000,0.6110
299.3570,114.3340,0.5530,13456712453100,0.0000,0.6110
298.9710,115.3190,0.5580,13456712497600,0.0000,0.6110
298.5860,116.2680,0.5630,13456729409100,0.0000,0.6110
298.2860,117.3260,0.5670,13456729448000,0.0000,0.6110
298.0710,118.3840,0.5710,13456729450100,0.0000,0.6110
297.7710,119.2960,0.5750,13456729451100,0.0000,0.6110
297.4710,120.3910,0.5790,13456729452200,0.0000,0.6110
297.2570,121.3760,0.5830,13456746366100,0.0000,0.6110
296.9570,122.4340,0.5870,13456746420000,0.0000,0.6110
296.5710,123.3820,0.5910,13456762408200,0.0000,0.6110
296.2710,124.4410,0.5950,13456762428300,0.0000,0.6110
295.8860,125.4260,0.6000,13456762429600,0.0000,0.6110
295.5860,126.4110,0.6040,13456762431900,0.0000,0.6110
295.1570,127.2860,0.6090,13456779393100,0.0000,0.6110
294.8570,128.2720,0.6140,13456779429000,0.0000,0.6110
294.3860,129.1840,0.6180,13456779431000,0.0000,0.6110
293.9570,130.0590,0.6230,13456796392300,0.0000,0.6110
293.6570,130.9720,0.6270,13456796422500,0.0000,0.6110
293.2710,131.7010,0.6320,13456796424700,0.0000,0.6110
292.7570,132.5410,0.6360,13456796425800,0.0000,0.6110
292.3710,133.3070,0.6400,13456812487500,0.0000,0.6110
291.9860,133.8910,0.6430,13456812530900,0.0000,0.6110
291.5570,134.4740,0.6470,13456812533000,0.0000,0.6110
291.3430,135.0220,0.6500,13456812534200,0.0000,0.6110
290.9570,135.4590,0.6530,13456828498000,0.0000,0.6110
290.6570,135.8240,0.6560,13456828538800,0.0000,0.6110
290.3570,136.2990,0.6580,13456828540900,0.0000,0.6110
289.9710,136.6640,0.6610,13456844588700,0.0000,0.6110
289.6710,137.0280,0.6630,13456844625200,0.0000,0.6110
289.1570,137.3200,0.6650,13456844626900,0.0000,0.6110
288.7710,137.5760,0.6670,13456844630400,0.0000,0.6110
288.3430,137.8680,0.6690,13456861591000,0.0000,0.6110
287.7860,138.0860,0.6710,13456861637400,0.0000,0.6110
287.0570,138.4510,0.6720,13456878556700,0.0360,0.6120
286.3290,138.8160,0.6740,13456878591900,0.0530,0.6110
285.5570,138.9990,0.6750,13456878593200,0.0710,0.6120
285.0430,139.2180,0.6760,13456878593900,0.0890,0.6120
284.3570,139.3640,0.6770,13456878594600,0.1060,0.6130
283.7570,139.4370,0.6780,13456895551800,0.1230,0.6120
283.0710,139.5090,0.6790,13456895601400,0.1410,0.6120
282.4290,139.5820,0.6800,13456895604800,0.1580,0.6110
281.7430,139.5820,0.6810,13456912501800,0.1760,0.6120
281.0570,139.4370,0.6810,13456912538700,0.1940,0.6120
280.3710,139.2910,0.6820,13456912540500,0.2100,0.6110
279.7710,139.0720,0.6830,13456928515200,0.2280,0.6120
279.2140,138.9260,0.6840,13456928535800,0.2450,0.6120
278.6140,138.6700,0.6840,13456928537300,0.2450,0.6120
277.7570,138.3050,0.6850,13456928538100,0.2450,0.6120
277.1140,137.8680,0.6850,13456928538700,0.2450,0.6120
276.4290,137.3200,0.6850,13456944625000,0.2450,0.6120
275.7430,136.8820,0.6860,13456944658100,0.2450,0.6120
275.2290,136.4450,0.6860,13456961618600,0.2450,0.6120
274.7140,135.9700,0.6860,13456961640100,0.2450,0.6120
274.1140,135.4590,0.6860,13456961641400,0.2450,0.6120
273.5570,134.9490,0.6860,13456961642300,0.2450,0.6120
273.1290,134.4740,0.6860,13456978613200,0.2450,0.6120
272.7430,134.0360,0.6860,13456978650200,0.2450,0.6120
272.3140,133.6720,0.6860,13456978651700,0.2450,0.6120
271.9290,133.1970,0.6850,13456994678500,0.2450,0.6120
271.5430,132.7590,0.6850,13456994717900,0.2450,0.6120
271.2000,132.3950,0.6850,13456994719200,0.2450,0.6120
270.9000,131.9570,0.6850,13456994720100,0.2450,0.6120
270.5140,131.5550,0.6850,13457011636000,0.2450,0.6120
270.2140,131.1900,0.6850,13457011737600,0.2450,0.6120
269.9140,130.8990,0.6840,13457011741000,0.2450,0.6120
269.6140,130.6070,0.6840,13457011742400,0.2630,0.6110
269.4000,130.3510,0.6840,13457027760300,0.2800,0.6120
269.1000,130.1320,0.6840,13457027806000,0.2800,0.6120
268.7140,129.9860,0.6830,13457043873900,0.2800,0.6120
268.3290,129.9860,0.6830,13457043929000,0.2800,0.6120
267.9430,130.2050,0.6830,13457060951200,0.2800,0.6120
267.6430,130.3510,0.6830,13457060991200,0.2800,0.6120
267.3000,130.8990,0.6830,13457077844700,0.2800,0.6120
267.0430,131.2630,0.6840,13457077882600,0.2800,0.6120
266.8290,131.7010,0.6850,13457077884800,0.2800,0.6120
266.5290,132.1760,0.6860,13457077885800,0.2800,0.6120
266.3140,132.6870,0.6880,13457093947900,0.2800,0.6120
266.0140,133.1970,0.6890,13457093971400,0.2800,0.6120
265.8000,133.8180,0.6910,13457110910400,0.2800,0.6120
265.4140,134.6200,0.6930,13457110946100,0.2800,0.6120
265.1140,135.3860,0.6950,13457110947800,0.2800,0.6120
264.8140,136.0430,0.6970,13457110949200,0.2800,0.6120
264.5140,136.7370,0.7000,13457127927800,0.2800,0.6280
264.3000,137.2470,0.7020,13457127962800,0.2800,0.6460
264.0430,137.7950,0.7040,13457127964200,0.2800,0.6640
263.8290,138.2320,0.7060,13457127965100,0.2800,0.6640
263.6140,138.7430,0.7070,13457127965800,0.2800,0.6640
263.4000,139.2180,0.7090,13457144798000,0.2800,0.6640
263.1860,139.5820,0.7110,13457144843500,0.2800,0.6640
262.9290,139.9470,0.7130,13457160897900,0.2800,0.6640
262.6290,140.2390,0.7150,13457160930800,0.2800,0.6640
262.4140,140.4950,0.7170,13457160932000,0.2800,0.6640
262.2000,140.7140,0.7180,13457160932800,0.2800,0.6640
261.9860,140.8590,0.7190,13457176934300,0.2800,0.6640
261.7290,140.8590,0.7200,13457176983600,0.2800,0.6640
261.3000,141.0780,0.7220,13457193906800,0.2800,0.6640
260.7860,141.1510,0.7240,13457193941700,0.2800,0.6640
260.3140,140.8590,0.7260,13457209993700,0.2800,0.6640
260.1000,140.7860,0.7270,13457210043800,0.2800,0.6640
259.8860,140.6410,0.7270,13457210045900,0.2800,0.6640
259.3290,140.1660,0.7280,13457226020800,0.2800,0.6640
259.0290,139.8740,0.7280,13457226046600,0.2800,0.6640
258.7290,139.5090,0.7280,13457243017700,0.2800,0.6640
258.4290,139.2180,0.7280,13457243039800,0.2800,0.6640
258.2140,138.9990,0.7280,13457243044300,0.2800,0.6640
257.9140,138.6700,0.7280,13457243045500,0.2800,0.6640
257.7000,138.4510,0.7280,13457243046700,0.2800,0.6640
257.4860,138.2320,0.7280,13457259117500,0.2800,0.6640
257.2290,138.0860,0.7280,13457259162700,0.2800,0.6640
257.0140,137.9410,0.7280,13457275196600,0.2800,0.6640
256.8000,137.7950,0.7280,13457275232600,0.2800,0.6640
256.3290,137.5760,0.7270,13457275235200,0.2800,0.6640
256.1140,137.4660,0.7260,13457291266500,0.2970,0.6630
255.5140,137.5760,0.7250,13457307362500,0.2970,0.6630
255.3000,137.7220,0.7250,13457307403000,0.2970,0.6630
255.0000,138.0860,0.7240,13457307405600,0.2970,0.6630
254.7000,138.4510,0.7240,13457307408400,0.2970,0.6630
254.3140,138.9260,0.7240,13457324271700,0.2970,0.6630
253.9710,139.3640,0.7250,13457324319500,0.2970,0.6630
253.5860,139.8740,0.7250,13457324324800,0.2970,0.6630
253.1140,140.5680,0.7250,13457340317000,0.2970,0.6630
252.6000,141.2240,0.7250,13457340348100,0.2970,0.6630
252.1710,141.9180,0.7260,13457340350200,0.2970,0.6630
251.7860,142.5010,0.7260,13457340351600,0.2970,0.6630
251.4000,142.9390,0.7270,13457357271600,0.2970,0.6630
251.1000,143.4140,0.7270,13457357303700,0.2970,0.6630
250.8000,143.7780,0.7280,13457357305700,0.2970,0.6630
250.5000,144.0700,0.7290,13457357306700,0.2970,0.6630
250.2860,144.4350,0.7300,13457357307900,0.2970,0.6630
249.9860,144.6910,0.7300,13457373275300,0.2970,0.6630
249.7710,144.8360,0.7310,13457373310700,0.2970,0.6630
249.5140,144.9820,0.7320,13457389302600,0.2970,0.6630
249.0860,144.9820,0.7330,13457389360700,0.2970,0.6630
248.6140,144.8360,0.7330,13457405344000,0.2970,0.6630
248.4000,144.6910,0.7330,13457405368300,0.2970,0.6630
248.0140,144.5450,0.7330,13457405369900,0.2970,0.6630
247.6710,144.2890,0.7320,13457421428800,0.2970,0.6630
247.2860,144.0700,0.7320,13457421472100,0.2970,0.6630
246.7710,143.8510,0.7310,13457421474000,0.2970,0.6630
246.3000,143.6320,0.7300,13457421475000,0.2970,0.6630
245.8710,143.4870,0.7290,13457438288800,0.2970,0.6630
245.3570,143.4140,0.7290,13457438311800,0.2970,0.6630
244.7570,143.2680,0.7290,13457454335600,0.2970,0.6630
244.2000,143.1950,0.7280,13457454377100,0.2970,0.6630
243.6000,143.1950,0.7280,13457454378600,0.2970,0.6630
243.0000,143.1950,0.7280,13457454379400,0.2970,0.6630
242.4000,143.2680,0.7280,13457454380200,0.2970,0.6630
241.8000,143.2680,0.7270,13457471302100,0.2970,0.6630
241.2860,143.4140,0.7260,13457471322300,0.2970,0.6630
240.6860,143.5590,0.7260,13457487377400,0.2970,0.6630
240.2570,143.6320,0.7260,13457487424200,0.2970,0.6630
239.7000,143.8510,0.7260,13457487426600,0.2970,0.6630
239.2710,143.9240,0.7260,13457487427800,0.2970,0.6630
238.8430,144.0700,0.7260,13457487429000,0.2970,0.6630
238.4570,144.1430,0.7260,13457503449600,0.2970,0.6630
238.1570,144.2160,0.7260,13457503481700,0.2970,0.6630
237.7710,144.3620,0.7260,13457519536800,0.2970,0.6630
237.1710,144.4350,0.7250,13457519558900,0.2970,0.6630
236.7860,144.6910,0.7250,13457519560300,0.2970,0.6630
236.4430,144.8360,0.7240,13457536557900,0.2970,0.6630
235.8860,144.9820,0.7240,13457536580900,0.2970,0.6630
235.4570,145.2010,0.7230,13457536582200,0.2970,0.6630
234.8570,145.4200,0.7230,13457536583000,0.2970,0.6630
234.3860,145.6390,0.7220,13457536583700,0.2970,0.6630
233.9570,146.0410,0.7220,13457552537600,0.2970,0.6630
233.1430,146.4780,0.7210,13457552561300,0.2970,0.6630
232.3710,146.9160,0.7210,13457569506200,0.2970,0.6630
231.6430,147.2810,0.7200,13457569529300,0.2970,0.6630
230.8290,147.8280,0.7200,13457569530500,0.2970,0.6630
230.0570,148.3390,0.7200,13457569531200,0.2970,0.6630
229.3290,148.8870,0.7200,13457569532000,0.2970,0.6630
228.4290,149.3240,0.7200,13457585562500,0.2970,0.6630
227.6570,149.8350,0.7200,13457585591900,0.2970,0.6630
226.9710,150.3100,0.7200,13457602524500,0.2970,0.6630
226.3710,150.6010,0.7200,13457602567000,0.2970,0.6630
225.7710,150.8930,0.7200,13457602569300,0.2970,0.6630
224.9570,151.3310,0.7200,13457602570400,0.2970,0.6630
224.2710,151.6590,0.7200,13457618533500,0.2970,0.6630
223.6710,151.9510,0.7200,13457618569200,0.2970,0.6630
223.1570,152.1700,0.7200,13457618570600,0.2970,0.6630
222.5570,152.3890,0.7200,13457634616200,0.2970,0.6630
221.9140,152.6080,0.7200,13457634653500,0.2970,0.6630
221.3140,152.8270,0.7200,13457634655000,0.2970,0.6630
220.4140,153.1550,0.7200,13457634655800,0.2970,0.6630
219.5570,153.3740,0.7190,13457650730600,0.2970,0.6630
218.9140,153.5930,0.7190,13457650775600,0.2970,0.6630
218.3140,153.7390,0.7200,13457650778100,0.2970,0.6630
217.6290,153.8850,0.7200,13457667716400,0.2970,0.6630
216.9430,153.9580,0.7200,13457667760900,0.2970,0.6630
216.3430,154.0310,0.7200,13457667763200,0.2970,0.6630
215.7430,154.1770,0.7200,13457667764400,0.2970,0.6630
215.1430,154.2500,0.7200,13457684720300,0.2970,0.6630
214.5430,154.3590,0.7200,13457684759600,0.2970,0.6630
213.9430,154.4320,0.7200,13457684761000,0.2970,0.6630
213.3430,154.4320,0.7200,13457684761800,0.2970,0.6630
212.8290,154.5780,0.7200,13457700761700,0.2970,0.6630
212.2290,154.5050,0.7200,13457700800000,0.2970,0.6630
211.6290,154.5780,0.7200,13457717737800,0.2970,0.6630
210.9430,154.5780,0.7200,13457717770400,0.2970,0.6630
210.3430,154.5780,0.7200,13457717773200,0.2970,0.6630
209.7430,154.5780,0.7190,13457717774000,0.2970,0.6630
209.1430,154.5780,0.7190,13457717774800,0.2970,0.6630
208.5430,154.5780,0.7190,13457733880400,0.2970,0.6630
207.9430,154.5050,0.7190,13457733926400,0.2970,0.6630
207.4290,154.4320,0.7190,13457750597900,0.2970,0.6630
206.9140,154.3590,0.7190,13457750639700,0.2970,0.6630
206.4000,154.2500,0.7200,13457750641000,0.2970,0.6630
205.9290,154.1040,0.7200,13457750641800,0.2970,0.6630
205.5000,153.8850,0.7200,13457766887100,0.2970,0.6630
205.1140,153.6660,0.7200,13457766942000,0.2970,0.6630
204.8140,153.4470,0.7200,13457766945800,0.2970,0.6630
204.5140,153.0820,0.7200,13457783659000,0.2970,0.6630
204.3000,152.6810,0.7210,13457783704500,0.2970,0.6630
204.0860,152.2430,0.7210,13457783707200,0.2970,0.6630
203.9140,151.8050,0.7210,13457783708100,0.2970,0.6630
203.7860,151.2580,0.7220,13457799856600,0.2970,0.6630
203.6140,150.6740,0.7220,13457799904600,0.2970,0.6630
203.5290,150.0540,0.7230,13457799906800,0.2970,0.6630
203.4860,149.3970,0.7240,13457799908000,0.2970,0.6630
203.4000,148.7410,0.7250,13457815796900,0.2970,0.6630
203.4000,147.9740,0.7260,13457815855200,0.2970,0.6630
203.3140,147.2080,0.7280,13457815857500,0.2970,0.6630
203.3140,146.1140,0.7290,13457831863300,0.2970,0.6630
203.2290,144.9090,0.7310,13457832058100,0.2970,0.6630
203.3140,143.7780,0.7330,13457832062700,0.2970,0.6630
203.3140,142.5740,0.7360,13457832063900,0.2970,0.6630
203.4000,141.3700,0.7380,13457848564000,0.2970,0.6630
203.4000,140.1660,0.7410,13457848599700,0.2970,0.6630
203.4860,138.9260,0.7430,13457864526800,0.3150,0.6640
203.5290,137.7220,0.7460,13457864565300,0.3150,0.6640
203.6140,136.5180,0.7490,13457864566800,0.3150,0.6640
203.7000,135.2410,0.7510,13457864567900,0.3150,0.6640
203.7860,134.0360,0.7540,13457864568900,0.3150,0.6640
203.8290,132.9050,0.7570,13457881521800,0.3150,0.6640
203.9140,131.7010,0.7590,13457881562500,0.3150,0.6640
204.0000,130.5340,0.7620,13457881564600,0.3150,0.6640
204.0860,129.4030,0.7640,13457898404600,0.3150,0.6640
204.1290,128.2720,0.7660,13457898447900,0.3150,0.6640
204.1290,127.2140,0.7680,13457898450000,0.3150,0.6640
204.2140,126.2280,0.7700,13457914423100,0.3150,0.6640
204.2140,125.3530,0.7720,13457914442300,0.3150,0.6640
204.2140,124.5130,0.7730,13457914443500,0.3150,0.6640
204.2140,123.7840,0.7750,13457914444200,0.3150,0.6640
204.2140,122.9450,0.7770,13457914444900,0.3150,0.6640
204.2140,122.1420,0.7780,13457930475800,0.3150,0.6640
204.2140,121.3030,0.7790,13457930500300,0.3150,0.6640
204.1290,120.4640,0.7810,13457947461200,0.3150,0.6640
204.1290,119.5880,0.7820,13457947503800,0.3150,0.6640
204.1290,118.5300,0.7830,13457947506000,0.3150,0.6640
204.1290,117.4720,0.7840,13457947507000,0.3150,0.6640
204.1290,116.5960,0.7850,13457964409200,0.3150,0.6640
204.0860,115.7570,0.7860,13457964445000,0.3150,0.6640
204.1290,114.6260,0.7870,13457964447200,0.3150,0.6640
204.1290,113.4950,0.7880,13457981426800,0.3150,0.6640
204.1290,112.3270,0.7890,13457981452600,0.3150,0.6640
204.2140,111.1960,0.7900,13457981454100,0.3150,0.6640
204.3000,109.9920,0.7900,13457981454900,0.3150,0.6640
204.4290,108.7150,0.7900,13457981455700,0.3150,0.6640
204.8140,106.8540,0.7830,13457998389700,0.3150,0.6640
205.2860,104.8840,0.7710,13457998435800,0.3150,0.6640
205.9290,102.8770,0.7520,13458014457000,0.3150,0.6640
206.6140,100.7610,0.7250,13458014478100,0.3150,0.6640
207.4290,98.6080,0.7070,13458014479300,0.3150,0.6640
208.3290,96.4190,0.6680,13458014480100,0.3150,0.6640
209.9140,92.1500,0.5560,13458031514400,0.3150,0.6640
210.9430,88.9390,0.4640,13458031562700,0.3150,0.6640
211.7140,86.0200,0.3860,13458031581800,0.3150,0.6640
