695.5290,184.6150,0.1400,357503806600,-0.0350,0.2630
695.1860,185.1260,0.3890,357537640000,-0.0340,0.3320
694.8000,185.3450,0.4370,357554633700,-0.0340,0.3320
694.5860,185.6000,0.4600,357554684300,-0.0340,0.3320
694.2860,185.6730,0.4820,357571600100,-0.0340,0.3320
693.8140,185.9650,0.5030,357571640000,-0.0340,0.3320
693.3000,186.1840,0.5240,357571641400,-0.0340,0.3320
692.6140,186.3300,0.5430,357571642200,0.0000,0.3320
691.7140,186.5490,0.5610,357571642900,0.0000,0.3320
690.6860,186.8040,0.5780,357588133600,0.0000,0.3320
689.4860,187.0230,0.5940,357588257900,0.0000,0.3320
688.1140,187.1690,0.6090,357588262600,0.0000,0.3320
686.8710,187.3150,0.6230,357588264600,0.0000,0.3320
685.5000,187.3880,0.6360,357605068600,0.0000,0.3320
684.2570,187.4610,0.6480,357605247500,0.0000,0.3320
682.8860,187.4610,0.6590,357622044400,0.0000,0.3320
681.6860,187.4610,0.6700,357622418900,0.0000,0.3320
680.4860,187.4610,0.6800,357622430000,0.0000,0.3320
679.5860,187.3880,0.6890,357622432900,0.0000,0.3320
678.7710,187.3150,0.6980,357622435400,0.0000,0.3320
678.0000,187.1690,0.7070,357639070500,0.0000,0.3320
677.4430,187.0230,0.7150,357639284200,0.0000,0.3320
676.5430,186.8040,0.7220,357654966500,0.0000,0.3320
675.6860,186.4760,0.7280,357655146200,0.0000,0.3320
674.8710,186.1110,0.7330,357655154200,0.0000,0.3320
674.1430,185.6730,0.7390,357655157900,0.0000,0.3320
673.4570,185.1260,0.7440,357655160300,0.0000,0.3490
672.7710,184.6150,0.7480,357672196100,0.0000,0.3670
672.0860,184.0310,0.7530,357672494500,0.0000,0.3670
671.5710,183.4110,0.7570,357688876000,0.0000,0.3670
670.9710,182.7540,0.7610,357688907900,0.0000,0.3670
670.5860,182.2070,0.7640,357688909000,0.0000,0.3670
670.0710,181.5500,0.7680,357688909800,0.0000,0.3670
669.6860,180.9300,0.7710,357705863100,0.0000,0.3670
669.3430,180.4190,0.7740,357705895500,0.0000,0.3670
669.0430,179.9810,0.7760,357705896700,0.0000,0.3670
668.8290,179.3610,0.7780,357705907700,0.0000,0.3670
668.6570,178.9960,0.7800,357705908400,0.0000,0.3670
668.5710,178.4850,0.7820,357722053900,0.0000,0.3670
668.5710,177.3540,0.7850,357738054900,0.0000,0.3670
668.6570,176.7340,0.7850,357738103400,0.0000,0.3670
668.8710,176.1500,0.7860,357738105000,0.0000,0.3670
669.0430,175.5300,0.7870,357738106200,0.0000,0.3840
669.2570,174.9460,0.7870,357754280100,0.0000,0.3840
669.5570,174.4350,0.7870,357754359600,0.0000,0.3840
669.6860,173.8880,0.7880,357770259800,0.0000,0.3840
670.0710,173.0120,0.7880,357770313800,0.0180,0.3850
670.2430,172.6110,0.7880,357770316400,0.0180,0.3850
670.3710,172.3190,0.7890,357770318000,0.0180,0.3850
670.5860,171.8080,0.7890,357786696500,0.0180,0.3850
670.7570,171.4430,0.7900,357802712200,0.0180,0.3850
670.9710,170.9690,0.7910,357802792600,0.0180,0.3850
671.1860,170.3850,0.7900,357835190800,0.0180,0.3850
671.4430,170.1660,0.7910,357835241400,0.0180,0.3850
671.8710,170.0930,0.7930,357851597600,0.0180,0.3850
672.6430,170.6040,0.7980,357884631800,0.0530,0.3850
672.8570,170.9690,0.8000,357884708400,0.0700,0.3840
673.1570,171.5160,0.8020,357884711800,0.0880,0.3850
673.4570,171.9540,0.8030,357884713600,0.1050,0.3850
673.6710,172.4650,0.8040,357884715200,0.1230,0.3840
673.8860,173.1580,0.8060,357901605400,0.1230,0.3840
674.2710,173.9610,0.8070,357901640700,0.1230,0.3840
674.6570,174.8730,0.8080,357917640100,0.1230,0.3840
675.0860,175.7850,0.8090,357917710200,0.1400,0.3850
675.6860,176.8070,0.8110,357917713500,0.1400,0.3850
676.2430,177.7920,0.8110,357917715300,0.1400,0.3850
676.7570,178.7770,0.8120,357917718000,0.1400,0.3850
677.5710,180.1270,0.8130,357933819600,0.1400,0.3850
678.4710,181.4770,0.8130,357933869400,0.1400,0.3850
679.4570,182.6810,0.8140,357950789400,0.1400,0.3850
680.4860,183.7760,0.8150,357950827200,0.1400,0.3850
681.3000,184.7610,0.8150,357950830200,0.1400,0.3850
682.5000,185.7460,0.8160,357950833300,0.1400,0.3850
683.4860,186.5490,0.8160,357967781200,0.1400,0.3850
684.3000,187.2420,0.8170,357967816700,0.1400,0.3850
685.0710,187.7530,0.8170,357967818800,0.1400,0.3850
685.7140,188.4460,0.8170,357967819900,0.1400,0.3850
686.4860,188.9570,0.8170,357967821100,0.1400,0.3850
687.0000,189.3950,0.8170,357983847800,0.1400,0.3850
687.3860,189.8690,0.8180,357983901400,0.1400,0.3850
687.8140,190.1610,0.8180,358000759400,0.1400,0.3850
688.2000,190.5260,0.8180,358000807600,0.1400,0.3850
688.5000,190.8910,0.8180,358000810900,0.1400,0.3850
688.8860,191.2190,0.8170,358000812000,0.1400,0.3850
689.1860,191.5110,0.8170,358016815800,0.1400,0.3850
689.4860,191.8760,0.8160,358016867200,0.1400,0.3850
689.7860,192.1680,0.8160,358016869100,0.1400,0.3850
690.0000,192.4230,0.8160,358033142100,0.1400,0.3850
690.3000,192.7880,0.8160,358033193600,0.1400,0.3850
690.5140,193.0070,0.8160,358033196500,0.1400,0.3850
690.8140,193.3720,0.8150,358033198300,0.1400,0.3850
691.1140,193.6640,0.8140,358050078000,0.1400,0.3850
691.4140,193.9920,0.8140,358050115600,0.1400,0.3850
691.5860,194.2840,0.8130,358050118400,0.1400,0.3850
691.8860,194.5760,0.8130,358050120000,0.1400,0.3850
692.1000,194.8680,0.8130,358066212300,0.1400,0.3850
692.4000,195.0860,0.8120,358066315500,0.1400,0.3850
692.5710,195.3420,0.8120,358082631600,0.1400,0.3850
692.7860,195.5610,0.8120,358082692800,0.1400,0.3850
692.9140,195.7800,0.8120,358082695300,0.1400,0.3850
693.0000,195.9990,0.8110,358082698100,0.1400,0.3850
693.1710,196.1450,0.8110,358082699500,0.1400,0.3850
693.3000,196.3640,0.8110,358099663800,0.1400,0.3850
693.5140,196.7650,0.8110,358116635200,0.1400,0.3850
693.6000,196.9110,0.8110,358116709600,0.1400,0.3850
693.7290,197.3490,0.8110,358116713200,0.1400,0.3850
693.7290,197.5680,0.8110,358133517100,0.1400,0.3850
693.6000,198.1880,0.8110,358149900700,0.1400,0.3850
693.4710,198.4070,0.8110,358149963700,0.1400,0.3850
693.2140,198.5530,0.8110,358149965900,0.1400,0.3850
692.9140,198.9180,0.8110,358149967700,0.1400,0.3850
692.5710,199.2090,0.8110,358149970200,0.1400,0.3850
692.0140,199.4650,0.8110,358166814700,0.1400,0.3850
691.2860,199.7570,0.8110,358166880100,0.1400,0.3850
690.3860,200.1950,0.8110,358183246900,0.1400,0.3850
689.3140,200.4870,0.8110,358183311100,0.1580,0.3840
688.2000,200.7780,0.8110,358183313600,0.1580,0.3840
687.0000,201.1070,0.8110,358183315100,0.1580,0.3840
685.8000,201.3260,0.8110,358200158300,0.1580,0.3840
684.0860,201.6910,0.8120,358200194900,0.1580,0.3840
682.2860,202.0550,0.8120,358200204800,0.1580,0.3840
680.7860,202.3840,0.8130,358200206700,0.1580,0.3840
679.4570,202.5300,0.8130,358200208400,0.1580,0.3840
678.3000,202.6760,0.8130,358217238500,0.1580,0.3840
677.2710,202.8220,0.8140,358217300900,0.1580,0.3840
676.0710,202.9680,0.8150,358234127700,0.1580,0.3840
675.1720,203.1130,0.8150,358234166100,0.1580,0.3840
674.3570,203.1860,0.8150,358234168200,0.1580,0.3840
673.5860,203.1860,0.8160,358234170600,0.1580,0.3840
672.8570,203.2590,0.8170,358250221600,0.1580,0.3840
672.1710,203.3320,0.8180,358250287100,0.1580,0.3840
671.4860,203.3320,0.8190,358266380900,0.1580,0.3840
670.8430,203.3320,0.8210,358266458000,0.1580,0.3840
670.1570,203.3320,0.8220,358266461200,0.1580,0.3840
669.4290,203.3320,0.8240,358266463300,0.1580,0.3840
668.7430,203.3320,0.8260,358266465300,0.1580,0.3840
667.9710,203.3320,0.8280,358282490100,0.1580,0.3840
667.1570,203.3320,0.8300,358282551100,0.1580,0.3840
666.4290,203.2590,0.8320,358299460800,0.1580,0.3840
665.5710,203.1860,0.8340,358299522900,0.1580,0.3840
664.8430,203.1130,0.8370,358299537900,0.1580,0.3840
663.7710,203.0410,0.8390,358299540200,0.1580,0.3840
662.8290,202.8950,0.8410,358315730800,0.1580,0.3840
661.7570,202.7490,0.8430,358315793800,0.1580,0.3840
660.8570,202.6760,0.8440,358315796100,0.1580,0.3840
660.0430,202.5300,0.8470,358315798100,0.1580,0.3840
659.0570,202.3110,0.8490,358315799800,0.1580,0.3840
658.2430,202.1280,0.8510,358332620200,0.1580,0.3840
657.5140,201.9820,0.8540,358332685500,0.1580,0.3840
656.8280,201.8360,0.8560,358349658200,0.1580,0.3840
656.1430,201.6910,0.8590,358349751600,0.1580,0.3840
655.5430,201.5450,0.8610,358349757300,0.1580,0.3840
654.8570,201.3990,0.8640,358349760000,0.1580,0.3840
654.2140,201.1800,0.8680,358349762300,0.1580,0.3840
653.6140,200.9610,0.8710,358365747500,0.1580,0.3840
653.0140,200.7050,0.8750,358365814000,0.1580,0.3840
652.4140,200.4140,0.8780,358381783400,0.1580,0.3840
651.9000,200.1950,0.8820,358381826700,0.1580,0.3840
651.3430,199.9030,0.8860,358381830400,0.1580,0.3840
650.8280,199.6110,0.8900,358381832900,0.1580,0.3840
650.2290,199.2820,0.8940,358397885600,0.1580,0.3840
649.7140,198.9910,0.8980,358397950800,0.1580,0.3840
649.2430,198.6990,0.9020,358397954100,0.1580,0.3840
648.8140,198.3340,0.9060,358414060300,0.1580,0.3840
648.1290,197.7860,0.9100,358414102200,0.1580,0.3840
647.4430,197.2760,0.9130,358414105400,0.1580,0.3840
646.8430,196.7650,0.9160,358414107800,0.1580,0.3840
646.2430,196.1450,0.9190,358430121000,0.1580,0.3840
645.6430,195.5610,0.9220,358430183100,0.1580,0.3840
645.0860,194.8680,0.9260,358447160900,0.1580,0.3840
644.4860,194.2110,0.9280,358447250800,0.1580,0.3840
643.9290,193.4450,0.9310,358447255400,0.1580,0.3840
643.4140,192.5690,0.9340,358447257600,0.1580,0.3840
643.0290,191.7300,0.9360,358463130800,0.1580,0.3840
642.6000,190.8910,0.9390,358463214600,0.1580,0.3840
642.1290,189.9420,0.9410,358463218200,0.1580,0.3840
641.7860,188.9570,0.9430,358463220500,0.1750,0.3840
641.4000,187.9720,0.9460,358479223200,0.1750,0.3840
640.9290,186.9500,0.9480,358479283500,0.1750,0.3840
640.5860,185.8190,0.9500,358479285700,0.1750,0.3840
640.0290,184.1770,0.9530,358496268400,0.1750,0.3840
639.5140,182.6080,0.9550,358496343300,0.1750,0.3840
638.9140,181.0030,0.9570,358496345800,0.1750,0.3840
638.3140,179.3610,0.9590,358496347400,0.1750,0.3840
637.8000,177.8650,0.9610,358496348800,0.1750,0.3840
637.2000,176.2230,0.9630,358513168500,0.1750,0.3840
636.6000,174.5810,0.9650,358513243700,0.1750,0.3840
636.1710,173.2310,0.9670,358529259500,0.1750,0.3840
635.7860,172.0270,0.9690,358529321300,0.1750,0.3840
635.4000,170.8960,0.9700,358529324800,0.1750,0.3840
635.0140,169.7650,0.9720,358529326600,0.1750,0.3840
634.7140,168.5970,0.9730,358529328300,0.1750,0.3840
634.3710,167.5390,0.9740,358546188600,0.1750,0.3840
634.0710,166.4080,0.9750,358546412700,0.1750,0.3840
633.6000,164.6930,0.9770,358562210800,0.1750,0.3840
633.2140,163.2700,0.9780,358562263500,0.1750,0.3840
632.8710,161.9930,0.9790,358562265800,0.1750,0.3840
632.5710,160.8620,0.9790,358562268600,0.1750,0.3840
632.3140,159.6580,0.9790,358562270400,0.1750,0.3840
632.1000,158.5270,0.9800,358578334300,0.1750,0.3840
631.8860,157.3590,0.9800,358578396000,0.1750,0.3840
631.6720,156.1550,0.9810,358594433100,0.1750,0.3840
631.5860,154.9510,0.9810,358594491500,0.1750,0.3840
631.3710,153.8200,0.9820,358594495100,0.1750,0.3840
631.2000,152.6160,0.9830,358594497100,0.1750,0.3840
630.9860,151.4850,0.9830,358610723400,0.1750,0.3840
630.8140,150.2810,0.9840,358610789900,0.1750,0.3840
630.7710,149.1860,0.9850,358610794200,0.1750,0.3840
630.6000,148.0550,0.9860,358610796500,0.1750,0.3840
630.4710,146.8510,0.9870,358626820100,0.1750,0.3840
630.3860,145.6470,0.9870,358626880300,0.1750,0.3840
630.1720,144.5160,0.9880,358642875000,0.1750,0.3840
630.0860,143.2390,0.9880,358642934000,0.1750,0.3840
629.9140,142.0720,0.9880,358642938500,0.1750,0.3840
629.7000,140.7950,0.9890,358642940100,0.1750,0.3840
629.6140,139.5180,0.9890,358642941500,0.1750,0.3840
629.4860,138.3140,0.9900,358659809700,0.1750,0.4020
629.3140,137.1090,0.9900,358659879200,0.1750,0.4190
629.2710,135.9780,0.9900,358676816900,0.1750,0.4190
629.1000,134.8470,0.9890,358676880600,0.1750,0.4190
629.0140,133.8260,0.9900,358676883000,0.1750,0.4190
628.8860,132.9140,0.9900,358676884600,0.1750,0.4190
628.8000,132.1110,0.9910,358676885900,0.1750,0.4190
628.6710,131.3450,0.9910,358692892200,0.1750,0.4190
628.5860,130.5780,0.9910,358692953400,0.1750,0.4190
628.4570,129.9220,0.9920,358709901100,0.1750,0.4190
628.4570,129.1550,0.9920,358709955200,0.1750,0.4190
628.2860,128.4990,0.9920,358709960500,0.1750,0.4190
628.2860,127.8050,0.9930,358709962700,0.1750,0.4190
628.1570,127.2950,0.9930,358726097100,0.1750,0.4190
628.0710,126.6380,0.9940,358726160700,0.1750,0.4190
628.0710,126.0910,0.9940,358726164000,0.1750,0.4190
627.9860,125.5800,0.9950,358726166400,0.1750,0.4190
627.9000,125.1420,0.9950,358742184400,0.1750,0.4190
627.8570,124.6680,0.9950,358742246400,0.1750,0.4190
627.8570,124.2300,0.9950,358742248700,0.1750,0.4190
627.7710,124.0110,0.9950,358758455800,0.1750,0.4190
627.7710,123.3910,0.9870,358758518600,0.1750,0.4190
627.6860,123.1720,0.9760,358758520800,0.1750,0.4190
629.0140,125.5800,0.8330,358807011500,0.1750,0.4190
629.6140,126.3090,0.6940,358823116400,0.1750,0.4190
630.6860,127.5130,0.5780,358823351800,0.1750,0.4190
648.0000,154.6590,0.0490,359271854800,0.1230,0.3840
648.0000,154.1850,0.1250,359271885900,0.1230,0.3840
648.0430,153.9660,0.1930,359271887700,0.1230,0.3840
648.0000,153.5280,0.2790,359303894500,0.1230,0.3840
648.0430,153.2370,0.3340,359303932200,0.1230,0.3840
648.0430,152.8350,0.4150,359320102900,0.1230,0.3840
648.1290,152.4700,0.5370,359336147100,0.1230,0.3840
648.5140,153.2370,0.6770,359384657900,0.1230,0.4020
648.6000,153.4550,0.6950,359384722600,0.1230,0.4190
648.7290,153.8930,0.7270,359384727300,0.1230,0.4190
648.8140,154.1850,0.7410,359384729500,0.1230,0.4190
648.9000,154.4770,0.7550,359401648000,0.1230,0.4190
648.9430,154.7320,0.7680,359401756700,0.1230,0.4190
649.1140,155.0240,0.7790,359418582200,0.1230,0.4190
649.2000,155.3160,0.7900,359418642100,0.1230,0.4190
649.2430,155.6080,0.7990,359418644700,0.1230,0.4190
649.3280,155.9360,0.8080,359418646200,0.1230,0.4190
649.5000,156.4470,0.8160,359418647600,0.1230,0.4190
649.6290,156.8120,0.8230,359435529300,0.1230,0.4190
649.8000,157.1770,0.8300,359435591200,0.1230,0.4190
649.9290,157.5050,0.8360,359451613200,0.1230,0.4190
650.1000,157.9430,0.8410,359451675100,0.1230,0.4190
650.2290,158.3080,0.8460,359451698800,0.1230,0.4190
650.4430,158.6730,0.8510,359451700700,0.1230,0.4190
650.6140,159.0010,0.8550,359451702300,0.1230,0.4190
650.7430,159.3660,0.8590,359467714200,0.1230,0.4190
650.9140,159.6580,0.8610,359467816000,0.1230,0.4190
651.0000,159.9500,0.8620,359484012000,0.1230,0.4190
651.1290,160.2050,0.8600,359484075600,0.1230,0.4190
651.2140,160.4240,0.8540,359484078800,0.1230,0.4190
651.3430,160.6430,0.8450,359484080200,0.1230,0.4190
651.4290,160.8620,0.8310,359500894200,0.1230,0.4190
651.5140,161.0810,0.8120,359500967000,0.1230,0.4190
651.6000,161.3000,0.7870,359500969500,0.1230,0.4190
651.7290,161.3730,0.7570,359517014100,0.1230,0.4190
651.9430,161.7010,0.7050,359517077500,0.1230,0.4190
652.3290,161.7010,0.8330,359533244300,0.1230,0.4190
665.9570,154.3310,0.0670,360014447100,0.0710,0.4370
665.8710,154.0390,0.1470,360030388700,0.0710,0.4370
665.7430,153.6740,0.2650,360030420800,0.0710,0.4370
665.7430,153.3090,0.3720,360046530300,0.0710,0.4370
665.6570,152.8350,0.5410,360079781200,0.0710,0.4370
666.0430,153.6010,0.7300,360128393400,0.0710,0.4370
666.0430,153.8930,0.7430,360144570600,0.0710,0.4370
666.1290,154.1120,0.7550,360144611100,0.0710,0.4370
666.1710,154.4040,0.7660,360144612400,0.0710,0.4370
666.2570,154.9510,0.7770,360160780700,0.0710,0.4370
666.3430,155.3890,0.7860,360160814800,0.0710,0.4370
666.4290,155.9360,0.7960,360160815600,0.0710,0.4370
666.5570,156.3740,0.8040,360160816100,0.0710,0.4370
666.6430,156.8120,0.8120,360177777900,0.0710,0.4370
666.7710,157.3590,0.8190,360177808100,0.0710,0.4370
666.9430,157.7970,0.8260,360177825300,0.0710,0.4370
667.0290,158.3080,0.8320,360177826000,0.0710,0.4370
667.1570,158.7820,0.8380,360177826800,0.0710,0.4370
667.3290,159.2930,0.8440,360193859100,0.0710,0.4370
667.3710,159.6580,0.8500,360193910600,0.0710,0.4370
667.5430,160.0230,0.8550,360209933800,0.0710,0.4370
667.6290,160.4240,0.8600,360209982500,0.0710,0.4370
667.6720,160.6430,0.8650,360209984300,0.0710,0.4370
667.7570,160.9350,0.8690,360209985500,0.0710,0.4370
667.8430,161.1540,0.8730,360226888400,0.0710,0.4370
667.9290,161.3730,0.8770,360226940800,0.0710,0.4370
667.9710,161.6280,0.8810,360243928700,0.0710,0.4370
668.1430,161.9930,0.8870,360243976300,0.0710,0.4370
668.2290,162.1390,0.8900,360243977700,0.0710,0.4370
668.2710,162.4310,0.8940,360259917200,0.0710,0.4370
668.3570,162.5770,0.8910,360260067300,0.0710,0.4370
668.5290,162.8690,0.8680,360260104600,0.0710,0.4370
607.6290,181.6230,0.0690,361357147700,0.1750,0.4020
607.5430,181.1850,0.1780,361373318200,0.1750,0.4020
607.5430,180.8570,0.2460,361389443600,0.1750,0.4020
607.6720,180.5650,0.3070,361389546700,0.1750,0.4020
607.6720,180.2730,0.4120,361406027000,0.1750,0.4020
607.6720,179.9080,0.5300,361438261700,-0.1050,0.4030
608.1430,180.4190,0.6590,361503968400,0.0000,0.4010
608.2710,180.7840,0.6740,361504045400,0.0000,0.4010
608.4430,181.0030,0.6800,361504048700,0.0000,0.4010
608.4430,181.3310,0.6860,361520922300,0.0000,0.4010
608.5290,181.5500,0.6920,361521001200,0.0000,0.4010
608.5290,181.7690,0.6970,361521004900,0.0000,0.4010
608.5710,182.1340,0.7010,361521006900,0.0000,0.4010
608.6570,182.4260,0.7060,361537969900,0.0000,0.4010
608.7430,182.8270,0.7100,361538032500,0.0000,0.4010
608.9570,183.2650,0.7140,361555022300,0.0000,0.4010
609.1290,183.7030,0.7170,361555344000,0.0000,0.4010
609.3430,184.1770,0.7200,361555353000,0.0000,0.4010
609.4710,184.6880,0.7230,361555354900,0.0000,0.4010
609.7290,185.1260,0.7250,361555357400,0.0000,0.4010
609.9430,185.6000,0.7280,361571673300,0.0000,0.4010
610.1570,186.1110,0.7300,361571900900,0.0000,0.4010
610.4570,186.4760,0.7320,361571905900,0.0000,0.4010
610.6710,186.9500,0.7330,361571907900,0.0000,0.4010
610.9290,187.3150,0.7350,361588077000,0.0000,0.4010
611.0570,187.6800,0.7370,361588315500,0.0000,0.4010
611.2290,187.9720,0.7390,361603668600,0.0000,0.4010
611.5290,188.3730,0.7410,361603760400,0.0000,0.4010
611.5710,188.6650,0.7420,361603764000,0.0000,0.4010
611.8280,188.9570,0.7440,361603766700,0.0000,0.4010
611.8710,189.1760,0.7450,361603769700,0.0000,0.4010
612.0430,189.4680,0.7460,361620323500,0.0000,0.4010
612.1290,189.7230,0.7480,361620388100,0.0000,0.4010
612.2570,189.9420,0.7490,361637449600,0.0000,0.4010
612.3430,190.1610,0.7500,361637595900,0.0000,0.4010
612.4710,190.3070,0.7510,361637605600,0.0000,0.4010
612.7290,190.5260,0.7520,361637607200,0.0000,0.4010
612.7710,190.7450,0.7530,361653600600,0.0000,0.4010
612.9860,191.2190,0.7540,361653668900,0.0000,0.4010
613.1570,191.3650,0.7550,361670676700,0.0000,0.4010
613.2860,191.6570,0.7550,361670827600,0.0000,0.4010
613.4570,191.8760,0.7560,361670832300,0.0000,0.4010
613.5860,192.0950,0.7560,361670833900,0.0000,0.4010
613.6710,192.4960,0.7570,361686702600,0.0000,0.4010
613.7570,192.5690,0.7580,361702903700,0.0000,0.4010
613.8430,192.8610,0.7590,361703010300,0.0000,0.4010
613.9710,193.1530,0.7620,361703014100,0.0000,0.4010
614.0570,193.5180,0.7640,361719098600,0.0000,0.4010
614.1430,193.6640,0.7660,361719141800,0.0000,0.4010
614.0570,194.0650,0.7690,361719144300,0.0000,0.4010
613.8860,194.3570,0.7740,361735160600,0.0000,0.4010
613.6710,194.7220,0.7790,361751238600,0.0000,0.4010
613.5430,194.8680,0.7820,361751300600,0.0000,0.4010
613.2860,194.9410,0.7850,361751303000,0.0000,0.4010
612.7710,195.4150,0.7920,361767455900,0.0000,0.4010
612.4290,195.5610,0.7950,361767633400,0.0000,0.4010
612.0430,195.7800,0.7980,361783514400,0.0000,0.4010
611.4430,195.9990,0.8010,361783583300,0.0000,0.4010
610.8430,196.1450,0.8040,361783586900,0.0000,0.4010
610.3290,196.2910,0.8070,361783589100,0.0000,0.4010
609.7290,196.3640,0.8090,361799659100,0.0000,0.4010
609.0430,196.5090,0.8120,361799728400,0.0000,0.4010
608.4430,196.6190,0.8140,361799732400,0.0000,0.4010
607.6720,196.6920,0.8160,361815667100,0.0000,0.4010
607.0290,196.6920,0.8180,361815729100,0.0000,0.4010
606.3430,196.7650,0.8190,361815732300,0.0000,0.4010
605.5710,196.7650,0.8210,361815734400,0.0000,0.4010
604.8430,196.8380,0.8230,361832288400,0.0000,0.4010
604.1140,196.8380,0.8240,361832364400,0.0000,0.4010
603.3430,196.8380,0.8260,361832367000,0.0000,0.4010
602.6570,196.8380,0.8270,361848439700,0.0000,0.4010
602.0570,196.8380,0.8290,361848502100,0.0000,0.4010
601.3290,196.8380,0.8300,361848505400,0.0000,0.4010
600.7290,196.8380,0.8320,361848507400,0.0000,0.4010
600.1290,196.8380,0.8340,361864517900,0.0000,0.4010
599.6140,196.8380,0.8370,361864580800,0.0000,0.4010
599.1430,196.8380,0.8400,361881095800,0.0000,0.4010
598.6290,196.7650,0.8430,361881158600,0.0000,0.4010
598.1570,196.7650,0.8460,361881160900,0.0000,0.4010
597.7290,196.6920,0.8500,361881162800,0.0000,0.4010
597.2140,196.6190,0.8540,361881164200,0.0000,0.4010
596.7000,196.5090,0.8580,361897277800,0.0000,0.4010
596.2290,196.4360,0.8630,361897340200,0.0000,0.4010
595.7140,196.2910,0.8670,361913767500,0.0000,0.4010
595.2430,196.1450,0.8710,361913852100,0.0000,0.4010
594.8140,196.0720,0.8760,361913858300,0.0000,0.4010
594.3000,195.8530,0.8800,361913860400,0.0000,0.4010
593.9140,195.7070,0.8830,361929906100,0.0000,0.4010
593.4000,195.5610,0.8860,361929983600,0.0000,0.4010
593.0140,195.4150,0.8900,361929987000,0.0000,0.4010
592.5430,195.1590,0.8930,361929989200,0.0000,0.4010
592.2000,194.9410,0.8960,361945959800,0.0180,0.4030
591.7290,194.8680,0.8980,361946023900,0.0360,0.4020
591.3430,194.7220,0.9010,361946026400,0.0530,0.4020
591.0000,194.5030,0.9030,361962850200,0.0700,0.4020
590.7000,194.3570,0.9060,361962923900,0.0880,0.4030
590.3140,194.2110,0.9080,361962928400,0.1060,0.4030
589.9290,193.9920,0.9100,361962931000,0.1060,0.4030
589.5430,193.7360,0.9120,361978933100,0.1060,0.4030
589.2430,193.5910,0.9150,361978996000,0.1060,0.4030
589.0290,193.4450,0.9180,361978999400,0.1060,0.4030
588.6860,193.1530,0.9210,361995854700,0.1060,0.4030
588.3860,192.9340,0.9250,361995913200,0.1060,0.4030
588.0860,192.5690,0.9280,362011964900,0.1060,0.4030
587.7000,192.4230,0.9320,362012007800,0.1060,0.4030
587.3140,192.0220,0.9360,362012009400,0.1060,0.4030
586.8860,191.7300,0.9400,362012010500,0.1230,0.4020
586.5860,191.3650,0.9430,362012011600,0.1230,0.4020
586.2860,191.0730,0.9460,362028797100,0.1230,0.4020
585.9000,190.6720,0.9490,362028835500,0.1230,0.4020
585.6000,190.3070,0.9520,362028837500,0.1230,0.4020
585.3000,189.9420,0.9550,362044852800,0.1230,0.4020
585.0000,189.4680,0.9570,362044928700,0.1230,0.4020
584.7000,188.9570,0.9590,362044932600,0.1230,0.4020
584.4000,188.5920,0.9610,362044934700,0.1230,0.4020
584.1000,188.1180,0.9630,362061793100,0.1230,0.4020
583.8000,187.6800,0.9650,362061863400,0.1230,0.4020
583.5860,187.2420,0.9660,362077881400,0.1230,0.4020
583.3280,186.6950,0.9670,362077941800,0.1230,0.4020
583.0290,186.1840,0.9680,362077944200,0.1230,0.4020
582.8140,185.6730,0.9690,362077945800,0.1230,0.4020
582.6860,185.0530,0.9700,362077947800,0.1230,0.4020
582.4290,184.4690,0.9700,362093973900,0.1230,0.4020
582.3000,183.8490,0.9710,362094052300,0.1230,0.4020
582.1290,183.1920,0.9710,362094055900,0.1230,0.4020
582.0000,182.6080,0.9720,362110092800,0.1230,0.4020
581.9140,181.9150,0.9720,362110154600,0.1230,0.4190
581.8280,181.1850,0.9720,362110156900,0.1230,0.4190
581.7000,180.4920,0.9730,362110158900,0.1230,0.4190
581.5290,179.7260,0.9730,362126968200,0.1230,0.4190
581.4860,178.9960,0.9740,362127041700,0.1230,0.4190
581.3140,178.0110,0.9740,362127045300,0.1230,0.4190
581.1860,176.9890,0.9750,362127047300,0.1230,0.4190
581.0140,175.9310,0.9760,362127049200,0.1230,0.4190
580.8000,174.8730,0.9770,362143904900,0.1230,0.4190
580.6710,173.7420,0.9780,362143944300,0.1230,0.4190
580.4140,172.6110,0.9780,362160013100,0.1230,0.4190
580.2000,171.5890,0.9790,362160077100,0.1230,0.4190
579.9860,170.4580,0.9800,362160080400,0.1230,0.4190
579.7710,169.3270,0.9800,362160082400,0.1230,0.4190
579.5140,168.1960,0.9800,362176075300,0.1230,0.4190
579.3000,167.0650,0.9810,362176114300,0.1230,0.4190
579.0860,166.0430,0.9810,362192708400,0.1230,0.4190
578.7860,164.9120,0.9820,362192772000,0.1230,0.4190
578.5710,163.7810,0.9820,362192774300,0.1230,0.4190
578.3140,162.5770,0.9830,362192776200,0.1230,0.4190
578.0140,161.5550,0.9830,362192778700,0.1230,0.4190
577.8000,160.4970,0.9830,362208749300,0.1230,0.4190
577.5860,159.4390,0.9830,362208824400,0.1230,0.4190
577.3710,158.3810,0.9840,362225208100,0.1230,0.4190
577.1140,157.3590,0.9840,362225279500,0.1230,0.4190
576.9000,156.3740,0.9840,362225282000,0.1230,0.4190
576.6860,155.3160,0.9840,362225283500,0.1230,0.4190
576.5140,154.4770,0.9840,362241280100,0.1230,0.4190
576.3000,153.6010,0.9850,362241349700,0.1230,0.4190
576.1710,152.8350,0.9850,362241352600,0.1230,0.4190
575.9140,152.1050,0.9850,362257385200,0.1230,0.4190
575.7860,151.4850,0.9850,362257448200,0.1230,0.4190
575.6140,150.9010,0.9850,362257450600,0.1230,0.4190
575.4860,150.2080,0.9850,362257452000,0.1230,0.4190
575.4000,149.6970,0.9860,362273642200,0.1230,0.4190
575.2710,149.1130,0.9850,362273733300,0.1230,0.4190
575.1860,148.4930,0.9850,362290671900,0.1230,0.4190
575.1000,147.9090,0.9850,362290736600,0.1230,0.4190
574.9710,147.2890,0.9850,362290739300,0.1230,0.4190
574.8860,146.7050,0.9850,362290741000,0.1230,0.4190
574.8000,146.1220,0.9850,362290742300,0.1230,0.4190
574.6710,145.4280,0.9850,362307640800,0.1230,0.4190
574.5000,144.8450,0.9850,362307690200,0.1230,0.4190
574.4140,144.1510,0.9850,362307692500,0.1230,0.4190
574.3710,143.5680,0.9850,362307694400,0.1230,0.4190
574.2000,142.8740,0.9850,362307696100,0.1230,0.4190
574.0710,142.2180,0.9850,362323639700,0.1230,0.4190
573.9860,141.5970,0.9850,362323700400,0.1230,0.4190
573.9000,140.9410,0.9850,362339815500,0.1230,0.4190
573.7710,140.3200,0.9850,362339880000,0.1230,0.4190
573.6860,139.7360,0.9850,362339883200,0.1230,0.4190
573.6000,139.1530,0.9850,362339886400,0.1230,0.4190
573.5140,138.5320,0.9850,362355963600,0.1230,0.4370
573.4710,137.9490,0.9850,362356023700,0.1230,0.4370
573.3000,137.3280,0.9850,362372899800,0.1230,0.4370
573.2140,136.7450,0.9850,362372962900,0.1230,0.4550
573.1710,136.1240,0.9850,362372966500,0.1230,0.4550
573.0860,135.5410,0.9840,362372968700,0.1230,0.4550
573.0000,134.9570,0.9840,362372970700,0.1230,0.4550
572.9140,134.4090,0.9840,362388938400,0.1230,0.4550
572.8710,133.8260,0.9840,362389001300,0.1230,0.4550
572.7860,133.3510,0.9840,362405936200,0.1230,0.4550
572.7000,132.8410,0.9840,362406001100,0.1230,0.4550
572.6140,132.3300,0.9840,362406004800,0.1230,0.4550
572.5710,131.9280,0.9840,362406007200,0.1230,0.4550
572.5710,131.4180,0.9840,362422981400,0.1230,0.4550
572.4860,131.1260,0.9840,362423044700,0.1230,0.4550
572.4000,130.8340,0.9840,362423047600,0.1230,0.4550
572.3570,130.4320,0.9840,362423049200,0.1230,0.4550
572.2710,129.7760,0.9840,362439478500,0.1230,0.4550
572.2710,129.4840,0.9840,362439538800,0.1230,0.4550
572.1000,128.9360,0.9840,362455566700,0.1230,0.4550
572.1000,128.7180,0.9840,362455628600,0.1230,0.4550
572.0570,128.2070,0.9820,362471725600,0.1230,0.4550
572.0570,127.8050,0.9730,362471787400,0.1230,0.4550
572.0570,127.4410,0.9340,362487833800,0.1230,0.4550
572.1000,128.5720,0.8360,362520809400,0.1230,0.4550
572.0570,129.3380,0.7890,362521269300,0.1230,0.4550
571.9710,130.5050,0.6570,362521279200,0.1230,0.4550
571.8860,131.8550,0.5480,362521286900,0.1230,0.4550
571.6720,133.7530,0.4560,362521462800,0.1230,0.4370
583.8860,165.6420,0.0360,362898702000,0.1050,0.4550
583.9290,165.2040,0.1350,362914731500,0.1050,0.4550
584.0140,164.9850,0.1800,362914770000,0.1050,0.4550
584.1860,164.5470,0.2560,362914771100,0.1050,0.4550
584.2290,164.2920,0.2890,362930786200,0.1050,0.4550
584.3140,164.0730,0.3190,362930818400,0.1050,0.4550
584.5290,163.6350,0.3760,362947229800,0.1050,0.4550
584.7000,163.4160,0.4030,362947275600,0.1050,0.4550
584.8290,163.1240,0.4550,362947277600,0.1050,0.4550
585.0000,162.7960,0.5010,362963557900,0.1050,0.4550
585.1290,162.5770,0.5410,362963595600,0.1050,0.4550
585.5140,163.0510,0.6170,362995653300,0.1050,0.4550
585.6860,163.2700,0.6290,362995681800,0.1050,0.4550
585.7290,163.5620,0.6400,362995682600,0.1050,0.4550
586.0290,163.9270,0.6510,363011851300,0.1050,0.4550
586.2860,164.4010,0.6600,363011886300,0.1050,0.4550
586.5000,164.8390,0.6690,363027972500,0.1050,0.4550
586.7140,165.2770,0.6780,363028005500,0.1050,0.4550
587.0140,165.7150,0.6850,363028006400,0.1050,0.4550
587.1860,166.1160,0.6920,363028007000,0.1050,0.4550
587.3140,166.4080,0.6990,363045031300,0.1050,0.4550
587.4860,166.7000,0.7050,363045060900,0.1050,0.4550
587.6140,166.9190,0.7110,363061076400,0.1050,0.4550
587.7860,167.1740,0.7170,363061107000,0.1050,0.4550
587.9140,167.3930,0.7230,363061107900,0.1050,0.4550
588.0000,167.5390,0.7300,363061108700,0.1050,0.4550
588.1290,167.7580,0.7450,363077224600,0.1050,0.4550
587.7860,166.7000,0.7880,363110411700,0.1050,0.4550
587.6140,166.4080,0.7880,363110471100,0.1050,0.4550
587.4000,165.8970,0.7730,363126521700,0.1050,0.4550
587.4000,165.5690,0.7560,363142576800,0.1050,0.4550
587.2290,165.2770,0.7320,363142633200,0.1050,0.4550
587.1860,164.9120,0.7150,363142635000,0.1050,0.4550
587.2290,164.2190,0.5680,363142637200,0.1050,0.4550
587.3140,163.9270,0.4730,363159489000,0.1050,0.4550
587.4000,163.6350,0.3940,363159540900,0.1050,0.4550
547.1570,175.0190,0.0190,363907395400,0.0000,0.0000
546.9430,174.5810,0.0540,363923277900,0.0000,0.0350
546.8570,174.2160,0.0960,363923311100,0.0000,0.0700
546.5570,173.8150,0.1400,363923312100,0.0000,0.1050
546.5140,173.5230,0.1830,363923312800,0.0000,0.1400
546.4290,173.2310,0.2260,363939499800,0.0000,0.1750
546.2570,172.8660,0.3040,363956475100,0.0000,0.2270
546.1290,172.4650,0.3720,363956503200,0.0000,0.2620
546.2140,173.5960,0.6040,364005070200,0.0000,0.3840
546.2570,174.2160,0.6210,364005096400,0.0000,0.3840
546.3430,174.8730,0.6370,364005097300,0.0000,0.3840
546.5140,175.4570,0.6520,364005097900,0.0000,0.3840
546.5140,176.1500,0.6660,364021232400,0.0000,0.3840
546.5140,176.8800,0.6790,364021266900,0.0000,0.3840
546.5570,177.6460,0.6920,364037517200,0.0000,0.3840
546.5570,178.4120,0.7040,364037710800,0.0000,0.3840
546.7290,179.5070,0.7150,364037734300,0.0000,0.3840
546.7290,180.4190,0.7260,364037735300,0.0000,0.3840
546.7290,181.1850,0.7360,364053774600,0.0000,0.3840
546.7290,181.9150,0.7450,364053900200,0.0000,0.3840
546.8140,182.6810,0.7530,364069639200,0.0000,0.3840
546.8570,183.3380,0.7610,364069736300,0.0000,0.3840
546.9430,184.0310,0.7690,364069743000,0.0000,0.3840
546.8570,184.6880,0.7760,364069744100,0.0000,0.3840
546.9430,185.2720,0.7820,364069745100,0.0000,0.3840
546.8570,185.8190,0.7890,364085717300,0.0000,0.3840
546.8140,186.3300,0.7950,364085760000,0.0000,0.3840
546.8140,186.8770,0.8010,364101842400,0.0000,0.3840
546.5570,187.3150,0.8080,364101877300,0.0000,0.3840
546.2570,187.7530,0.8140,364101878300,0.0000,0.3840
545.9140,188.3000,0.8190,364101879700,0.0000,0.3840
545.2290,188.8110,0.8250,364118753200,0.0000,0.3840
544.3280,189.2490,0.8300,364118779300,0.0000,0.3840
543.4290,189.6500,0.8340,364118781000,0.0000,0.3840
542.6570,190.0150,0.8390,364134879200,0.0000,0.3840
541.5430,190.3070,0.8420,364134898400,0.0000,0.3840
540.5570,190.5260,0.8460,364134899600,0.0000,0.3840
539.7430,190.6720,0.8490,364134900500,0.0000,0.3840
539.0140,190.7450,0.8520,364151006200,0.0000,0.3840
538.5000,190.8180,0.8540,364151036500,0.0000,0.3840
537.7290,190.7450,0.8570,364151037500,0.0000,0.3840
537.1290,190.6720,0.8590,364151038700,0.0000,0.3840
536.5290,190.5990,0.8610,364167969600,0.0000,0.3840
535.9290,190.3800,0.8630,364167989000,0.0000,0.3840
535.5430,190.0880,0.8640,364167990100,0.0000,0.3840
534.9430,189.7960,0.8660,364184454200,0.0000,0.3840
534.3000,189.3220,0.8670,364184510200,0.0000,0.3840
533.5290,188.7380,0.8680,364184513300,0.0000,0.3840
532.9290,188.1180,0.8690,364184515500,0.0000,0.3840
532.2860,187.3880,0.8700,364200521500,0.0000,0.3840
531.6000,186.5490,0.8710,364200564800,0.0000,0.3840
530.4860,185.6000,0.8720,364216570000,0.0000,0.3840
529.6290,184.5420,0.8730,364216628100,0.0000,0.3840
528.5140,183.3380,0.8730,364216631700,0.0000,0.3840
527.4000,182.1340,0.8730,364216633500,0.0000,0.4010
526.6290,181.0030,0.8740,364216635300,0.0000,0.4010
525.9860,180.1270,0.8730,364232605400,0.0000,0.4190
525.3000,179.2880,0.8730,364232664100,0.0000,0.4190
524.7000,178.5580,0.8720,364248683700,0.0000,0.4190
524.1860,177.7190,0.8710,364248742000,0.0000,0.4190
523.7140,176.9890,0.8700,364248744600,0.0000,0.4190
523.2000,176.2960,0.8690,364248746000,0.0000,0.4190
522.9000,175.7120,0.8680,364265687900,0.0000,0.4190
522.6000,175.1650,0.8670,364265772400,0.0000,0.4190
522.3000,174.7270,0.8660,364265777500,0.0000,0.4190
522.1710,174.3620,0.8650,364265779800,0.0000,0.4190
521.9140,173.8880,0.8640,364282314200,0.0000,0.4190
521.7860,173.5960,0.8640,364282372500,0.0000,0.4190
521.6140,173.3040,0.8630,364282375500,0.0180,0.4200
521.5710,173.0850,0.8620,364299211200,0.0350,0.4190
521.4000,172.6840,0.8610,364299267200,0.0710,0.4190
521.1860,172.5380,0.8610,364315714300,0.0880,0.4200
520.7140,172.9390,0.8640,364331734500,0.1050,0.4190
520.5860,173.2310,0.8650,364331797100,0.1050,0.4190
520.4140,173.6690,0.8660,364347797000,0.1050,0.4190
520.3710,174.2160,0.8680,364347855400,0.1050,0.4190
520.2000,174.8000,0.8690,364363944800,0.1050,0.4190
520.0710,175.3840,0.8700,364364006700,0.1050,0.4190
519.9000,176.0040,0.8710,364364009800,0.1050,0.4190
519.9000,176.5880,0.8720,364364012000,0.1050,0.4190
519.8140,177.2810,0.8730,364380159900,0.1050,0.4190
519.6000,178.0110,0.8740,364380219100,0.1050,0.4190
519.6000,178.7040,0.8750,364380224400,0.1050,0.4190
519.5140,179.3610,0.8750,364380226100,0.1050,0.4190
519.5140,180.0540,0.8760,364380227400,0.1050,0.4190
519.3000,181.0030,0.8770,364396674400,0.1050,0.4190
519.3000,181.7690,0.8770,364396734900,0.1050,0.4190
519.1720,182.4990,0.8780,364413558500,0.1050,0.4190
519.0860,183.1920,0.8790,364413601100,0.1050,0.4190
519.0000,183.7760,0.8790,364413603700,0.1050,0.4190
518.7860,184.4690,0.8800,364413605300,0.1050,0.4190
518.7000,185.0530,0.8800,364413606800,0.1050,0.4190
518.4860,185.6000,0.8810,364429724800,0.1050,0.4190
518.4000,186.1840,0.8820,364429791000,0.1050,0.4190
518.3140,186.6950,0.8820,364445964100,0.1050,0.4190
518.1860,187.1690,0.8830,364446032700,0.1050,0.4190
518.1000,187.6070,0.8830,364446035100,0.1050,0.4190
517.9710,188.0450,0.8830,364446036600,0.1050,0.4190
517.8860,188.4460,0.8840,364462290000,0.1050,0.4190
517.7140,188.8110,0.8840,364462349400,0.1050,0.4190
517.6720,189.1030,0.8840,364462351800,0.1050,0.4190
517.5860,189.5400,0.8850,364478332400,0.1050,0.4190
517.5860,189.7960,0.8850,364478402300,0.1050,0.4190
517.5000,190.0880,0.8860,364478405900,0.1050,0.4190
517.3710,190.4530,0.8860,364494616500,0.1050,0.4190
517.2000,190.6720,0.8870,364510671900,0.1050,0.4190
517.0710,191.1460,0.8890,364510734000,0.1050,0.4190
516.9000,191.3650,0.8900,364510735900,0.1050,0.4190
516.5140,191.6570,0.8900,364527599200,0.1230,0.4190
516.2140,191.8760,0.8920,364527639900,0.1230,0.4190
515.9570,192.0950,0.8920,364527642900,0.1230,0.4190
515.7000,192.4230,0.8930,364527645300,0.1230,0.4190
515.3570,192.5690,0.8940,364544569300,0.1230,0.4190
514.9710,192.8610,0.8950,364544632000,0.1230,0.4190
514.5860,193.0800,0.8960,364544635400,0.1230,0.4190
514.2860,193.2260,0.8960,364560919500,0.1230,0.4190
513.9860,193.4450,0.8970,364560976400,0.1230,0.4190
513.6860,193.5910,0.8980,364560978800,0.1230,0.4190
513.4710,193.6640,0.8980,364560980400,0.1230,0.4190
513.0860,193.9920,0.8990,364577740900,0.1230,0.4190
512.7000,194.1380,0.8990,364577805500,0.1230,0.4190
512.1860,194.3570,0.9000,364577809200,0.1230,0.4190
511.5000,194.5760,0.9000,364594112600,0.1230,0.4190
510.6000,194.7950,0.9010,364594155100,0.1230,0.4190
509.5710,195.0860,0.9010,364594157300,0.1230,0.4190
508.4570,195.3420,0.9020,364594159000,0.1230,0.4190
506.6570,195.7070,0.9020,364611122000,0.1410,0.4200
505.1570,195.9990,0.9030,364611180800,0.1570,0.4190
503.8710,196.1450,0.9030,364611184400,0.1570,0.4190
502.6720,196.4360,0.9040,364611186600,0.1570,0.4190
501.5570,196.5090,0.9040,364627394800,0.1570,0.4190
500.4430,196.6920,0.9050,364627450600,0.1570,0.4190
499.4570,196.8380,0.9050,364644276000,0.1570,0.4190
498.5570,196.9110,0.9060,364644350400,0.1570,0.4190
497.8290,196.9840,0.9060,364644354000,0.1570,0.4190
497.1430,197.0570,0.9060,364644356400,0.1570,0.4190
496.5430,197.0570,0.9070,364644358600,0.1570,0.4190
495.9430,197.1300,0.9070,364660435600,0.1570,0.4190
495.3430,197.1300,0.9070,364660486300,0.1570,0.4190
494.6570,197.1300,0.9080,364677422100,0.1570,0.4190
494.1430,197.1300,0.9080,364677480600,0.1570,0.4190
493.4570,197.1300,0.9080,364677483800,0.1570,0.4190
492.8570,197.1300,0.9090,364677486000,0.1570,0.4190
492.1290,197.0570,0.9090,364693477600,0.1570,0.4190
491.5290,196.9840,0.9090,364693541700,0.1570,0.4190
490.4140,196.9110,0.9090,364693544200,0.1570,0.4190
489.4290,196.8380,0.9090,364693545900,0.1570,0.4190
488.3570,196.6920,0.9090,364693547800,0.1750,0.4190
487.3290,196.5090,0.9100,364709685300,0.1750,0.4190
486.3430,196.2910,0.9100,364709734800,0.1750,0.4190
485.3570,196.1450,0.9100,364726058000,0.1750,0.4190
484.4570,195.8530,0.9100,364726102100,0.1750,0.4190
483.6000,195.6340,0.9100,364726104200,0.1750,0.4190
482.9140,195.3420,0.9100,364726105600,0.1750,0.4190
482.0140,194.9410,0.9110,364742311800,0.1750,0.4190
481.2430,194.7220,0.9110,364742383300,0.1750,0.4190
480.7290,194.3570,0.9110,364758456100,0.1750,0.4190
480.3000,193.9920,0.9110,364758526400,0.1750,0.4190
479.7000,193.3720,0.9100,364758530100,0.1750,0.4190
479.1430,192.5690,0.9090,364758532600,0.1750,0.4190
478.7140,191.7300,0.9080,364758534400,0.1750,0.4190
478.4140,190.7450,0.9060,364774707800,0.1750,0.4190
478.1140,189.7230,0.9040,364774768000,0.1750,0.4190
477.9000,188.6650,0.9020,364774770600,0.1750,0.4190
477.6430,187.6800,0.9010,364774772400,0.1750,0.4190
477.5140,186.8040,0.9000,364790739700,0.1750,0.4190
477.3430,185.9650,0.8980,364790805100,0.1750,0.4190
477.2140,185.1990,0.8980,364806986900,0.1750,0.4190
477.0430,184.6150,0.8970,364807047000,0.1750,0.4190
476.9140,184.0310,0.8970,364807049200,0.1750,0.4190
476.7430,183.4110,0.8960,364807050600,0.1750,0.4190
476.6140,182.8270,0.8960,364807052000,0.1750,0.4190
476.4000,182.2800,0.8960,364823938600,0.1750,0.4190
476.1430,181.7690,0.8960,364824010600,0.1750,0.4190
475.9290,181.3310,0.8950,364840064900,0.1750,0.4190
475.6290,180.7840,0.8950,364840113400,0.1930,0.4200
475.2860,180.3460,0.8940,364840115600,0.1930,0.4200
474.9000,179.9810,0.8930,364840117100,0.1930,0.4200
474.0860,179.5070,0.8920,364857016000,0.1930,0.4200
473.2290,179.1420,0.8900,364857066600,-0.1750,0.4190
472.3290,178.8500,0.8890,364857070100,-0.1400,0.4200
471.3860,178.7040,0.8880,364857072200,-0.1220,0.4190
470.2290,178.6310,0.8870,364857074100,-0.1040,0.4190
469.1140,178.6310,0.8850,364873114100,-0.0880,0.4210
468.0860,178.6310,0.8840,364873179000,-0.0880,0.4210
467.3140,178.7770,0.8830,364890050200,-0.0880,0.4210
466.3710,178.9960,0.8820,364890110100,-0.0880,0.4210
465.4710,179.3610,0.8810,364890112900,-0.0880,0.4210
464.4860,179.7260,0.8800,364890114900,-0.0880,0.4210
463.6710,180.2000,0.8780,364906571000,-0.0880,0.4210
462.9000,180.7840,0.8770,364906635100,-0.0880,0.4210
462.2140,181.4770,0.8770,364923602700,-0.0700,0.4200
461.6140,182.1340,0.8760,364923660600,-0.0700,0.4200
461.1000,182.9730,0.8750,364923662700,-0.0700,0.4200
460.7140,183.7760,0.8740,364923664100,-0.0700,0.4200
460.7140,184.5420,0.8740,364939886700,-0.0700,0.4200
460.7140,185.1990,0.8720,364939943200,-0.0700,0.4200
460.7140,185.8190,0.8710,364939945600,-0.0700,0.4200
460.8860,186.4760,0.8700,364939947400,-0.0700,0.4200
461.4000,187.1690,0.8680,364939951500,-0.0700,0.4200
461.7860,187.7530,0.8660,364955934200,-0.0520,0.4200
462.4710,188.3730,0.8640,364955997200,-0.0340,0.4200
463.2000,188.8110,0.8620,364972923600,-0.0340,0.4200
464.1860,189.1030,0.8600,364972970600,0.0000,0.4190
465.1720,189.2490,0.8560,364972972900,0.0000,0.4190
466.2860,189.3950,0.8510,364972974500,0.0000,0.4190
467.5710,189.3950,0.8440,364972975800,0.0000,0.4190
468.8140,189.2490,0.8340,364989058400,0.0000,0.4190
470.1860,189.1030,0.8180,364989126400,0.0000,0.4190
472.0290,188.8840,0.7960,365005130100,0.0000,0.4190
473.5290,188.5920,0.7810,365005200600,0.0000,0.4190
474.6860,188.3730,0.7520,365005204000,0.0000,0.4190
475.5860,188.1180,0.7050,365005205800,0.0000,0.4190
476.3140,187.9720,0.5880,365022114800,0.0000,0.4190
477.0000,187.7530,0.4900,365022249100,0.0000,0.4190
477.6000,187.6800,0.4080,365022297200,0.0000,0.4190
526.7140,159.1470,0.0050,365533464000,0.0700,0.0000
526.2860,158.9280,0.0770,365550190900,0.0700,0.0000
526.1140,158.7820,0.1250,365550226000,0.0700,0.0000
525.7290,158.6000,0.2210,365550227500,0.0700,0.0000
525.5140,158.4540,0.3090,365566390900,0.0700,0.0000
525.3000,158.3080,0.3860,365582484400,0.0700,0.0000
525.1290,158.0160,0.4830,365598891200,0.0700,0.0000
525.8140,157.6510,0.5570,365598926500,0.0700,0.0000
526.3290,157.4320,0.5780,365598927400,0.0700,0.0000
527.2290,157.0310,0.5970,365615820900,0.0700,0.0000
528.3000,156.8120,0.6140,365615855800,0.0870,0.0000
529.2000,156.5200,0.6300,365632080100,0.1050,0.0000
530.2290,156.2280,0.6450,365632096700,0.1220,0.0000
531.3000,156.0090,0.6580,365632097600,0.1220,0.0000
532.2860,155.7540,0.6700,365632098200,-0.1220,0.0000
533.2290,155.5350,0.6800,365632098800,-0.1050,0.0000
534.0430,155.3890,0.6910,365648298100,-0.0870,0.0000
534.7290,155.2430,0.7000,365648335200,-0.0700,0.0000
535.2430,155.0970,0.7090,365664443800,-0.0540,0.0360
535.6290,155.0240,0.7170,365664473300,-0.0350,0.0700
536.1000,154.8780,0.7250,365664474200,-0.0350,0.1060
536.4000,154.8050,0.7320,365664474900,0.0000,0.1400
536.6140,154.7320,0.7380,365680542900,0.0000,0.1750
536.8280,154.6590,0.7440,365680574800,0.0000,0.2090
537.1290,154.5860,0.7500,365696674900,0.0000,0.2440
537.6000,154.4770,0.7420,365696706000,0.0000,0.2790
537.9430,154.4770,0.7110,365712765300,0.0000,0.3140
538.2000,154.6590,0.6300,365728801900,0.0000,0.3320
488.0140,206.9450,0.0310,366035547500,0.0000,0.3320
488.3140,206.7260,0.0780,366035573400,0.0000,0.3320
488.6140,206.4340,0.1300,366051633000,0.0000,0.3320
488.9140,206.1050,0.1830,366051666300,0.0000,0.3320
489.2140,205.7410,0.2370,366051667500,0.0000,0.3320
489.5140,205.5950,0.2880,366051668000,0.0000,0.3320
489.6430,205.3760,0.3370,366067897700,0.0000,0.3320
489.8570,205.2300,0.3830,366067935100,0.0000,0.3320
490.1570,204.9740,0.4650,366084055400,0.0000,0.3320
490.4570,205.3030,0.6300,366100102200,0.0000,0.3320
490.4570,205.6680,0.6790,366100131200,0.0000,0.3320
490.4570,206.1780,0.7190,366116533200,0.0000,0.3320
490.4570,206.5070,0.7360,366132696400,0.0000,0.3320
490.5430,206.7990,0.7510,366132725300,0.0000,0.3320
490.5430,207.0910,0.7630,366132726100,0.0000,0.3320
490.7570,207.6010,0.7700,366132728300,0.0000,0.3320
491.0140,208.0760,0.7700,366132729000,0.0000,0.3320
491.3140,208.5130,0.7470,366149604800,0.0000,0.3320
491.6570,208.5860,0.7250,366149626600,0.0000,0.3140
435.6430,144.0050,0.0360,367016831700,0.1230,0.3840
435.6430,143.6410,0.0720,367016849300,0.1230,0.3840
435.6430,143.3490,0.1120,367016850800,0.1230,0.3840
435.6430,142.9470,0.1530,367032849700,0.1230,0.3840
435.6430,142.3640,0.2340,367032894500,0.1230,0.3840
435.6430,142.0720,0.2730,367049777600,0.1230,0.3840
435.6430,141.5240,0.3440,367049813500,0.1230,0.3840
435.6430,141.0130,0.4060,367065841900,0.1230,0.3840
435.6430,140.7220,0.4590,367082819900,0.1230,0.3840
435.7290,140.3200,0.5030,367082857900,0.1230,0.3840
435.7290,140.0280,0.5390,367082859500,0.1230,0.3840
436.3290,140.7220,0.6320,367132514200,0.1230,0.3840
436.4570,141.2320,0.6440,367132560400,0.1230,0.3840
436.6720,141.8160,0.6550,367132562000,0.1230,0.3840
436.9290,142.6550,0.6660,367132562900,0.1230,0.3840
437.2710,143.5680,0.6770,367148515700,0.1230,0.3840
437.5710,144.5160,0.6880,367148549200,0.1230,0.3840
437.8290,145.5740,0.6980,367148550500,0.1230,0.3840
438.1290,146.6320,0.7080,367165502400,0.1230,0.3840
438.4290,147.7640,0.7170,367165539200,0.1230,0.4020
438.6430,148.9680,0.7260,367165540400,0.1230,0.4190
438.7710,150.0620,0.7350,367165541200,0.1230,0.4190
438.9430,151.2660,0.7430,367181619500,0.1230,0.4190
439.0710,152.4700,0.7510,367181659300,0.1230,0.4190
439.3280,153.6740,0.7580,367198522900,0.1230,0.4190
439.3280,154.8780,0.7650,367198541700,0.1230,0.4190
439.3710,156.0820,0.7710,367198542800,0.1230,0.4190
439.6290,157.2500,0.7770,367198543700,0.1230,0.4190
439.6290,158.5270,0.7820,367198544200,0.1230,0.4190
439.6710,159.8040,0.7870,367214613300,0.1230,0.4190
439.8430,161.0810,0.7910,367214632100,0.1230,0.4190
439.9290,162.2850,0.7950,367214633000,0.1230,0.4190
440.0570,163.5620,0.7980,367231618300,0.1230,0.4190
440.1430,164.7660,0.8020,367231637700,0.1230,0.4190
440.2710,165.9700,0.8050,367231638600,0.1230,0.4190
440.5290,167.1740,0.8070,367231639200,0.1230,0.4190
440.8280,168.2690,0.8100,367247645500,0.1230,0.4190
441.1710,169.4730,0.8130,367247674100,0.1230,0.4190
441.4710,170.6040,0.8160,367263670300,0.1230,0.4190
441.7290,171.6620,0.8180,367263699100,0.1230,0.4190
442.0290,172.6840,0.8200,367263700400,0.1230,0.4190
442.2430,173.7420,0.8220,367263701300,0.1230,0.4190
442.5430,174.8000,0.8240,367263702000,0.1230,0.4190
442.7570,175.7120,0.8270,367279868100,0.1230,0.4190
442.9290,176.5150,0.8290,367279889100,0.1230,0.4190
443.0570,177.2080,0.8310,367279890000,0.1230,0.4190
443.0570,177.8650,0.8340,367279890600,0.1230,0.4190
443.2290,178.4850,0.8360,367295825500,0.1230,0.4190
443.3570,179.0690,0.8380,367295852100,0.1230,0.4190
443.3570,179.6530,0.8400,367312005200,0.1230,0.4190
443.4430,180.2730,0.8420,367312024000,0.1230,0.4190
443.4430,180.8570,0.8430,367312024800,0.1230,0.4190
443.4430,181.3310,0.8450,367312025400,0.1230,0.4190
443.4860,181.9150,0.8470,367312026000,0.1230,0.4190
443.4430,182.3530,0.8480,367328133300,0.1230,0.4190
443.4430,182.8270,0.8490,367328163200,0.1230,0.4190
443.4860,183.2650,0.8500,367344123300,0.1230,0.4190
443.4430,183.6300,0.8510,367344164900,0.1230,0.4190
443.4430,184.0310,0.8520,367344167200,0.1230,0.4190
443.4430,184.6150,0.8530,367344168300,0.1230,0.4190
443.3570,185.0530,0.8540,367360163200,0.1230,0.4190
443.3570,185.5270,0.8540,367360179900,0.1230,0.4190
443.3570,186.0380,0.8550,367360180800,0.1230,0.4190
443.2710,186.5490,0.8550,367376223900,0.1230,0.4190
443.2710,187.0960,0.8560,367376252400,0.1230,0.4190
443.2710,187.5340,0.8570,367376253300,0.1230,0.4190
443.2290,187.8990,0.8570,367376253900,0.1230,0.4190
443.2290,188.3000,0.8570,367392322600,0.1230,0.4190
443.2290,188.5920,0.8580,367392358600,0.1230,0.4190
443.2290,188.9570,0.8580,367409274800,0.1230,0.4190
443.1430,189.2490,0.8590,367409305900,0.1230,0.4190
443.1430,189.6500,0.8590,367409307100,0.1230,0.4190
443.0570,190.3070,0.8600,367425443200,0.1230,0.4190
443.0570,190.5990,0.8600,367425465800,0.1230,0.4190
442.9290,191.0000,0.8610,367425466900,0.1230,0.4190
442.9290,191.2920,0.8610,367425467500,0.1230,0.4190
442.9290,191.5840,0.8610,367425468100,0.1230,0.4190
442.8430,191.8760,0.8620,367441599700,0.1230,0.4190
442.7570,192.1680,0.8630,367441636000,0.1230,0.4190
442.6720,192.7150,0.8640,367457777100,0.1230,0.4190
442.6290,193.0070,0.8650,367457824000,0.1230,0.4190
442.4570,193.4450,0.8670,367474004000,0.1230,0.4190
442.3710,193.7360,0.8690,367474038000,0.1230,0.4190
442.2430,193.9920,0.8700,367474039100,0.1230,0.4190
442.1570,194.2840,0.8710,367490042700,0.1230,0.4190
442.0290,194.5030,0.8730,367490076500,0.1230,0.4190
441.7710,194.7220,0.8750,367490077800,0.1230,0.4190
441.5570,195.0860,0.8770,367490078700,0.1230,0.4190
441.2570,195.4150,0.8790,367506203900,0.1230,0.4190
440.8280,195.7070,0.8820,367506233700,0.1230,0.4190
440.3570,195.9260,0.8840,367522368000,0.1230,0.4190
439.8430,196.1450,0.8860,367522406800,0.1230,0.4190
439.2430,196.5090,0.8880,367522407800,0.1230,0.4190
438.6430,196.7650,0.8900,367522408500,0.1230,0.4190
438.1290,196.9840,0.8920,367522409100,0.1230,0.4190
437.2710,197.3490,0.8940,367538434600,0.1230,0.4190
436.6290,197.5680,0.8950,367538468900,0.1230,0.4190
435.9430,197.7860,0.8970,367554605600,0.1230,0.4190
435.4290,197.9320,0.8980,367554639600,0.1230,0.4190
434.8290,198.1150,0.9000,367554640600,0.1230,0.4190
434.2290,198.2610,0.9010,367554641100,0.1410,0.4200
433.7140,198.4070,0.9020,367571780600,0.1570,0.4190
433.1140,198.5530,0.9040,367572036500,0.1570,0.4190
432.5140,198.6990,0.9050,367572089800,0.1570,0.4190
431.9140,198.7720,0.9060,367572094700,0.1570,0.4190
431.2290,198.9180,0.9080,367572101800,0.1570,0.4190
430.5430,198.9910,0.9090,367588608200,0.1570,0.4190
429.8140,199.1360,0.9110,367588676400,0.1570,0.4190
429.2140,199.2090,0.9120,367605610500,0.1570,0.4190
428.4430,199.3550,0.9140,367605660400,0.1570,0.4190
427.7140,199.4650,0.9160,367605663000,0.1570,0.4190
426.9430,199.5380,0.9180,367605664700,0.1570,0.4190
426.3000,199.6840,0.9210,367605666400,0.1570,0.4190
425.5290,199.7570,0.9230,367622610900,0.1570,0.4190
424.8000,199.7570,0.9250,367638791300,0.1570,0.4190
424.0290,199.7570,0.9280,367638834700,0.1750,0.4190
423.3430,199.9030,0.9300,367638837300,0.1750,0.4190
422.6140,199.9760,0.9330,367638838900,0.1750,0.4190
422.0140,199.9760,0.9350,367638840400,0.1750,0.4190
421.3290,200.0490,0.9380,367655769500,0.1750,0.4190
420.6430,200.0490,0.9400,367655849700,0.1750,0.4190
420.0000,200.1220,0.9420,367655853500,0.1750,0.4190
419.3140,200.1220,0.9450,367672879400,0.1750,0.4190
418.6290,200.1950,0.9470,367672945900,0.1750,0.4190
417.9860,200.1950,0.9490,367672948500,0.1750,0.4190
417.3000,200.1950,0.9510,367672950300,0.1750,0.4190
416.5290,200.2680,0.9530,367688935800,0.1750,0.4190
415.8860,200.2680,0.9550,367689026500,0.1750,0.4190
415.1140,200.3410,0.9570,367689030700,0.1750,0.4190
414.4290,200.4140,0.9580,367689032900,0.1750,0.4190
413.7860,200.4140,0.9590,367706018400,0.1750,0.4190
412.9290,200.4870,0.9600,367706084800,0.1750,0.4190
412.3290,200.5590,0.9620,367722336400,0.1750,0.4190
411.7290,200.6320,0.9630,367722412200,0.1750,0.4190
411.0860,200.6320,0.9630,367722418900,0.1750,0.4190
410.4860,200.7050,0.9640,367722421300,0.1750,0.4190
409.8860,200.7050,0.9650,367722423600,0.1750,0.4190
409.3710,200.7050,0.9660,367738605100,0.1750,0.4190
408.7710,200.7780,0.9670,367738678500,0.1750,0.4190
408.2140,200.7780,0.9680,367738682600,0.1750,0.4190
407.8710,200.7780,0.9700,367754911700,0.1750,0.4190
407.4000,200.7050,0.9710,367754973600,0.1750,0.4190
406.9710,200.7050,0.9730,367754976100,0.1750,0.4190
406.4140,200.7050,0.9740,367771096200,0.1750,0.4190
405.7710,200.6320,0.9770,367771177100,0.1750,0.4190
405.2140,200.6320,0.9790,367771180800,0.1750,0.4190
404.5710,200.4870,0.9800,367771183300,0.1930,0.4200
403.9710,200.4140,0.9810,367771185500,0.1930,0.4200
403.3710,200.3410,0.9820,367787114900,0.1930,0.4200
402.7710,200.2680,0.9830,367787178100,0.1930,0.4200
402.1710,200.1950,0.9840,367804078500,0.1930,0.4200
401.6570,200.0490,0.9840,367804125700,0.1930,0.4200
401.0570,199.9760,0.9850,367804130300,0.1930,0.4200
400.5000,199.9030,0.9850,367804135200,0.1930,0.4200
400.1570,199.7570,0.9860,367804138400,0.1930,0.4200
399.6000,199.6840,0.9860,367820261900,0.1930,0.4200
399.1720,199.6110,0.9870,367820332300,0.1930,0.4200
398.7860,199.5380,0.9870,367836867200,0.1930,0.4200
398.2710,199.4650,0.9870,367837020600,0.1930,0.4200
397.8860,199.2820,0.9880,367837025700,0.1930,0.4200
397.3710,199.1360,0.9880,367837028200,0.1930,0.4200
397.0710,198.9910,0.9890,367853132400,0.1930,0.4200
396.6860,198.8450,0.9890,367853238400,0.1930,0.4200
396.3860,198.5530,0.9890,367870143800,0.1930,0.4200
396.0000,198.3340,0.9890,367870198400,0.1930,0.4200
395.6570,198.0420,0.9890,367870200900,0.1930,0.4200
395.2710,197.6410,0.9890,367870202500,0.1930,0.4200
394.8860,197.2030,0.9890,367870204300,0.1930,0.4200
394.5430,196.6920,0.9890,367886160800,0.1930,0.4200
394.0710,196.0720,0.9880,367886237700,0.1930,0.4200
393.6860,195.4150,0.9880,367902279400,0.1930,0.4200
393.2570,194.7220,0.9880,367902402800,0.1930,0.4200
392.9570,194.0650,0.9880,367902411000,0.1930,0.4200
392.7430,193.5180,0.9880,367902413900,0.1930,0.4200
392.4430,192.9340,0.9870,367919231400,0.1930,0.4200
392.1430,192.4230,0.9870,367919274900,0.1930,0.4200
391.8860,191.8760,0.9840,367919278700,0.1930,0.4200
391.6720,191.3650,0.9790,367919281100,0.1930,0.4200
391.3710,190.8180,0.9690,367919283400,0.1930,0.4200
391.2430,190.3070,0.9540,367935821400,0.1930,0.4200
391.0710,189.8690,0.9300,367935885300,0.1930,0.4200
390.8570,189.3950,0.9120,367952782100,0.1930,0.4200
390.7710,188.9570,0.8780,367953050800,0.1930,0.4200
390.6860,188.6650,0.8270,367953057500,0.1930,0.4200
390.7710,188.3000,0.6890,367953060900,0.1930,0.4200
390.8570,187.9720,0.5740,367953064500,0.1750,0.4190
391.1570,187.5340,0.4780,367968919700,0.1570,0.4190
402.9860,186.4030,0.0910,368265993300,-0.1740,0.4020
402.7710,186.2570,0.2150,368282833100,-0.0870,0.4030
402.5570,186.1110,0.3530,368299752900,-0.0350,0.4020
403.6710,185.8190,0.4790,368332114100,0.0000,0.4010
404.4000,185.6730,0.5000,368332148000,0.0000,0.4010
405.5140,185.5270,0.5180,368332148900,0.0000,0.4010
406.8000,185.2720,0.5360,368332149800,0.0000,0.4010
408.7710,184.9800,0.5530,368332150400,0.0000,0.4010
410.5710,184.6880,0.5680,368348286800,0.0000,0.4010
412.2000,184.3960,0.5830,368348348000,0.0000,0.4010
413.5290,184.1040,0.5970,368348351700,0.0000,0.4010
414.6860,183.8490,0.6110,368348354100,0.0000,0.4010
415.7140,183.6300,0.6240,368364220900,0.0000,0.4010
416.5290,183.4110,0.6370,368364268000,0.0000,0.4010
417.3860,183.1920,0.6500,368381181600,0.0000,0.4010
417.9860,182.9730,0.6630,368381252600,0.0000,0.4010
418.4140,182.7540,0.6760,368381256400,0.0000,0.4010
418.8000,182.4990,0.6880,368381258800,0.0000,0.4010
418.9290,182.2070,0.6990,368381261500,0.0000,0.4010
418.9290,181.9150,0.7100,368397469500,0.0000,0.4010
418.8000,181.3310,0.7280,368413794700,0.0000,0.4010
418.4140,180.9300,0.7360,368413858400,0.0000,0.4010
417.8140,180.5650,0.7430,368413865000,0.0000,0.4010
417.1290,180.0540,0.7500,368413867400,0.0000,0.4010
416.3140,179.5800,0.7560,368430565300,0.0000,0.4010
415.3290,179.0690,0.7610,368430629400,0.0000,0.4010
414.5140,178.6310,0.7660,368446827400,0.0000,0.4010
413.6140,178.1570,0.7710,368446891800,0.0000,0.4010
412.8000,177.6460,0.7750,368446895600,0.0000,0.4010
411.9000,177.1350,0.7790,368446898000,0.0000,0.4010
411.1710,176.6610,0.7840,368446900200,0.0000,0.4010
410.4000,176.1500,0.7880,368462899100,0.0000,0.4010
409.7140,175.6390,0.7920,368462971400,0.0000,0.4010
408.9860,175.0920,0.7970,368479770300,0.0000,0.4010
408.3860,174.5810,0.8020,368479842200,0.0000,0.4010
407.7000,173.9610,0.8070,368479846200,0.0000,0.4010
406.9710,173.3770,0.8120,368479848300,0.0000,0.4010
406.4140,172.6840,0.8160,368496772000,0.0000,0.4190
405.7710,172.0270,0.8210,368496845000,0.0000,0.4190
405.0860,171.2610,0.8250,368496849700,0.0000,0.4190
404.4860,170.6040,0.8290,368496852500,0.0000,0.4190
403.8860,169.9110,0.8320,368513759100,0.0000,0.4190
403.3710,169.1080,0.8360,368513812900,0.0000,0.4190
402.8570,168.4880,0.8390,368513817500,0.0000,0.4190
402.3860,167.9040,0.8420,368513822100,0.0000,0.4190
402.0860,167.3930,0.8450,368530708300,0.0000,0.4190
401.7860,166.9190,0.8480,368530755200,0.0000,0.4190
401.5710,166.4810,0.8500,368530757300,0.0000,0.4190
401.4000,166.0430,0.8520,368530758600,0.0000,0.4190
401.4000,165.5690,0.8540,368546727400,0.0000,0.4190
401.4000,164.9850,0.8550,368546766900,0.0000,0.4190
401.6570,164.4740,0.8570,368563694900,0.0000,0.4190
401.8710,163.9270,0.8580,368563735800,0.0000,0.4190
402.4710,163.2700,0.8590,368563740700,0.0000,0.4190
403.1570,162.5770,0.8590,368563741800,0.0000,0.4190
404.3140,161.6280,0.8600,368563743000,0.0000,0.4190
405.6860,160.6430,0.8610,368580678100,0.0000,0.4190
406.9710,159.8040,0.8610,368580713600,0.0000,0.4190
408.3860,158.7820,0.8610,368580715500,0.0000,0.4190
409.5000,158.2350,0.8620,368597682000,0.0000,0.4190
410.4000,157.7240,0.8620,368597724100,0.0000,0.4190
411.2140,157.4320,0.8620,368597725800,0.0000,0.4190
411.9000,157.0310,0.8630,368597727000,0.0000,0.4190
412.4140,156.8120,0.8630,368613690800,0.0000,0.4190
412.9290,156.5930,0.8630,368613715900,0.0000,0.4190
413.4000,156.3740,0.8630,368629744400,0.0000,0.4190
413.8290,156.0820,0.8640,368629777000,0.0000,0.4190
414.1290,155.9360,0.8640,368629778300,0.0000,0.4190
414.6000,155.7540,0.8640,368629779100,0.0000,0.4190
414.9860,155.6080,0.8640,368629779800,0.0000,0.4190
415.2860,155.3890,0.8640,368645893100,0.0000,0.4190
415.5860,155.3160,0.8640,368645940200,0.0000,0.4190
415.8000,155.1700,0.8650,368662051800,0.0000,0.4190
416.0140,155.0240,0.8650,368662087200,0.0000,0.4190
416.3140,154.9510,0.8650,368662088500,0.0000,0.4190
416.5290,154.8050,0.8650,368662089400,0.0000,0.4190
416.7860,154.6590,0.8650,368679012900,0.0000,0.4190
417.2140,154.4770,0.8590,368679049600,0.0000,0.4190
417.5140,154.3310,0.8500,368696043200,0.0000,0.4190
417.9860,154.1850,0.8090,368696075600,0.0000,0.4190
418.2000,154.1850,0.7910,368696076800,0.0000,0.4190
418.5860,154.3310,0.6290,368712114800,0.0000,0.4010
352.1140,183.2650,0.0390,369581691600,0.0000,0.4190
352.0710,182.9730,0.0700,369581706700,0.0000,0.4190
351.8140,182.7540,0.1360,369598422600,0.0000,0.4190
351.6860,182.2800,0.2010,369615415200,0.0000,0.4190
351.6000,181.9150,0.2620,369615454700,0.0000,0.4190
351.4710,181.5500,0.3180,369632411500,0.0000,0.4190
351.3860,181.1850,0.3700,369632462900,0.0000,0.4190
351.3000,180.8570,0.4180,369648691100,0.0000,0.4190
351.1710,180.4920,0.4780,369664933100,0.0000,0.4190
351.0000,180.2730,0.5240,369681120300,0.0000,0.4190
350.4860,180.7840,0.6010,369698042500,0.0350,0.4190
350.3140,181.1850,0.6190,369715093200,0.0710,0.4190
350.2710,181.4040,0.6280,369731597800,0.0880,0.4200
350.1860,181.6960,0.6360,369731671600,0.1050,0.4190
350.1000,182.2070,0.6530,369731676900,0.1230,0.4190
350.0140,182.6080,0.6610,369747648800,0.1410,0.4200
349.9710,182.9000,0.6690,369747714400,0.1410,0.4200
349.8860,183.1920,0.6760,369747718300,0.1410,0.4200
349.8000,183.5570,0.6830,369764571000,0.1570,0.4190
349.8000,184.1040,0.6900,369764628300,0.1570,0.4190
349.6710,184.5420,0.6960,369764631400,0.1570,0.4190
349.5860,185.0530,0.7020,369764633500,0.1570,0.4190
349.4140,185.3450,0.7070,369781030500,0.1570,0.4190
349.4140,185.8920,0.7120,369781098500,0.1570,0.4190
349.4140,186.2570,0.7160,369781101600,0.1570,0.4190
349.4140,186.5490,0.7200,369781103800,0.1570,0.4190
349.4140,186.9500,0.7240,369781105700,0.1570,0.4190
349.4140,187.3150,0.7270,369797113700,0.1570,0.4190
349.4140,187.6800,0.7300,369797172100,0.1750,0.4190
349.4140,188.0450,0.7330,369813168800,0.1750,0.4190
349.5860,188.4460,0.7350,369813228100,0.1750,0.4190
349.5860,188.7380,0.7370,369813230700,0.1750,0.4190
349.6710,189.1030,0.7390,369813232400,0.1750,0.4190
349.6710,189.3950,0.7410,369829215100,0.1750,0.4190
349.7140,189.7230,0.7430,369829270100,0.1750,0.4190
349.7140,190.0150,0.7450,369829272300,0.1750,0.4190
349.7140,190.3070,0.7460,369845686900,0.1750,0.4190
349.7140,190.5990,0.7480,369845750800,0.1750,0.4190
349.7140,190.8910,0.7500,369845754300,0.1750,0.4190
349.7140,191.2190,0.7520,369845756200,0.1750,0.4190
349.7140,191.6570,0.7560,369862706500,0.1750,0.4190
349.6710,191.9490,0.7580,369879577000,0.1750,0.4190
349.5860,192.4230,0.7610,369879638500,0.1750,0.4190
349.4140,192.8610,0.7640,369879641900,0.1750,0.4190
349.4140,193.2990,0.7670,369896602500,0.1750,0.4190
349.3710,193.6640,0.7700,369896661800,0.1750,0.4190
349.2860,193.9190,0.7710,369912920900,0.1750,0.4190
349.2000,194.2840,0.7750,369928969800,0.1750,0.4190
349.0710,194.6490,0.7790,369929026300,0.1750,0.4190
348.8140,194.9410,0.7860,369929029200,0.1750,0.4190
348.7710,195.1590,0.7890,369945925800,0.1750,0.4190
348.5140,195.4880,0.7970,369962916000,0.1750,0.4190
348.2140,195.7070,0.8040,369962980700,0.1750,0.4190
348.0860,195.8530,0.8080,369962984300,0.1750,0.4190
347.7000,196.0720,0.8150,369979915000,0.1750,0.4190
347.4860,196.1450,0.8180,369979969900,0.1750,0.4190
347.2710,196.2910,0.8220,369996147100,0.1750,0.4190
347.0140,196.4360,0.8240,369996226500,0.1750,0.4190
346.5000,196.6920,0.8290,369996231000,0.1750,0.4190
346.2860,196.7650,0.8320,370013194900,0.1750,0.4190
345.9000,196.9110,0.8340,370013249900,0.1750,0.4190
345.7710,196.9840,0.8360,370013251900,0.1750,0.4190
345.4710,197.1300,0.8380,370013253700,0.1750,0.4190
345.0000,197.2760,0.8410,370029760800,0.1750,0.4190
344.6570,197.3490,0.8430,370029818700,0.1750,0.4190
344.4860,197.4950,0.8450,370045962700,0.1750,0.4190
344.1860,197.5680,0.8470,370046030300,0.1750,0.4190
343.9710,197.7140,0.8490,370046032400,0.1750,0.4190
343.6710,197.7860,0.8510,370046033900,0.1750,0.4190
343.1570,197.9320,0.8550,370062877900,0.1750,0.4190
342.8570,198.1150,0.8580,370062923200,0.1750,0.4190
342.5570,198.1880,0.8590,370079949900,0.1750,0.4190
342.2570,198.2610,0.8610,370080009500,0.1750,0.4190
341.7860,198.4070,0.8630,370080011500,0.1750,0.4190
341.3570,198.5530,0.8650,370080012900,0.1750,0.4190
340.8000,198.6990,0.8670,370096210400,0.1930,0.4200
340.3710,198.7720,0.8690,370096279000,0.1930,0.4200
339.8570,198.9180,0.8710,370096282100,0.1930,0.4200
339.4710,198.9910,0.8730,370096284300,0.1930,0.4200
339.0000,199.0640,0.8750,370112258900,0.1930,0.4200
338.4860,199.2090,0.8770,370112318300,0.1930,0.4200
338.0570,199.2820,0.8790,370112320800,0.1930,0.4200
337.7570,199.3550,0.8810,370129247200,0.1930,0.4200
337.3710,199.3550,0.8830,370129303000,0.1930,0.4200
336.9860,199.4650,0.8840,370129305200,0.1930,0.4200
336.6860,199.5380,0.8860,370129308800,0.1930,0.4200
336.1710,199.6110,0.8890,370145407400,0.1930,0.4200
335.8710,199.6840,0.8900,370161719400,0.1930,0.4200
335.3570,199.6840,0.8930,370161783800,0.1930,0.4200
335.0570,199.7570,0.8940,370161786700,0.1930,0.4200
334.5860,199.7570,0.8960,370178034300,0.1930,0.4200
334.2860,199.7570,0.8970,370178093700,0.1930,0.4200
333.7710,199.9030,0.8980,370178099000,0.1930,0.4200
333.4710,199.9030,0.8990,370194976900,0.1930,0.4200
332.8710,199.9030,0.9000,370211964000,0.1930,0.4200
332.5710,199.9760,0.9010,370212019300,0.1930,0.4200
332.1860,199.9760,0.9010,370212022900,0.1930,0.4200
331.8860,199.9760,0.9020,370212024500,0.1930,0.4200
331.2860,200.0490,0.9030,370228382400,-0.1400,0.4200
330.9430,200.0490,0.9030,370228449100,-0.1040,0.4190
330.5570,200.0490,0.9030,370244765400,-0.1040,0.4190
330.2570,200.0490,0.9040,370244823800,-0.1040,0.4190
329.6570,200.0490,0.9040,370244828100,-0.1040,0.4190
329.3570,200.1220,0.9050,370260729500,-0.1040,0.4190
328.9710,200.0490,0.9050,370260798600,-0.1040,0.4190
328.3710,200.0490,0.9060,370277012500,-0.1040,0.4190
327.8570,200.0490,0.9070,370277074800,-0.1040,0.4190
327.5570,200.0490,0.9070,370277077300,-0.1040,0.4190
327.0430,200.0490,0.9090,370293059800,-0.1040,0.4190
326.6570,200.0490,0.9090,370309960800,-0.1040,0.4190
326.2290,199.9760,0.9110,370310053700,-0.1040,0.4190
325.8430,199.9760,0.9110,370310056800,-0.1040,0.4190
325.4570,199.9030,0.9120,370310059300,-0.1040,0.4190
324.9430,199.9030,0.9120,370325981700,-0.1040,0.4190
324.6430,199.7570,0.9130,370342172800,-0.1040,0.4190
324.2570,199.7570,0.9130,370342255000,-0.1040,0.4190
323.7430,199.6840,0.9130,370342261100,-0.1040,0.4190
323.4430,199.6840,0.9140,370342264000,-0.1040,0.4190
323.0570,199.6110,0.9140,370358281100,-0.1040,0.4190
322.5430,199.4650,0.9150,370375247700,-0.1040,0.4190
322.2430,199.3550,0.9160,370375327800,-0.1040,0.4190
321.8570,199.2820,0.9160,370375331900,-0.1040,0.4190
321.4290,199.0640,0.9170,370375335400,0.1050,0.4190
321.2140,198.9180,0.9170,370391354800,0.1050,0.4190
320.9570,198.7720,0.9180,370391420500,0.1050,0.4190
320.6140,198.5530,0.9180,370391423500,0.1050,0.4190
320.2290,198.2610,0.9190,370391425500,0.1050,0.4190
319.9290,198.0420,0.9190,370407724700,0.1050,0.4190
319.5430,197.6410,0.9190,370407814800,0.1050,0.4190
319.2430,197.3490,0.9190,370423889100,0.1050,0.4190
318.9430,197.0570,0.9190,370423947100,0.1050,0.4190
318.6430,196.6920,0.9190,370423949100,0.1050,0.4190
318.4290,196.3640,0.9200,370423950500,0.1050,0.4190
318.1290,195.9990,0.9200,370423951800,0.1050,0.4190
317.8290,195.7070,0.9200,370440846500,0.1050,0.4190
317.6140,195.4150,0.9200,370440905100,0.1050,0.4190
317.3570,195.0860,0.9200,370457762300,0.1050,0.4190
317.0570,194.7950,0.9200,370457802300,0.1230,0.4190
316.8430,194.5030,0.9200,370457804300,0.1230,0.4190
316.7140,194.2110,0.9200,370457805700,0.1230,0.4190
316.4140,193.9190,0.9190,370473986200,0.1230,0.4190
316.1570,193.5180,0.9190,370474043600,0.1230,0.4190
316.0290,193.2260,0.9180,370490109100,0.1230,0.4190
315.8140,192.8610,0.9170,370490180500,0.1230,0.4190
315.5570,192.4960,0.9170,370490187000,0.1230,0.4190
315.4290,192.0950,0.9160,370490189600,0.1230,0.4190
315.2140,191.7300,0.9150,370490278100,0.1230,0.4190
315.0430,191.3650,0.9150,370506338500,0.1230,0.4190
314.9140,191.0730,0.9140,370506397100,0.1230,0.4190
314.6570,190.6720,0.9140,370523353900,0.1230,0.4190
314.5290,190.3800,0.9130,370523412500,0.1230,0.4190
314.4000,190.0880,0.9130,370523415000,0.1230,0.4190
314.2290,189.8690,0.9120,370523416500,0.1230,0.4190
314.1000,189.5400,0.9110,370539483900,0.1230,0.4190
313.8430,189.1760,0.9110,370539541600,0.1230,0.4190
313.7140,188.9570,0.9100,370539543700,0.1230,0.4190
313.5000,188.7380,0.9090,370539546000,0.1230,0.4190
313.3280,188.3730,0.9080,370555720200,0.1230,0.4190
313.1140,188.0450,0.9060,370571718800,0.1230,0.4190
312.9000,187.7530,0.9040,370571767200,0.1230,0.4190
312.7290,187.5340,0.9020,370587932200,0.1230,0.4190
312.5140,187.3150,0.9010,370604127900,0.1230,0.4190
312.3000,187.0960,0.8990,370604359800,0.1230,0.4190
312.0430,186.9500,0.8970,370620205300,0.1230,0.4190
311.6140,186.9500,0.8950,370637197600,0.1230,0.4190
311.2290,187.1690,0.8930,370653683400,0.1230,0.4190
311.0140,187.4610,0.8920,370670702900,0.1230,0.4190
310.8430,187.6070,0.8920,370670774800,0.1230,0.4190
310.6290,188.0450,0.8910,370687668700,0.1230,0.4190
310.5430,188.3000,0.8910,370687742600,0.1230,0.4190
310.4140,188.5190,0.8910,370687745200,0.1230,0.4190
310.3290,188.8110,0.8910,370687747400,0.1230,0.4190
310.2000,188.9570,0.8910,370703826900,0.1230,0.4190
309.9430,189.3220,0.8900,370703886600,0.1230,0.4190
309.9000,189.6500,0.8900,370720447600,0.1230,0.4190
309.8140,189.9420,0.8900,370720520800,0.1230,0.4190
309.7290,190.1610,0.8900,370720524300,0.1230,0.4190
309.6430,190.5260,0.8900,370720526000,0.1230,0.4190
309.6000,190.8180,0.8900,370720527800,0.1230,0.4190
309.4290,191.2190,0.8900,370736601600,0.1230,0.4190
309.3000,191.5840,0.8900,370736722900,0.1230,0.4190
309.1290,191.9490,0.8900,370736726800,0.1230,0.4190
309.0430,192.3140,0.8900,370752913700,0.1230,0.4190
309.0000,192.5690,0.8900,370753004200,0.1230,0.4190
308.9140,192.9340,0.8900,370753008700,0.1230,0.4190
308.8290,193.1530,0.8900,370769024900,0.1230,0.4190
308.7000,193.4450,0.8900,370769095500,0.1230,0.4190
308.6140,193.7360,0.8900,370769098100,0.1230,0.4190
308.5290,194.0650,0.8900,370769099600,0.1230,0.4190
308.4430,194.3570,0.8900,370785397100,0.1230,0.4190
308.4000,194.6490,0.8900,370785454800,0.1230,0.4190
308.3140,194.9410,0.8900,370801689800,0.1410,0.4200
308.1430,195.4880,0.8900,370801737800,0.1410,0.4200
308.1000,195.7800,0.8900,370801739900,0.1410,0.4200
308.0140,195.9990,0.8900,370801741200,0.1410,0.4200
307.9290,196.2910,0.8910,370817735500,0.1410,0.4200
307.7140,196.8380,0.8910,370817807600,0.1570,0.4190
307.5000,197.1300,0.8920,370833832000,0.1570,0.4190
307.4140,197.4950,0.8930,370833886800,0.1570,0.4190
307.1140,197.8590,0.8930,370833889700,0.1570,0.4190
306.9000,198.1880,0.8940,370850076400,0.1570,0.4190
306.6430,198.4800,0.8940,370850134300,0.1570,0.4190
306.4290,198.7720,0.8950,370850136300,0.1570,0.4190
306.2140,199.0640,0.8950,370850137700,0.1570,0.4190
306.0000,199.2090,0.8950,370850139300,0.1570,0.4190
305.7860,199.4650,0.8960,370867059200,0.1570,0.4190
305.6140,199.6840,0.8960,370867117300,0.1570,0.4190
305.4860,199.7570,0.8960,370884262200,0.1570,0.4190
305.1860,199.9760,0.8970,370884312600,0.1570,0.4190
304.9290,200.2680,0.8980,370884315900,0.1570,0.4190
304.7140,200.4140,0.8980,370900122200,0.1570,0.4190
304.5860,200.5590,0.8980,370900200700,0.1570,0.4190
304.1140,200.7780,0.8990,370917123100,0.1570,0.4190
303.8140,200.8880,0.9000,370917181200,0.1570,0.4190
303.5140,200.9610,0.9000,370917183400,0.1570,0.4190
303.2140,200.9610,0.9000,370917185000,0.1750,0.4190
302.7000,201.1800,0.9000,370933445700,0.1750,0.4190
302.1860,201.2530,0.9000,370933509400,0.1750,0.4190
301.6290,201.3260,0.8990,370949691200,0.1750,0.4190
301.0290,201.3990,0.8980,370949750200,0.1750,0.4190
300.5140,201.3990,0.8970,370949752900,0.1750,0.4190
300.0000,201.4720,0.8960,370949754400,0.1750,0.4190
299.4860,201.4720,0.8950,370965725400,0.1750,0.4190
299.1000,201.4720,0.8930,370965778100,0.1750,0.4190
298.6290,201.4720,0.8920,370965780800,0.1750,0.4190
298.3280,201.3990,0.8910,370965782700,0.1750,0.4190
297.9000,201.3260,0.8900,370965784600,0.1750,0.4190
297.6860,201.2530,0.8880,370981770000,0.1750,0.4190
297.2140,201.1800,0.8870,370981840700,0.1750,0.4190
296.8710,200.9610,0.8860,370998807000,0.1750,0.4190
296.4000,200.7050,0.8850,370998870400,0.1930,0.4200
296.0140,200.4140,0.8830,370998872900,0.1930,0.4200
295.5860,200.1220,0.8830,370998874200,0.1930,0.4200
295.2860,199.7570,0.8810,371015751800,0.1930,0.4200
294.9860,199.3550,0.8800,371015796100,0.1930,0.4200
294.6000,198.9910,0.8800,371015798100,0.1930,0.4200
294.3000,198.5530,0.8790,371031916200,0.1930,0.4200
293.9140,198.1880,0.8790,371031991000,0.1930,0.4200
293.6140,197.7860,0.8780,371031994500,0.1930,0.4200
293.3140,197.3490,0.8780,371031997400,0.1930,0.4200
293.0140,196.9840,0.8770,371048803900,0.1930,0.4200
292.8000,196.6190,0.8770,371048860200,0.1930,0.4200
292.5000,196.1450,0.8760,371048862500,0.1930,0.4200
292.2860,195.8530,0.8760,371048863900,0.1930,0.4200
292.0710,195.5610,0.8750,371064882900,0.1930,0.4200
291.8140,195.2690,0.8750,371064937500,0.1930,0.4200
291.6860,194.9410,0.8740,371064939500,0.1930,0.4200
291.5140,194.6490,0.8740,371081126800,0.1930,0.4200
291.4710,194.4300,0.8730,371081181100,0.1930,0.4200
291.2140,193.9920,0.8720,371081184200,0.1930,0.4200
291.1710,193.6640,0.8720,371097157400,0.1930,0.4200
291.0000,193.2260,0.8710,371113457300,0.1930,0.4200
290.9140,193.0070,0.8700,371113614400,0.1930,0.4200
290.7000,192.5690,0.8700,371113619300,0.1930,0.4200
290.7000,192.3140,0.8690,371129612700,0.1930,0.4200
290.6140,191.8760,0.8690,371129653700,0.1930,0.4200
290.4860,191.5110,0.8690,371145773500,0.1930,0.4200
290.4000,191.1460,0.8690,371145835200,0.1930,0.4200
290.2710,190.8180,0.8690,371162780700,0.1930,0.4200
290.1860,190.5260,0.8690,371162838200,0.1930,0.4200
290.1000,190.1610,0.8690,371178827400,0.1930,0.4200
289.9710,189.8690,0.8670,371195822900,0.1930,0.4200
289.6710,190.7450,0.8630,371262262400,0.1930,0.4200
289.6710,191.0730,0.8640,371262324700,0.1930,0.4200
289.5000,191.3650,0.8640,371262327300,0.1930,0.4200
289.4570,191.6570,0.8650,371262329200,0.1930,0.4200
289.2860,192.0950,0.8650,371279256200,0.1930,0.4200
289.1570,192.5690,0.8660,371279319900,0.1930,0.4200
288.9000,193.0070,0.8670,371296205300,0.1930,0.4200
288.6860,193.4450,0.8680,371296270000,0.1930,0.4200
288.3860,193.9190,0.8680,371296273100,0.1930,0.4200
288.2570,194.3570,0.8690,371296274700,0.1930,0.4200
287.9570,194.7950,0.8700,371296276100,0.1930,0.4200
287.7000,195.2690,0.8710,371313152200,0.1930,0.4200
287.4000,195.6340,0.8710,371313226300,0.1930,0.4200
287.1000,195.9990,0.8720,371313230100,0.1930,0.4200
286.8860,196.3640,0.8730,371329376100,0.1930,0.4200
286.5860,196.7650,0.8740,371329439600,0.1930,0.4200
286.2860,197.0570,0.8740,371329442100,0.1930,0.4200
285.9000,197.3490,0.8750,371329443700,0.1930,0.4200
285.6860,197.7140,0.8750,371345456400,0.1930,0.4200
285.3000,198.1150,0.8760,371345632600,0.1930,0.4200
284.8710,198.4070,0.8760,371345636700,0.1930,0.4200
284.4860,198.6990,0.8770,371345641300,0.1930,0.4200
283.9710,199.0640,0.8770,371361687900,0.1930,0.4200
283.4570,199.3550,0.8780,371361730700,0.1930,0.4200
282.9860,199.6110,0.8780,371377911000,0.2100,0.4190
282.4710,199.7570,0.8780,371377989500,0.2100,0.4190
281.9570,200.0490,0.8780,371377993000,0.2100,0.4190
281.4860,200.2680,0.8780,371377995200,0.2100,0.4190
280.9710,200.4140,0.8790,371377997400,0.2100,0.4190
280.5430,200.5590,0.8790,371394070900,0.2100,0.4190
280.0710,200.6320,0.8780,371394137300,0.2100,0.4190
279.6860,200.7050,0.8780,371411113200,0.2100,0.4190
279.3430,200.7780,0.8780,371411176700,0.2100,0.4190
279.0430,200.7780,0.8780,371411179500,0.2100,0.4190
278.4430,200.7050,0.8780,371427239500,0.2100,0.4190
277.9710,200.6320,0.8780,371427307000,0.2100,0.4190
277.4570,200.4140,0.8780,371427310200,0.2100,0.4190
276.9860,200.1220,0.8780,371427312200,0.2100,0.4190
276.3860,199.9030,0.8780,371427314200,0.2100,0.4190
275.9570,199.5380,0.8780,371443341500,0.2100,0.4190
275.4860,199.2090,0.8780,371443401600,0.2100,0.4190
275.0570,198.8450,0.8780,371459758900,0.2100,0.4190
274.3710,198.3340,0.8780,371459853000,0.2100,0.4190
273.7710,197.9320,0.8780,371459856300,0.2100,0.4190
273.3430,197.5680,0.8780,371459858600,0.2100,0.4190
272.8710,197.2760,0.8780,371476035300,0.2100,0.4190
272.5290,196.9840,0.8770,371476080800,0.2100,0.4190
272.1430,196.6920,0.8760,371476083300,0.2100,0.4190
271.7570,196.3640,0.8750,371492142600,0.2100,0.4190
271.3710,196.0720,0.8740,371492206300,0.2100,0.4190
271.0710,195.8530,0.8730,371492209300,0.2100,0.4190
270.8570,195.6340,0.8730,371492211600,0.2100,0.4190
270.6430,195.4150,0.8720,371508218200,0.2100,0.4190
270.2570,195.1590,0.8710,371508281300,0.2100,0.4190
270.0430,194.8680,0.8710,371524505300,0.2100,0.4190
269.7430,194.5760,0.8700,371524564800,0.2100,0.4190
269.4430,194.2840,0.8700,371524567200,0.2100,0.4190
269.1430,193.9920,0.8700,371524568800,0.2100,0.4190
268.9290,193.5910,0.8690,371524570200,0.2100,0.4190
268.6710,193.2990,0.8690,371540631400,0.2100,0.4190
268.3710,193.0070,0.8690,371540704700,0.2100,0.4190
268.1570,192.7150,0.8680,371556717600,0.2100,0.4190
267.9430,192.4230,0.8680,371556810700,0.2100,0.4190
267.8570,192.1680,0.8680,371556816900,0.2100,0.4190
267.7290,191.9490,0.8680,371556820900,0.2100,0.4190
267.5570,191.7300,0.8680,371573599400,0.2100,0.4190
267.2570,191.3650,0.8680,371589842900,0.2100,0.4190
267.1710,191.2190,0.8680,371589906200,0.2100,0.4190
266.8290,190.8910,0.8680,371589909900,0.2100,0.4190
266.7430,190.5990,0.8670,371606742600,0.2100,0.4190
266.5290,190.3800,0.8670,371606818300,0.2100,0.4190
266.3570,190.1610,0.8670,371622838500,0.2100,0.4190
266.1430,189.9420,0.8660,371639013700,0.2100,0.4190
266.0140,189.7230,0.8650,371639077100,0.2100,0.4190
265.7570,189.4680,0.8640,371671724800,0.2100,0.4190
265.5430,190.1610,0.8640,371705646800,0.2100,0.4190
265.4570,190.5990,0.8650,371722199100,0.2100,0.4190
265.3290,190.8180,0.8650,371722237100,0.2100,0.4190
265.3290,191.2920,0.8660,371722240500,0.2100,0.4190
265.2430,191.5840,0.8660,371722242300,0.2100,0.4190
265.1570,191.8760,0.8660,371739207600,0.2100,0.4190
265.1140,192.4230,0.8670,371755289200,0.2100,0.4190
265.1140,192.7150,0.8670,371755400200,0.2100,0.4190
264.9430,192.9340,0.8670,371755405700,0.2100,0.4190
264.8570,193.3720,0.8690,371755409600,0.2100,0.4190
264.8140,193.5910,0.8690,371772155400,0.2100,0.4190
264.7290,194.0650,0.8710,371788162400,0.2100,0.4190
264.6430,194.2840,0.8710,371788200800,0.2100,0.4190
264.4290,194.6490,0.8730,371788203200,0.2100,0.4190
264.3430,194.7950,0.8740,371805136800,0.2100,0.4190
264.1290,195.1590,0.8750,371822159700,0.2100,0.4190
264.0430,195.4150,0.8760,371822191200,0.2100,0.4190
263.7430,195.7070,0.8770,371822196200,0.2100,0.4190
263.6140,195.9260,0.8770,371822196900,0.2100,0.4190
263.3570,196.0720,0.8780,371839113300,0.2100,0.4190
263.0570,196.3640,0.8780,371839157900,0.2100,0.4190
262.9290,196.5090,0.8780,371839158900,0.2100,0.4190
262.7140,196.6920,0.8790,371855120200,0.2100,0.4190
262.3290,196.9840,0.8800,371855153000,0.2100,0.4190
262.1570,197.1300,0.8800,371872092300,0.2100,0.4190
261.8140,197.3490,0.8810,371872126600,0.2100,0.4190
261.5140,197.3490,0.8810,371872127700,0.2100,0.4190
261.2570,197.5680,0.8820,371888105100,0.2100,0.4190
260.9570,197.7140,0.8820,371888137000,0.2100,0.4190
260.6140,197.8590,0.8830,371904425200,0.2100,0.4190
260.1430,198.0420,0.8830,371904458200,0.2100,0.4190
259.6290,198.1880,0.8830,371904459300,0.2100,0.4190
259.2430,198.2610,0.8840,371904460100,0.2100,0.4190
258.8140,198.4070,0.8840,371904461300,0.2100,0.4190
258.3430,198.4800,0.8840,371920725300,0.2100,0.4190
258.0000,198.5530,0.8840,371920765200,0.2100,0.4190
257.6140,198.5530,0.8850,371937011000,0.2100,0.4190
257.2290,198.6990,0.8850,371937147800,0.2100,0.4190
256.9290,198.7720,0.8850,371937152100,0.2100,0.4190
256.6290,198.8450,0.8850,371937154900,0.2100,0.4190
256.2430,198.9180,0.8850,371954008200,0.2100,0.4190
255.9430,198.9910,0.8850,371954040600,0.2100,0.4190
255.6430,198.9910,0.8860,371954041400,0.2100,0.4190
255.3000,199.0640,0.8860,371954042100,0.2100,0.4190
254.6140,199.1360,0.8860,371970035600,0.2100,0.4190
254.2290,199.1360,0.8860,371970111700,0.2100,0.4190
253.7140,199.2090,0.8860,371986139300,0.2100,0.4190
253.2430,199.2090,0.8870,371986180200,0.2100,0.4190
252.8140,199.2820,0.8870,371986181700,0.2100,0.4190
252.3430,199.2820,0.8870,371986182600,0.2100,0.4190
252.0430,199.2820,0.8870,372002304800,0.2100,0.4190
251.7000,199.3550,0.8870,372002358800,0.2100,0.4190
251.3140,199.3550,0.8870,372002361100,0.2100,0.4190
250.9290,199.3550,0.8870,372002362700,0.2100,0.4190
250.5430,199.4650,0.8870,372018566900,0.2100,0.4190
250.2430,199.4650,0.8870,372018644100,0.2100,0.4190
249.9000,199.5380,0.8870,372034961800,0.2100,0.4190
249.2140,199.5380,0.8870,372035019000,0.2100,0.4190
248.9140,199.6110,0.8870,372035021400,0.2100,0.4190
248.6140,199.6110,0.8880,372035022700,0.2100,0.4190
248.0140,199.6840,0.8880,372051910700,0.2100,0.4190
247.8000,199.6840,0.8880,372067965700,0.2100,0.4190
247.2000,199.7570,0.8890,372068022200,0.2100,0.4190
246.9000,199.7570,0.8900,372068024200,0.2100,0.4190
246.3860,199.7570,0.8910,372084203400,0.2100,0.4190
246.0860,199.7570,0.8920,372084282000,0.2100,0.4190
245.7860,199.7570,0.8920,372100232700,0.2100,0.4190
245.1860,199.7570,0.8940,372100290000,0.2100,0.4190
244.8860,199.7570,0.8950,372100292000,0.2100,0.4190
244.5860,199.7570,0.8950,372116399500,0.2100,0.4190
244.2000,199.7570,0.8960,372116465500,0.2100,0.4190
243.5140,199.7570,0.8980,372133319900,0.2100,0.4190
243.2140,199.7570,0.8990,372133372800,0.2100,0.4190
242.5290,199.7570,0.9010,372133382100,0.2100,0.4190
242.2290,199.6840,0.9020,372149399700,0.2100,0.4190
241.5860,199.6110,0.9040,372149461200,0.2100,0.4190
241.3710,199.6110,0.9050,372149558300,0.2100,0.4190
241.0710,199.5380,0.9060,372166361400,0.2100,0.4190
240.4710,199.3550,0.9080,372183353900,0.2100,0.4190
240.0000,199.2820,0.9110,372183414200,0.2100,0.4190
239.7860,199.2090,0.9120,372183416100,0.2100,0.4190
239.1860,199.0640,0.9160,372199458600,0.2100,0.4190
239.0140,198.9180,0.9180,372199543300,0.2100,0.4190
238.5000,198.6990,0.9230,372215646700,0.2100,0.4190
238.2860,198.5530,0.9250,372215707500,0.2100,0.4190
237.9000,198.3340,0.9280,372215709900,0.2100,0.4190
237.5140,198.0420,0.9310,372231811800,0.2100,0.4190
237.1710,197.7860,0.9330,372231868300,0.2100,0.4190
236.7860,197.3490,0.9350,372231870400,0.2100,0.4190
236.4000,197.1300,0.9380,372231871800,0.2100,0.4190
236.0140,196.8380,0.9400,372231873100,0.2100,0.4190
235.6710,196.4360,0.9420,372247914900,0.2100,0.4190
235.3710,196.1450,0.9430,372247970800,0.2100,0.4190
235.0710,195.7800,0.9450,372264084200,0.2100,0.4190
234.8140,195.4150,0.9470,372264248300,0.2100,0.4190
234.5140,195.0860,0.9480,372264258000,0.2100,0.4190
234.3000,194.7220,0.9490,372264260600,0.2100,0.4190
234.0860,194.3570,0.9500,372280608600,0.2100,0.4190
233.7860,194.0650,0.9510,372280686500,0.2100,0.4190
233.6570,193.6640,0.9520,372296910200,0.2100,0.4190
233.4000,193.3720,0.9530,372296966200,0.2100,0.4190
233.2710,193.0800,0.9540,372296968400,0.2100,0.4190
233.1860,192.7880,0.9550,372296970000,0.2100,0.4190
232.9710,192.4230,0.9550,372296971500,0.2100,0.4190
232.8000,191.9490,0.9560,372313871300,0.2100,0.4190
232.6710,191.5110,0.9570,372313930500,0.2100,0.4190
232.4570,191.0730,0.9580,372313932500,0.2100,0.4190
232.2860,190.5990,0.9590,372313934000,0.2100,0.4190
231.9860,190.0880,0.9600,372330876000,0.2100,0.4190
231.9000,189.5400,0.9610,372330933900,0.2100,0.4190
231.6860,188.9570,0.9620,372346926600,0.2100,0.4190
231.4710,188.4460,0.9620,372346985500,0.2100,0.4190
231.3000,187.7530,0.9630,372346987500,0.2100,0.4190
231.0860,187.2420,0.9640,372346988900,0.2100,0.4190
230.7860,186.5490,0.9640,372346990400,0.2100,0.4190
230.6570,186.1110,0.9650,372363252900,0.2100,0.4190
230.4000,185.5270,0.9660,372363312000,0.2100,0.4190
230.2710,184.9800,0.9660,372380252700,0.2100,0.4190
230.0570,184.3960,0.9670,372380313400,0.2100,0.4190
229.8000,183.8490,0.9670,372380315500,0.2100,0.4190
229.5860,183.3380,0.9680,372380316900,0.2100,0.4190
229.3710,182.7540,0.9680,372396472400,0.2100,0.4190
229.2000,182.2070,0.9690,372396583100,0.2100,0.4190
228.9860,181.7690,0.9690,372396586900,0.2100,0.4190
228.8570,181.2580,0.9690,372396589100,0.2100,0.4190
228.6000,180.7110,0.9690,372396590800,0.2100,0.4190
228.3860,180.2000,0.9690,372412523400,0.2100,0.4190
228.2570,179.5800,0.9690,372412579900,0.2100,0.4190
228.0860,179.0690,0.9690,372429601100,0.2100,0.4190
227.8710,178.4850,0.9690,372429662800,0.2100,0.4190
227.7000,177.8650,0.9690,372429665500,0.2100,0.4190
227.4860,177.2080,0.9690,372429667600,0.2100,0.4190
227.1860,176.2960,0.9690,372446500400,0.2100,0.4190
227.0570,175.5300,0.9690,372446561400,0.2100,0.4190
226.8000,174.8000,0.9690,372462560300,0.2100,0.4190
226.6710,174.1070,0.9690,372462642800,0.2100,0.4190
226.4570,173.3770,0.9690,372462649100,0.2100,0.4190
226.2860,172.7930,0.9690,372462688600,0.2100,0.4190
226.0710,172.1000,0.9690,372462715900,0.2100,0.4190
225.9860,171.5160,0.9690,372479058000,0.2100,0.4190
225.7710,170.8960,0.9690,372479199600,0.2100,0.4190
225.6430,170.3120,0.9690,372495189300,0.2100,0.4190
225.4710,169.7650,0.9690,372495253000,0.2100,0.4190
225.3430,169.2540,0.9690,372495258500,0.2100,0.4190
225.2570,168.7430,0.9690,372495260500,0.2100,0.4190
225.0860,168.1960,0.9690,372495262700,0.2100,0.4190
224.9570,167.6850,0.9690,372512173300,0.2100,0.4190
224.7860,167.1740,0.9690,372512227800,0.2100,0.4190
224.7430,166.7000,0.9690,372528811100,0.2100,0.4190
224.5710,166.1890,0.9680,372528866300,0.2100,0.4190
224.4430,165.7150,0.9680,372528868500,0.2100,0.4190
224.2710,165.2040,0.9680,372528873000,0.2100,0.4190
224.1860,164.6930,0.9680,372545746200,0.2100,0.4190
224.0570,164.1460,0.9680,372545793800,0.2100,0.4190
223.9710,163.6350,0.9680,372545797700,0.2100,0.4190
223.8860,163.1240,0.9680,372545799100,0.2100,0.4190
223.6710,162.5770,0.9680,372545800400,0.2100,0.4190
223.5860,162.0660,0.9680,372562709800,0.2100,0.4190
223.5860,161.5550,0.9680,372562770200,0.2100,0.4190
223.5430,161.1540,0.9680,372578779100,0.2100,0.4190
223.4570,160.7160,0.9680,372578837500,0.2100,0.4190
223.2860,160.4240,0.9680,372578839500,0.2100,0.4190
223.2860,160.0230,0.9680,372578841000,0.2100,0.4190
223.1570,159.3660,0.9680,372595162400,0.2100,0.4190
223.0710,159.0010,0.9680,372595257000,0.2100,0.4190
222.9860,158.7820,0.9680,372612082400,0.2100,0.4190
222.9430,158.3810,0.9680,372612129000,0.2100,0.4190
222.8570,157.7970,0.9680,372612130900,0.2100,0.4190
222.7710,157.5050,0.9680,372628132700,0.2100,0.4190
222.6860,157.1770,0.9680,372628279600,0.2100,0.4190
222.6430,156.8120,0.9680,372644343100,0.2100,0.4190
222.5570,156.5200,0.9680,372644398900,0.2100,0.4190
222.3860,155.7540,0.9680,372644401400,0.2100,0.4190
222.3430,155.3160,0.9670,372644402800,0.2100,0.4190
222.2570,154.8050,0.9670,372660500300,0.2100,0.4190
222.1710,154.3310,0.9670,372660594000,0.2100,0.4190
222.0860,153.8200,0.9670,372660600000,0.2100,0.4190
222.0430,153.3820,0.9670,372676568400,0.2100,0.4190
221.9570,152.9080,0.9670,372676626800,0.2100,0.4190
221.8710,152.4700,0.9670,372676629900,0.2100,0.4190
221.7860,152.0320,0.9670,372692645500,0.2100,0.4190
221.7430,151.6310,0.9670,372692705600,0.2100,0.4190
221.7430,151.2660,0.9670,372692707600,0.2100,0.4190
221.6570,150.9740,0.9670,372692708900,0.2100,0.4190
221.4860,150.3910,0.9670,372708837300,0.2100,0.4190
221.4860,150.0620,0.9670,372708895000,0.2100,0.4190
221.4430,149.7700,0.9670,372724889200,0.2100,0.4190
221.2710,149.1860,0.9670,372724941300,0.2100,0.4190
221.1860,148.9680,0.9670,372724943400,0.2100,0.4190
221.1860,148.4200,0.9670,372740934700,0.2100,0.4190
221.1430,147.8370,0.9670,372757145800,0.2100,0.4190
221.0570,147.6180,0.9670,372757204800,0.2100,0.4190
220.9710,146.9970,0.9670,372757206900,0.2100,0.4190
220.8860,146.7050,0.9670,372773265700,0.2100,0.4190
220.8430,146.4130,0.9670,372773333400,0.2100,0.4190
220.6710,145.7930,0.9680,372789423700,0.2100,0.4190
220.5860,145.5010,0.9680,372789583500,0.2100,0.4190
220.5430,145.2090,0.9680,372789586700,0.2100,0.4190
220.4570,144.9180,0.9680,372789588800,0.2100,0.4190
220.2860,144.5160,0.9680,372806381400,0.2100,0.4190
220.1570,143.7860,0.9680,372822397700,0.2100,0.4190
219.9860,143.3490,0.9680,372822468000,0.2100,0.4190
219.9430,142.9470,0.9680,372822471200,0.2100,0.4190
219.7710,142.5820,0.9680,372822473300,0.2100,0.4190
219.6860,142.2180,0.9680,372838382500,0.2100,0.4190
219.6430,141.8160,0.9680,372838452500,0.2100,0.4190
219.5570,141.5970,0.9680,372854887300,0.2100,0.4190
219.3860,141.3050,0.9680,372854960400,0.2100,0.4190
219.3430,141.0130,0.9680,372854966200,0.2100,0.4190
219.2570,140.7220,0.9680,372854971000,0.2100,0.4190
219.0860,140.2470,0.9680,372871905400,0.2100,0.4190
219.0430,139.9550,0.9680,372871987300,0.2100,0.4190
218.7860,139.5180,0.9690,372871990800,0.2100,0.4190
218.7430,139.2260,0.9690,372888860200,0.2100,0.4190
218.6570,138.8970,0.9680,372888916600,0.2100,0.4190
218.4860,138.3870,0.9680,372905843100,0.2100,0.4190
218.4430,138.1680,0.9680,372905889300,0.2100,0.4190
218.3570,137.8760,0.9680,372905891300,0.2100,0.4190
218.1860,137.5470,0.9680,372905892700,0.2100,0.4190
218.1430,137.2550,0.9680,372922174500,0.2100,0.4190
218.0570,136.9640,0.9680,372922245800,0.2100,0.4190
217.8860,136.6720,0.9680,372922248800,0.2100,0.4190
217.8430,136.3800,0.9680,372922250800,0.2100,0.4190
217.7570,135.9780,0.9680,372939267400,0.2100,0.4190
217.6290,135.7590,0.9680,372939324100,0.2100,0.4190
217.4570,135.1760,0.9680,372955282700,0.2100,0.4190
217.3710,134.8470,0.9680,372955331600,0.2100,0.4190
217.1570,134.3360,0.9680,372955333700,0.2100,0.4190
217.0710,134.1180,0.9680,372972266300,0.2100,0.4190
217.0290,133.8260,0.9680,372972328600,0.2100,0.4190
216.8570,133.3510,0.9680,372989282800,0.2100,0.4190
216.7710,133.1320,0.9680,372989349700,0.2100,0.4190
216.7290,132.8410,0.9680,372989352500,0.2100,0.4190
216.4710,132.4030,0.9680,373005256000,0.2110,0.4370
216.4290,132.1840,0.9680,373005309600,0.2110,0.4370
216.3430,131.8550,0.9680,373021734800,0.2110,0.4550
216.1710,131.3450,0.9680,373021804500,0.2110,0.4550
216.1290,131.0530,0.9680,373021810100,0.2110,0.4550
216.0430,130.7610,0.9680,373021812100,0.2110,0.4550
215.8710,130.4320,0.9680,373038230700,0.2110,0.4550
215.8290,130.1410,0.9680,373038279400,0.2110,0.4550
215.7430,129.8490,0.9680,373038281300,0.2110,0.4550
215.6570,129.5570,0.9680,373038282800,0.2110,0.4550
215.5290,129.2280,0.9680,373055213500,0.2110,0.4550
215.4430,128.9360,0.9680,373055302800,0.2110,0.4550
215.3570,128.6450,0.9680,373071340200,0.2110,0.4550
215.2290,128.3530,0.9680,373071694800,0.2110,0.4550
215.1430,128.0610,0.9680,373071727500,0.2110,0.4550
215.0570,127.7320,0.9680,373071730600,0.2110,0.4550
214.9290,127.5130,0.9680,373071732600,0.2110,0.4550
214.7570,127.0030,0.9680,373087196000,0.2110,0.4550
214.6710,126.6380,0.9680,373104267700,0.2110,0.4550
214.5430,126.2360,0.9680,373104593000,0.2110,0.4550
214.4570,126.0180,0.9680,373104595600,0.2110,0.4550
214.3710,125.6530,0.9680,373121228300,0.2110,0.4550
214.2430,125.2880,0.9680,373137288800,0.2110,0.4550
214.0710,124.8870,0.9680,373137318400,0.2110,0.4550
214.0290,124.5950,0.9690,373153630400,0.2110,0.4550
213.9430,124.2300,0.9680,373153859000,0.2110,0.4550
213.7710,124.0110,0.9620,373169562800,0.2110,0.4550
213.6430,123.6090,0.9270,373185631600,0.2110,0.4730
