702.5140,172.3920,0.0540,405037556500,0.0000,0.4540
702.7290,172.5380,0.1340,405053458600,0.0000,0.4540
702.9430,172.6110,0.2130,405053510500,0.0000,0.4540
703.1140,172.7930,0.2830,405053512600,0.0000,0.4540
703.4140,172.9390,0.4030,405085679600,0.0000,0.4540
703.5430,173.0850,0.4840,405101974100,0.0000,0.4540
702.8140,173.3040,0.6410,405134467300,0.0000,0.4540
702.6000,173.3770,0.6580,405134509100,0.0000,0.4540
702.0000,173.3770,0.6890,405151530100,0.0000,0.4540
701.7000,173.3770,0.7020,405151569500,0.0000,0.4540
701.4000,173.5230,0.7150,405151570900,0.0180,0.4550
700.8860,173.5960,0.7370,405167592600,0.0530,0.4550
700.5860,173.5960,0.7480,405167627200,0.0700,0.4550
699.9860,173.5960,0.7680,405167628600,0.1050,0.4550
699.7290,173.6690,0.7770,405183802500,0.1230,0.4550
699.1290,173.5960,0.7940,405199851700,0.1400,0.4550
698.8290,173.5960,0.8020,405199921000,0.1570,0.4550
698.5290,173.5230,0.8100,405199924300,0.1570,0.4550
698.0140,173.3770,0.8170,405199926600,0.1570,0.4550
697.5000,173.3770,0.8230,405215949000,0.1570,0.4550
696.9860,173.2310,0.8290,405216002000,0.1570,0.4550
696.3860,173.0850,0.8340,405232928500,0.1570,0.4550
695.7860,172.8660,0.8390,405232999100,0.1570,0.4550
695.2290,172.6110,0.8430,405233003200,0.1570,0.4550
694.6290,172.3920,0.8470,405233031000,0.1570,0.4550
694.1140,172.1730,0.8510,405233033900,0.1570,0.4550
693.5140,171.9540,0.8540,405249933500,0.1570,0.4550
692.9140,171.7350,0.8570,405249999100,0.1570,0.4550
692.4000,171.4430,0.8600,405266889200,0.1570,0.4550
691.9710,170.9690,0.8630,405266960800,0.1570,0.4550
691.5000,170.8230,0.8650,405266964800,0.1570,0.4550
691.0710,170.6040,0.8680,405266983400,0.1570,0.4550
690.6860,170.3120,0.8700,405283504200,0.1570,0.4550
690.3000,170.0200,0.8710,405283570200,0.1570,0.4550
690.0000,169.6190,0.8730,405283572600,0.1570,0.4550
689.7000,169.3270,0.8740,405283574400,0.1570,0.4550
689.4000,168.9620,0.8750,405283576000,0.1570,0.4550
689.2710,168.5970,0.8760,405299701300,0.1570,0.4550
689.0140,168.1960,0.8770,405299767900,0.1570,0.4550
688.8860,167.9040,0.8780,405315699000,0.1570,0.4550
688.7140,167.5390,0.8790,405315763400,0.1570,0.4550
688.5860,167.2470,0.8800,405315766000,0.1570,0.4550
688.5000,166.9190,0.8800,405315767800,0.1570,0.4550
688.2860,166.1160,0.8820,405348288900,0.1570,0.4550
688.2000,165.4960,0.8820,405348367300,0.1570,0.4550
688.1140,164.9120,0.8830,405348372200,0.1570,0.4550
688.0710,164.2920,0.8830,405364521800,0.1570,0.4550
688.1140,163.4160,0.8820,405380589700,0.1570,0.4550
688.3710,162.7960,0.8820,405396771500,0.1570,0.4550
688.5000,162.4310,0.8810,405396855800,0.1570,0.4550
688.7140,162.0660,0.8810,405396859600,0.1570,0.4550
688.8860,161.7010,0.8810,405396861700,0.1570,0.4550
689.1000,161.0810,0.8800,405412876400,0.1570,0.4550
689.2710,160.7890,0.8800,405412944900,0.1570,0.4550
689.4000,160.3510,0.8800,405428940300,0.1570,0.4550
689.5710,159.9500,0.8800,405429002400,0.1570,0.4550
689.7000,159.5120,0.8810,405445178300,0.1570,0.4550
689.8710,159.1470,0.8800,405461312200,0.1570,0.4550
690.1720,158.8550,0.8770,405493359100,0.1570,0.4550
690.4710,158.9280,0.8750,405493415800,0.1570,0.4550
690.7710,159.2200,0.8740,405509499000,0.1570,0.4550
690.9000,159.3660,0.8730,405509569000,0.1570,0.4550
691.1140,159.5120,0.8730,405525735000,0.1570,0.4550
691.2860,159.7310,0.8730,405525798600,0.1570,0.4550
691.5860,160.2050,0.8730,405525801100,0.1570,0.4550
691.8000,160.5700,0.8730,405525802600,0.1570,0.4550
692.1000,160.9350,0.8730,405542607400,0.1570,0.4550
692.3140,161.3730,0.8720,405542766900,0.1570,0.4550
692.6140,161.9930,0.8720,405542772700,0.1570,0.4550
692.9140,162.5040,0.8720,405542775300,0.1570,0.4550
693.2140,163.0510,0.8720,405558867500,0.1570,0.4550
693.4710,163.6350,0.8720,405558928700,0.1570,0.4550
693.8140,164.4740,0.8720,405558931100,0.1570,0.4550
694.2000,165.2770,0.8720,405575789700,0.1570,0.4550
694.5860,166.1160,0.8730,405575853500,0.1570,0.4550
694.9290,166.9190,0.8730,405575858900,0.1570,0.4550
695.2290,167.6850,0.8730,405575861400,0.1570,0.4550
695.6140,168.3420,0.8730,405591966400,0.1570,0.4550
695.9140,168.9620,0.8730,405592027700,0.1570,0.4550
696.1290,169.5460,0.8730,405592032300,0.1570,0.4550
696.4290,170.0930,0.8740,405608891700,0.1570,0.4550
696.7290,170.6770,0.8730,405608954200,0.1570,0.4550
696.9860,171.1880,0.8740,405608957600,0.1570,0.4550
697.2860,171.7350,0.8740,405608960000,0.1570,0.4550
697.8000,172.3920,0.8740,405625465000,0.1570,0.4550
698.1860,172.9390,0.8740,405625551900,0.1570,0.4550
698.6140,173.3770,0.8740,405625556900,0.1570,0.4550
699.2140,174.0340,0.8740,405641603400,0.1570,0.4550
699.6860,174.5810,0.8740,405641683000,0.1570,0.4550
700.0290,175.0190,0.8740,405641686800,0.1570,0.4550
700.4140,175.4570,0.8740,405641689100,0.1570,0.4550
700.8000,175.7850,0.8740,405658528100,0.1570,0.4550
701.1000,176.2960,0.8740,405658599400,0.1570,0.4550
701.4860,176.6610,0.8730,405658602900,0.1570,0.4550
701.7000,176.9890,0.8730,405658605000,0.1570,0.4550
701.9140,177.4270,0.8720,405675607600,0.1570,0.4550
702.1290,177.7190,0.8720,405675671900,0.1570,0.4550
702.3000,178.0110,0.8710,405692599400,0.1570,0.4550
702.4290,178.3030,0.8710,405692662400,0.1570,0.4550
702.6000,178.5580,0.8700,405692664900,0.1570,0.4550
702.7290,178.7770,0.8700,405692666700,0.1570,0.4550
702.9000,178.9960,0.8700,405709170300,0.1570,0.4550
702.9430,179.1420,0.8690,405709252000,0.1570,0.4550
703.1140,179.3610,0.8690,405709255700,0.1570,0.4550
703.3280,179.7260,0.8680,405725602100,0.1570,0.4550
703.4140,179.9810,0.8670,405725662600,0.1570,0.4550
703.5430,180.1270,0.8670,405725664600,0.1570,0.4550
703.7140,180.4920,0.8660,405742509700,0.1570,0.4550
703.8430,180.7110,0.8660,405742575000,0.1570,0.4550
704.0140,181.0030,0.8650,405742580900,0.1570,0.4550
704.1430,181.3310,0.8650,405758987200,0.1570,0.4550
704.2290,181.6230,0.8660,405775974100,0.1570,0.4550
704.3140,181.9150,0.8660,405776037400,0.1570,0.4550
704.2290,182.3530,0.8670,405808835000,0.1570,0.4550
704.0140,182.6810,0.8680,405808898500,0.1570,0.4550
703.8430,182.9000,0.8690,405808901700,0.1570,0.4550
703.6290,182.9730,0.8700,405825828800,0.1570,0.4550
703.3280,183.3380,0.8710,405825906900,0.1570,0.4550
702.9000,183.5570,0.8730,405825910400,0.1570,0.4550
702.4290,183.8490,0.8740,405825913900,0.1570,0.4550
702.0000,184.1040,0.8750,405825916000,0.1570,0.4550
701.4000,184.3230,0.8770,405842278400,0.1570,0.4550
700.7140,184.5420,0.8790,405842384800,0.1570,0.4550
699.8140,184.8340,0.8800,405858421100,0.1570,0.4550
698.9140,185.1260,0.8820,405858481000,0.1570,0.4550
697.9290,185.3450,0.8840,405858484900,0.1570,0.4550
697.1140,185.6000,0.8850,405858487500,0.1570,0.4550
696.3860,185.8190,0.8870,405874722100,0.1570,0.4550
695.7000,185.8920,0.8880,405874789400,0.1750,0.4550
695.1000,186.0380,0.8900,405874793400,0.1750,0.4550
694.5000,186.1840,0.8910,405874795900,0.1750,0.4550
693.8140,186.3300,0.8920,405890737400,0.1750,0.4550
693.1710,186.4030,0.8930,405890783700,0.1750,0.4550
692.6140,186.5490,0.8950,405890786100,0.1750,0.4550
691.9710,186.5490,0.8960,405906817400,0.1750,0.4550
691.2860,186.6950,0.8970,405906900900,0.1750,0.4550
690.6860,186.8040,0.8990,405906905600,0.1750,0.4550
690.0000,186.9500,0.9010,405923719300,0.1750,0.4550
689.4000,187.0230,0.9030,405923784000,0.1750,0.4550
688.6710,187.0230,0.9060,405923788300,0.1750,0.4550
688.0710,187.0960,0.9080,405923790800,0.1750,0.4550
687.3860,187.1690,0.9110,405940067500,0.1750,0.4550
686.7000,187.1690,0.9140,405940126100,0.1750,0.4550
685.9710,187.1690,0.9170,405940129700,0.1750,0.4550
685.2000,187.1690,0.9210,405940132000,0.1750,0.4550
684.5570,187.0960,0.9240,405956235000,0.1750,0.4550
683.8710,187.0960,0.9280,405956311600,0.1750,0.4550
683.1000,186.9500,0.9310,405972351800,0.1930,0.4550
682.4570,186.8770,0.9350,405972414700,0.1930,0.4550
681.7710,186.8040,0.9380,405972417800,0.1930,0.4550
681.0860,186.5490,0.9420,405972420000,0.1930,0.4550
680.4860,186.4760,0.9450,405972422200,0.1930,0.4550
679.8000,186.4030,0.9490,405989395600,0.1930,0.4550
679.2000,186.2570,0.9520,405989458200,0.1930,0.4550
678.6000,186.1110,0.9550,406006344700,0.1930,0.4550
678.0000,185.9650,0.9580,406006407700,0.1930,0.4550
677.4860,185.8190,0.9610,406006411100,0.1930,0.4550
676.9710,185.6730,0.9640,406006413600,0.1930,0.4550
676.4570,185.5270,0.9670,406006415700,0.1930,0.4550
675.9860,185.3450,0.9700,406022523600,0.1930,0.4550
675.5570,185.1260,0.9730,406022592800,0.1930,0.4550
675.0430,184.9800,0.9780,406039552700,0.1930,0.4550
674.5710,184.7610,0.9800,406039647100,0.1930,0.4550
674.1430,184.4690,0.9830,406039651600,0.1930,0.4550
673.7570,184.1770,0.9850,406039654500,0.1930,0.4550
673.2860,183.9220,0.9870,406055724300,0.1930,0.4550
672.9430,183.6300,0.9890,406055786700,0.1930,0.4550
672.5570,183.3380,0.9900,406055789100,0.1930,0.4550
672.0860,182.9730,0.9920,406055790700,0.1930,0.4550
671.7430,182.6080,0.9930,406055792300,0.1930,0.4550
671.3570,182.2070,0.9940,406072608700,0.1930,0.4550
670.9710,181.7690,0.9950,406072672500,0.1930,0.4550
670.5860,181.4040,0.9970,406089601900,0.1930,0.4550
670.2430,181.0030,0.9980,406089671800,0.1930,0.4550
669.9430,180.4920,0.9990,406089674800,0.1930,0.4550
669.5570,180.0540,1.0000,406089677100,0.1930,0.4550
669.2570,179.5800,1.0000,406089679100,0.1930,0.4550
668.9570,178.9960,1.0000,406106656500,0.1930,0.4550
668.5710,178.3030,1.0000,406106721100,0.1930,0.4550
668.1430,177.5730,1.0000,406122769700,0.1930,0.4550
667.8430,176.8800,1.0000,406122844500,0.1930,0.4550
667.4570,176.1500,1.0000,406122848400,0.1930,0.4550
667.1570,175.3110,1.0000,406122850500,0.1930,0.4550
666.8570,174.4350,1.0000,406139775900,0.1930,0.4550
666.5570,173.5960,1.0000,406139838200,0.1930,0.4550
666.2570,172.6840,1.0000,406139842100,0.1930,0.4550
666.0430,171.8080,1.0000,406155779500,0.1930,0.4550
665.8280,170.8960,1.0000,406155836100,0.1930,0.4550
665.5710,169.9110,1.0000,406155839500,0.1930,0.4550
665.3570,169.0350,1.0000,406155842300,0.1930,0.4550
665.1430,168.0500,1.0000,406172819700,0.1930,0.4550
664.9710,167.2470,1.0000,406172883800,0.1930,0.4550
664.7570,166.1890,1.0000,406172886300,0.1930,0.4550
664.5430,165.2770,1.0000,406172887800,0.1930,0.4550
664.3710,164.2190,1.0000,406189710400,0.1930,0.4550
664.1570,163.1970,1.0000,406189773000,0.1930,0.4550
664.0290,162.1390,1.0000,406206730700,0.1930,0.4550
663.7710,161.0080,1.0000,406206808500,0.1930,0.4550
663.6430,159.9500,1.0000,406206811800,0.1930,0.4550
663.4710,158.7820,1.0000,406206814600,0.1930,0.4550
663.2570,157.5780,1.0000,406206816100,0.1930,0.4550
663.1290,156.4470,1.0000,406222912300,0.1930,0.4550
662.8710,155.2430,1.0000,406222980700,0.1930,0.4550
662.7430,154.0390,1.0000,406239903600,0.1930,0.4550
662.5710,152.9080,1.0000,406239967300,0.1930,0.4550
662.4430,151.7410,1.0000,406239970500,0.1930,0.4550
662.2710,150.6090,1.0000,406239972500,0.1930,0.4550
662.1430,149.4050,1.0000,406256074900,0.1930,0.4550
661.9710,148.3470,1.0000,406256136300,0.1930,0.4550
661.9290,147.2890,1.0000,406256139800,0.1930,0.4550
661.7570,146.2680,1.0000,406256142100,0.1930,0.4550
661.5430,145.2090,1.0000,406272230700,0.1930,0.4550
661.4570,144.1510,1.0000,406272284200,0.1930,0.4550
661.2430,143.1660,1.0000,406272286300,0.1930,0.4550
661.1570,142.2180,1.0000,406289189400,0.1930,0.4550
661.0290,141.5240,1.0000,406289272600,0.1930,0.4550
660.9430,140.7950,1.0000,406289277000,0.1930,0.4550
660.8570,140.0280,1.0000,406289280800,0.1930,0.4550
660.7290,139.3720,1.0000,406305181000,0.1930,0.4550
660.6430,138.6050,1.0000,406305230100,0.1930,0.4550
660.5570,137.9490,1.0000,406322169800,0.1930,0.4550
660.5140,137.2550,1.0000,406322205400,0.1930,0.4550
660.5140,136.5260,1.0000,406322207500,0.1930,0.4550
660.4290,135.7590,1.0000,406322209100,0.1930,0.4550
660.3430,135.0300,1.0000,406322210500,0.1930,0.4550
660.2570,134.1910,1.0000,406338321300,0.1930,0.4730
660.2140,133.3510,1.0000,406338372500,0.1930,0.4730
660.1290,132.4030,1.0000,406338376000,0.1930,0.4730
660.1290,131.4180,1.0000,406354675500,0.1930,0.4730
659.9570,130.5780,1.0000,406354776200,0.1930,0.4730
659.9570,129.7760,1.0000,406354783600,0.1930,0.4730
659.9140,128.9360,1.0000,406354785900,0.1930,0.4730
659.9140,128.2070,1.0000,406370668700,0.1930,0.4730
659.9140,127.4410,1.0000,406370738600,0.1930,0.4730
659.8290,126.6380,1.0000,406387847100,0.1930,0.4730
659.8290,126.0180,1.0000,406387927800,0.1930,0.4730
659.7430,125.2880,1.0000,406387931900,0.1930,0.4730
659.7430,124.5950,1.0000,406387934300,0.1930,0.4730
659.6570,123.9380,1.0000,406404776100,0.1930,0.4730
659.6570,123.2450,1.0000,406404903300,0.1930,0.4730
659.6140,122.6610,1.0000,406404912100,0.1930,0.4730
659.6140,122.0400,1.0000,406404915100,0.1930,0.4730
659.6140,121.4570,1.0000,406404918100,0.1930,0.4730
659.6140,120.8730,1.0000,406421739100,0.1930,0.4730
659.5290,120.3990,1.0000,406421813000,0.1930,0.4730
659.5290,119.9610,1.0000,406438070800,0.1930,0.4730
659.5290,119.5960,1.0000,406438150400,0.1930,0.4730
659.5290,119.1950,1.0000,406438156100,0.1930,0.4730
659.4430,118.9030,1.0000,406438158400,0.1930,0.4730
659.3570,118.2460,1.0000,406454308100,0.1930,0.4730
659.3570,117.9910,1.0000,406454400900,0.1930,0.4730
659.3140,117.4800,1.0000,406470842100,0.1930,0.4730
659.3140,117.0420,1.0000,406471139200,0.1930,0.4730
659.2290,116.7500,1.0000,406486960200,0.1930,0.4730
658.5430,117.1880,0.9640,406503305900,0.1930,0.4730
658.2430,117.6990,0.9270,406503434400,0.1930,0.4730
657.8570,118.4650,0.8720,406519162500,0.1930,0.4730
657.5140,120.1070,0.8330,406519210200,0.1930,0.4730
657.5570,120.9460,0.6940,406519212800,0.1930,0.4730
657.7290,121.9680,0.5780,406535224400,0.1750,0.4720
675.4710,150.9010,0.5770,407033144100,0.0000,0.4010
675.3430,150.6090,0.4240,407033174200,0.0000,0.4190
675.0860,150.1350,0.3670,407049261300,0.0000,0.4190
674.9570,149.9160,0.3830,407065699200,0.0000,0.4190
674.7860,149.5510,0.4300,407065729300,0.0000,0.4190
674.7430,149.3320,0.4560,407065730100,0.0000,0.4190
674.5710,148.9680,0.5070,407081805400,0.0000,0.4190
674.4860,148.6390,0.5550,407098012400,0.0000,0.4190
674.4430,148.2010,0.6040,407098044500,0.0000,0.4190
674.2710,148.0550,0.6500,407098045700,0.0000,0.4190
674.1430,147.7640,0.7140,407130452200,0.0000,0.4190
673.8860,147.5450,0.7830,407147078500,0.0530,0.4370
673.9710,148.4930,0.8990,407212042800,0.1050,0.4550
674.0570,148.8580,0.8730,407229062000,0.1050,0.4550
674.1430,149.1130,0.8510,407246001400,0.1050,0.4550
674.2710,149.4050,0.8250,407246065300,0.1230,0.4550
674.4430,149.7700,0.7830,407246069800,0.1570,0.4550
674.5710,149.9890,0.7470,407262130600,0.1750,0.4550
674.7860,150.1350,0.7010,407262200400,0.1930,0.4550
675.2570,150.4640,0.5840,407262203700,0.1930,0.4550
676.4570,150.8280,0.8330,407278243000,0.1930,0.4550
676.6720,150.9010,0.6940,407295062300,0.1930,0.4550
682.4570,149.9890,1.0000,407528635000,0.0000,0.4010
682.5860,149.7700,1.0000,407528686100,0.0000,0.4010
682.7570,149.5510,1.0000,407544776700,0.0000,0.4010
684.0860,147.8370,0.0260,407596560000,0.0000,0.4190
684.1720,147.6180,0.0600,407612530900,0.0000,0.4190
684.3000,147.3620,0.0980,407612567500,0.0000,0.4190
684.4710,146.9240,0.1790,407628771800,0.0000,0.4190
684.5570,146.7050,0.2200,407628816700,0.0000,0.4190
684.7710,146.4130,0.3010,407645042400,0.0000,0.4190
684.9000,146.1220,0.3770,407662048800,0.0000,0.4190
685.0710,145.9390,0.4140,407662084300,0.0000,0.4190
685.2000,145.5740,0.5130,407662086000,0.0000,0.4190
685.3710,145.4280,0.5700,407678250000,0.0000,0.4190
685.7140,145.4280,0.6880,407694338600,0.0000,0.4190
685.8860,145.7930,0.7470,407726819600,0.0000,0.4190
685.9710,146.1950,0.7800,407726877800,0.0000,0.4190
685.9710,146.6320,0.8090,407743007700,0.0000,0.4190
686.0140,146.9970,0.8330,407743064300,0.0000,0.4190
686.0140,147.2890,0.8430,407743067000,0.0000,0.4190
686.1000,147.5450,0.8530,407759065200,0.0000,0.4190
686.1860,148.0550,0.8690,407759123900,0.0000,0.4190
686.2710,148.2010,0.8760,407775623700,0.0000,0.4190
686.3140,148.4930,0.8830,407775677800,0.0000,0.4190
686.4000,149.0410,0.8940,407775681100,0.0000,0.4190
686.4860,149.2590,0.8980,407792595600,0.0180,0.4200
686.5710,149.5510,0.9010,407792659700,0.0350,0.4190
686.6140,149.7700,0.9020,407808715900,0.0530,0.4200
686.7000,150.2810,0.8820,407808789400,0.0880,0.4200
686.9140,150.8280,0.8580,407808792300,0.1050,0.4190
687.0000,151.1930,0.8380,407808796900,0.1230,0.4190
686.9140,151.6310,0.7950,407824977400,0.1230,0.4370
687.0000,151.9590,0.6620,407825030000,0.1230,0.4550
687.0860,152.2510,0.5520,407825032100,0.1230,0.4550
641.4860,175.3840,0.0420,408784624500,0.1230,0.4720
641.6140,175.0920,0.1230,408784652200,0.1230,0.4720
641.6140,174.7270,0.1950,408800913800,0.1230,0.4720
641.6140,174.4350,0.2540,408817298900,0.1230,0.4720
641.6140,174.0340,0.3080,408817333400,0.1230,0.4720
641.6140,173.5960,0.3880,408833598900,0.1230,0.4720
641.6140,173.2310,0.4680,408849917100,0.1230,0.4720
641.6140,172.8660,0.5420,408866069100,0.1230,0.4720
641.7000,172.6110,0.5850,408866097600,0.1230,0.4720
641.6140,172.1730,0.7010,408898837700,0.1230,0.4720
641.7860,173.3770,0.7670,408964170800,0.1230,0.4720
641.8280,173.5960,0.7700,408964212000,0.1230,0.4720
641.9140,173.8880,0.7740,408964213300,0.1230,0.4720
642.0000,174.2160,0.7770,408980303300,0.1230,0.4720
642.1290,174.5080,0.7810,408980342200,0.1230,0.4720
642.2140,174.8000,0.7840,408980346400,0.1230,0.4720
642.3860,175.2380,0.7860,408980347500,0.1230,0.4720
642.5140,175.6390,0.7890,408997186200,0.1230,0.4720
642.6000,176.0040,0.7920,408997220900,0.1230,0.4720
642.7290,176.2960,0.7940,409013376500,0.1230,0.4720
642.8140,176.5880,0.7960,409013420300,0.1230,0.4720
642.9000,176.8800,0.7980,409013425400,0.1230,0.4720
642.9860,177.2080,0.8000,409013426900,0.1230,0.4720
643.0290,177.4270,0.8020,409013428200,0.1230,0.4720
643.2000,177.7190,0.8030,409030002100,0.1230,0.4720
643.2860,177.9380,0.8040,409030062800,0.1230,0.4720
643.3280,178.1570,0.8050,409046051300,0.1230,0.4720
643.4140,178.4850,0.8060,409046100900,0.1230,0.4720
643.5000,178.7040,0.8080,409046102500,0.1230,0.4720
643.6290,178.9960,0.8090,409046103900,0.1230,0.4720
643.7140,179.2150,0.8100,409062528900,0.1230,0.4720
643.8860,179.3610,0.8110,409062594600,0.1230,0.4720
643.9290,179.7260,0.8110,409062597700,0.1230,0.4720
644.1000,179.9810,0.8120,409079612000,0.1230,0.4720
644.1860,180.2000,0.8130,409079658700,0.1230,0.4720
644.2290,180.4190,0.8140,409079660600,0.1230,0.4720
644.4000,180.7110,0.8140,409079661800,0.1230,0.4720
644.4860,180.9300,0.8150,409096523900,0.1230,0.4720
644.5290,181.1850,0.8150,409096574700,0.1230,0.4720
644.6140,181.4040,0.8160,409096576900,0.1230,0.4720
644.7860,181.7690,0.8170,409112576800,0.1230,0.4720
644.8290,181.9880,0.8170,409112622200,0.1230,0.4720
645.0000,182.1340,0.8170,409112623800,0.1230,0.4720
645.1290,182.4990,0.8180,409129660700,0.1230,0.4720
645.3000,182.8270,0.8180,409129709600,0.1230,0.4720
645.3430,183.1190,0.8190,409145975900,0.1230,0.4720
645.3430,183.4110,0.8200,409162221100,0.1230,0.4720
645.4290,183.7030,0.8220,409162301200,0.1230,0.4720
645.5140,184.1040,0.8280,409178460500,0.1230,0.4720
645.3430,184.3960,0.8330,409194680700,0.1230,0.4720
645.2140,184.6150,0.8390,409194745300,0.1230,0.4720
644.9140,184.9070,0.8440,409211614400,0.1230,0.4720
644.7000,185.0530,0.8470,409211673000,0.1230,0.4720
644.3140,185.3450,0.8510,409227695600,0.1230,0.4720
644.1000,185.6000,0.8530,409227765700,0.1230,0.4720
643.8000,185.7460,0.8560,409227769300,0.1230,0.4720
643.5860,185.8920,0.8580,409243685700,0.1230,0.4720
643.1140,186.0380,0.8610,409243743700,0.1230,0.4720
642.7290,186.2570,0.8640,409243747500,0.1230,0.4720
642.3000,186.4760,0.8670,409243750100,0.1230,0.4720
641.8280,186.5490,0.8700,409243752600,0.1230,0.4720
641.4000,186.8040,0.8740,409260760600,0.1230,0.4720
640.8860,186.9500,0.8780,409260821600,0.1230,0.4720
640.3290,187.0960,0.8820,409276795200,0.1230,0.4720
639.6860,187.1690,0.8860,409276861000,0.1230,0.4720
639.0000,187.3150,0.8890,409276865200,0.1230,0.4720
638.3140,187.4610,0.8920,409276867500,0.1230,0.4720
637.5860,187.5340,0.8950,409292910800,0.1230,0.4720
636.6000,187.6800,0.8980,409292975800,0.1230,0.4720
635.7000,187.7530,0.9000,409309036500,0.1230,0.4720
634.9710,187.8990,0.9020,409309101100,0.1230,0.4720
634.2000,187.9720,0.9040,409309103800,0.1230,0.4720
633.5140,187.9720,0.9060,409309105600,0.1230,0.4720
632.7860,188.0450,0.9080,409309107200,0.1230,0.4720
632.1860,188.1180,0.9090,409325344700,0.1230,0.4720
631.5860,188.2270,0.9110,409325409800,0.1230,0.4720
630.9860,188.2270,0.9130,409341699600,0.1230,0.4720
630.3860,188.3000,0.9150,409341771100,0.1230,0.4720
629.8710,188.3000,0.9180,409341774800,0.1230,0.4720
629.4000,188.3000,0.9210,409341777200,0.1230,0.4720
628.8000,188.3000,0.9240,409357772100,0.1230,0.4720
628.2860,188.3000,0.9280,409357846500,0.1230,0.4720
627.8570,188.2270,0.9330,409357851100,0.1230,0.4720
627.4710,188.2270,0.9370,409357854000,0.1230,0.4720
626.8710,188.1180,0.9420,409374084200,0.1230,0.4720
626.3570,188.0450,0.9460,409374146000,0.1230,0.4720
625.8000,187.8990,0.9500,409374149500,0.1230,0.4720
625.2000,187.7530,0.9540,409390248200,0.1230,0.4720
624.6000,187.6800,0.9580,409390309100,0.1230,0.4720
623.9570,187.6070,0.9610,409390312600,0.1230,0.4720
623.3570,187.4610,0.9640,409390314900,0.1230,0.4720
622.5860,187.3150,0.9670,409406515600,0.1230,0.4720
622.0710,187.1690,0.9690,409406578900,0.1230,0.4720
621.4710,187.0230,0.9710,409423596400,0.1230,0.4720
620.9570,186.9500,0.9730,409423665100,0.1230,0.4720
620.3570,186.8040,0.9780,409423668500,0.1230,0.4720
619.8430,186.5490,0.9800,409423670700,0.1230,0.4720
619.3710,186.4760,0.9820,409423672800,0.1230,0.4720
618.9430,186.3300,0.9840,409439770500,0.1230,0.4720
618.3860,186.1840,0.9870,409439844600,0.1230,0.4720
618.0430,185.9650,0.9880,409439848100,0.1230,0.4720
617.6570,185.8190,0.9920,409456774600,0.1230,0.4720
617.2710,185.6000,0.9950,409456845900,0.1230,0.4720
616.8860,185.3450,0.9980,409456849200,0.1230,0.4720
616.5860,185.1260,1.0000,409456851400,0.1230,0.4720
616.1570,184.8340,1.0000,409472847300,0.1230,0.4720
615.8570,184.5420,1.0000,409472913500,0.1230,0.4720
615.3860,184.1770,1.0000,409489746500,0.1230,0.4720
615.0860,183.7760,1.0000,409489825200,0.1230,0.4720
614.7430,183.3380,1.0000,409489829000,0.1230,0.4720
614.3570,182.9730,1.0000,409489831500,0.1230,0.4720
613.9710,182.4990,1.0000,409505972800,0.1230,0.4720
613.7570,182.0610,1.0000,409506027000,0.1230,0.4720
613.3710,181.5500,1.0000,409506029100,0.1230,0.4720
613.0710,181.0760,1.0000,409506031200,0.1230,0.4720
612.7710,180.5650,1.0000,409506032700,0.1230,0.4720
612.4710,180.0540,1.0000,409522319800,0.1230,0.4720
612.1290,179.3610,1.0000,409522375500,0.1230,0.4720
611.9570,178.7040,1.0000,409538507300,0.1230,0.4720
611.7430,178.0110,1.0000,409538617600,0.1230,0.4720
611.3570,177.2810,1.0000,409538626700,0.1230,0.4720
611.0570,176.5150,1.0000,409538629600,0.1230,0.4720
610.7570,175.7120,1.0000,409555087600,0.1230,0.4720
610.5430,174.9460,1.0000,409555138600,0.1230,0.4720
610.2430,174.0340,1.0000,409571558700,0.1230,0.4720
609.9430,173.1580,1.0000,409571694700,0.1230,0.4720
609.7290,172.1730,1.0000,409571701500,0.1230,0.4720
609.5570,171.4430,1.0000,409571704400,0.1230,0.4720
609.2570,170.5310,1.0000,409571707400,0.1230,0.4720
608.9570,169.5460,1.0000,409587413100,0.1230,0.4720
608.7430,168.5970,1.0000,409587541200,-0.1220,0.4720
608.4430,167.6120,1.0000,409603595700,-0.1040,0.4720
608.2290,166.7000,1.0000,409603669100,-0.0870,0.4720
607.9710,165.6420,1.0000,409603672500,-0.0700,0.4730
607.8430,164.6200,1.0000,409603674700,-0.0520,0.4730
607.6290,163.5620,1.0000,409619773000,-0.0350,0.4720
607.4570,162.4310,1.0000,409619948900,-0.0350,0.4720
607.0710,161.2270,1.0000,409619961600,-0.0350,0.4720
606.7710,160.0960,1.0000,409619964000,-0.0350,0.4720
606.4710,159.0010,1.0000,409636730500,-0.0350,0.4720
606.2570,157.7970,1.0000,409636814400,-0.0350,0.4720
605.9570,156.7390,1.0000,409636820900,-0.0350,0.4720
605.6570,155.7540,1.0000,409653290100,-0.0350,0.4720
605.5710,154.7320,1.0000,409653400600,-0.0350,0.4720
605.2710,153.6740,1.0000,409653405400,-0.0350,0.4720
605.1430,152.7620,1.0000,409653425900,-0.0350,0.4720
604.9710,152.0320,1.0000,409669090500,-0.0350,0.4720
604.7570,151.0470,1.0000,409669155300,-0.0350,0.4720
604.7140,150.2810,1.0000,409669159000,-0.0350,0.4720
604.4140,149.4050,1.0000,409685941000,-0.0350,0.4720
604.1140,148.6390,1.0000,409686001700,-0.0350,0.4720
603.9430,147.9820,1.0000,409686004000,-0.0350,0.4720
603.8140,147.3620,1.0000,409686005800,-0.0350,0.4720
603.6430,146.7780,1.0000,409702998800,-0.0350,0.4720
603.5570,146.1950,1.0000,409703089500,-0.0350,0.4720
603.5140,145.6470,1.0000,409703093700,-0.0350,0.4720
603.3430,145.0640,1.0000,409703095900,-0.0350,0.4720
603.2570,144.5160,1.0000,409719462200,-0.0350,0.4720
603.1290,143.9320,1.0000,409719556700,-0.0350,0.4720
602.9570,143.4220,1.0000,409735537700,-0.0350,0.4720
602.9140,142.8010,1.0000,409735628400,-0.0350,0.4720
602.8290,142.2180,1.0000,409735632400,-0.0350,0.4720
602.8290,141.6700,1.0000,409735634900,-0.0350,0.4720
602.8290,141.0130,1.0000,409735637500,-0.0350,0.4720
602.6570,140.5760,1.0000,409752455100,-0.0350,0.4720
602.6140,139.9550,1.0000,409752527100,-0.0350,0.4720
602.4430,139.3720,1.0000,409769467000,-0.0350,0.4720
602.3570,138.7510,1.0000,409769550400,-0.0350,0.4720
602.3570,138.1680,1.0000,409769554900,0.0360,0.4720
602.3570,137.4010,1.0000,409769558200,0.0360,0.4720
602.2290,136.8910,1.0000,409769560400,0.0360,0.4720
602.1430,136.1970,1.0000,409786746500,0.0360,0.4720
602.1430,135.6130,1.0000,409786793300,0.0360,0.4720
602.1430,134.9570,1.0000,409802468300,0.0360,0.4720
602.0570,134.3360,1.0000,409802530500,0.0360,0.4720
601.9290,133.6800,1.0000,409802533300,0.0360,0.4720
601.9290,132.9140,1.0000,409802534800,0.0360,0.4720
601.8430,132.2570,1.0000,409802536100,0.0360,0.4720
601.7570,131.5640,1.0000,409819428000,0.0360,0.4720
601.7570,130.9800,1.0000,409819503700,0.0360,0.4720
601.8430,130.2140,1.0000,409835508600,0.0360,0.4720
601.7570,129.6300,1.0000,409835604400,0.0360,0.4720
601.7140,129.0090,1.0000,409835608700,0.0360,0.4720
601.6290,128.4260,1.0000,409835611000,0.0360,0.4720
601.7140,127.8050,1.0000,409851851700,0.0360,0.4720
601.7140,127.2950,1.0000,409851916900,0.0360,0.4720
601.6290,126.8570,1.0000,409851919500,0.0360,0.4720
601.5430,126.3090,1.0000,409851921000,0.0360,0.4720
601.4570,125.7990,1.0000,409851922400,0.0360,0.4720
601.4140,125.3610,1.0000,409868245400,0.0360,0.4720
601.4140,124.8870,1.0000,409868305600,0.0360,0.4720
601.3290,124.5220,1.0000,409884388400,0.0360,0.4720
601.3290,124.1570,1.0000,409884450500,0.0360,0.4720
601.4140,123.8650,1.0000,409884453600,0.0360,0.4720
601.3290,123.3910,1.0000,409900617300,0.0530,0.4730
601.2430,123.0260,1.0000,409900678400,0.0530,0.4730
601.3290,122.7340,1.0000,409916830500,0.0540,0.5080
601.3290,122.3690,1.0000,409916892300,0.0540,0.5080
601.4140,123.2450,0.9730,409949049800,0.0540,0.5080
601.2430,124.2300,0.9300,409949114100,0.0540,0.5080
601.1140,125.5800,0.7750,409965328100,0.0540,0.5080
600.8570,129.7760,0.8330,409965386000,0.0540,0.5080
601.1570,131.8550,0.6940,409965389500,0.0540,0.5080
613.9710,164.9850,0.0180,410265565800,0.1230,0.4720
614.1430,164.6200,0.0980,410281626700,0.1230,0.4720
614.1430,164.2190,0.1940,410281656800,0.1230,0.4720
614.1860,163.7810,0.2880,410298648200,0.1230,0.4720
614.1860,163.4160,0.3760,410314984800,0.1230,0.4720
614.1860,163.0510,0.4570,410315022800,0.1230,0.4720
614.3570,162.7230,0.5290,410331914500,0.1230,0.4720
614.3570,162.4310,0.5930,410331959500,0.1230,0.4720
614.4430,162.0660,0.6700,410348048700,0.1230,0.4720
614.7430,162.7960,0.8240,410396426600,0.1230,0.4720
614.7860,163.2700,0.8390,410412894400,0.1230,0.4720
614.8710,163.4890,0.8450,410412926800,0.1230,0.4720
614.9570,163.7810,0.8570,410428935900,0.1230,0.4720
614.9570,164.0730,0.8630,410428968200,0.1230,0.4720
615.0430,164.4010,0.8740,410445056600,0.1230,0.4720
615.0430,164.8390,0.8980,410461305400,0.1410,0.4720
614.7860,163.7810,0.9220,410509744500,0.1410,0.4720
614.6570,163.4160,0.8770,410509824100,0.1410,0.4720
614.5710,162.7960,0.8180,410526097100,0.1410,0.4720
581.7000,176.0040,0.0470,411515389000,0.0880,0.3850
581.6140,175.7850,0.0800,411531783500,0.0880,0.4030
581.4860,175.3110,0.1520,411531826300,0.0880,0.4370
581.4000,175.0190,0.1890,411531827600,0.0880,0.4540
581.2290,174.5810,0.2640,411547998400,0.0880,0.4540
581.1860,174.3620,0.3020,411548029100,0.0880,0.4540
580.9290,173.8880,0.3770,411564966200,0.0880,0.4540
580.8860,173.6690,0.4130,411565002100,0.0880,0.4540
580.8000,173.3770,0.4810,411581876600,0.0880,0.4540
580.6710,173.0120,0.5410,411581918400,0.0880,0.4540
580.5860,172.6840,0.5920,411597933300,0.0880,0.4540
580.3710,172.4650,0.6530,411614002700,0.0880,0.4540
580.3710,173.3770,0.7540,411646321400,0.0880,0.4540
580.2860,173.7420,0.7630,411646378100,0.0880,0.4540
580.3710,174.1070,0.7710,411662609000,0.0880,0.4540
580.2860,174.9460,0.7870,411662680000,0.0880,0.4540
580.2000,175.4570,0.7950,411679600600,0.0880,0.4540
580.2000,175.7850,0.8020,411679654900,0.0880,0.4540
580.1140,176.2960,0.8080,411679657000,0.0880,0.4540
580.1140,176.6610,0.8140,411679658700,0.0880,0.4540
580.0710,176.9890,0.8190,411696491000,0.0880,0.4540
580.0710,177.3540,0.8240,411696556300,0.0880,0.4540
579.9860,177.6460,0.8290,411696559200,0.0880,0.4540
579.9860,178.0110,0.8330,411696561600,0.0880,0.4540
579.9000,178.3030,0.8370,411712777900,0.0880,0.4540
579.9000,178.7040,0.8400,411712835000,0.0880,0.4540
579.8140,179.2880,0.8470,411728904200,0.0880,0.4540
579.8140,179.6530,0.8490,411728963600,0.0880,0.4540
579.8140,179.9810,0.8520,411728970300,0.0880,0.4540
579.8140,180.5650,0.8570,411745455900,0.0880,0.4540
579.7710,180.8570,0.8600,411745513100,0.0880,0.4540
579.7710,181.4040,0.8650,411761677800,0.0880,0.4540
579.7710,181.6230,0.8670,411761739600,0.0880,0.4540
579.7710,182.1340,0.8710,411778471000,0.0880,0.4540
579.6860,182.3530,0.8730,411778525700,0.0880,0.4540
579.6000,182.8270,0.8770,411778530100,0.0880,0.4540
579.5140,183.2650,0.8820,411794886800,0.0880,0.4540
579.4710,183.4840,0.8840,411794940300,0.0880,0.4540
579.2140,183.8490,0.8880,411811783300,0.0880,0.4540
579.1720,184.1040,0.8900,411811822500,0.0880,0.4540
578.9140,184.5420,0.8950,411828114100,0.0880,0.4540
578.7860,184.6880,0.8970,411828164900,0.0880,0.4540
578.6140,184.8340,0.9000,411844144100,0.0880,0.4540
578.4860,185.0530,0.9030,411844244800,0.0880,0.4540
578.2710,185.1990,0.9050,411844250800,0.0880,0.4540
577.8860,185.5270,0.9100,411844253900,0.1050,0.4550
577.6720,185.6730,0.9130,411860439800,0.1050,0.4550
577.3710,185.8190,0.9140,411860510400,0.1050,0.4550
576.9860,186.0380,0.9160,411860516600,0.1050,0.4550
576.6000,186.2570,0.9180,411876508900,0.1050,0.4550
576.1710,186.4760,0.9200,411876563000,0.1050,0.4550
575.7000,186.5490,0.9210,411876565900,0.1050,0.4550
575.3140,186.8770,0.9230,411892556600,0.1050,0.4550
574.8860,187.0230,0.9250,411892631000,0.1050,0.4550
574.3710,187.1690,0.9270,411892634000,0.1050,0.4550
573.9000,187.3150,0.9290,411892636300,0.1230,0.4550
573.4710,187.4610,0.9310,411908860600,0.1230,0.4550
573.0000,187.5340,0.9330,411908918000,0.1230,0.4550
572.4860,187.6800,0.9350,411908920300,0.1230,0.4550
571.9710,187.7530,0.9360,411925850700,0.1230,0.4550
571.5000,187.8990,0.9380,411925907400,0.1230,0.4550
570.9000,188.0450,0.9400,411925909400,0.1230,0.4550
570.3000,188.1180,0.9410,411925910900,0.1230,0.4550
569.7000,188.3000,0.9430,411941970200,0.1230,0.4550
569.1000,188.3730,0.9440,411942031900,0.1230,0.4550
568.5000,188.5190,0.9450,411942034700,0.1230,0.4550
567.8570,188.5920,0.9470,411942036800,0.1230,0.4550
567.3000,188.6650,0.9480,411958355300,0.1230,0.4550
566.6570,188.7380,0.9490,411958411500,0.1230,0.4550
566.0570,188.8110,0.9500,411958414400,0.1230,0.4550
565.5000,188.8840,0.9520,411974511200,0.1230,0.4550
564.9000,188.9570,0.9530,411974565500,0.1230,0.4550
564.3430,188.9570,0.9550,411974567500,0.1230,0.4550
563.7430,189.1030,0.9560,411974569000,0.1230,0.4550
563.1430,189.1030,0.9580,411991569000,0.1230,0.4550
562.5860,189.1030,0.9600,411991623000,0.1230,0.4550
562.1570,189.1760,0.9620,412008529600,0.1230,0.4550
561.6860,189.1760,0.9650,412008584500,0.1230,0.4550
561.3430,189.1030,0.9670,412008586500,0.1230,0.4550
560.9570,189.1030,0.9690,412008588300,0.1230,0.4550
560.5710,189.1030,0.9710,412008589600,0.1230,0.4550
560.1860,189.1030,0.9730,412024886400,0.1230,0.4550
559.5860,188.9570,0.9770,412024970000,0.1230,0.4550
559.0710,188.9570,0.9790,412041016100,0.1230,0.4550
558.4710,188.9570,0.9800,412041072700,0.1230,0.4550
557.9570,188.8840,0.9820,412041075000,0.1230,0.4550
557.3570,188.8110,0.9830,412041076500,0.1230,0.4550
556.8860,188.6650,0.9840,412057109700,0.1230,0.4550
556.4570,188.5920,0.9840,412057170400,0.1230,0.4550
555.9430,188.5190,0.9860,412073353300,0.1230,0.4550
555.4290,188.3730,0.9870,412073391200,0.1230,0.4550
555.0430,188.3000,0.9880,412073394000,0.1230,0.4550
554.5290,188.1180,0.9890,412073402700,0.1230,0.4550
553.9710,188.0450,0.9900,412073404500,0.1230,0.4550
553.5430,187.8990,0.9900,412089586400,0.1230,0.4550
553.1570,187.7530,0.9910,412089654200,0.1230,0.4550
552.7710,187.5340,0.9920,412089657700,0.1230,0.4550
552.4290,187.2420,0.9930,412089659700,0.1230,0.4550
551.9570,186.9500,0.9930,412106549500,0.1230,0.4550
551.7430,186.5490,0.9930,412106604500,0.1230,0.4550
551.4430,186.2570,0.9940,412122701900,0.1230,0.4550
551.0570,185.8190,0.9940,412122759300,0.1230,0.4550
550.6710,185.3450,0.9950,412122761400,0.1230,0.4550
550.4570,184.9800,0.9950,412122763000,0.1230,0.4550
550.0290,184.3230,0.9960,412122764200,0.1230,0.4550
549.5570,183.7760,0.9960,412139656900,0.1230,0.4550
549.3430,183.2650,0.9960,412139708000,0.1230,0.4550
548.8710,182.4990,0.9970,412139712300,0.1230,0.4550
548.5290,181.9150,0.9970,412156599200,0.1230,0.4550
548.1430,181.4040,0.9970,412156654400,0.1230,0.4550
547.7140,180.5650,0.9970,412156657400,0.1230,0.4550
547.4140,180.1270,0.9970,412172676200,0.1230,0.4550
547.1570,179.5800,0.9970,412172729800,0.1230,0.4550
546.8570,179.2150,0.9970,412172731900,0.1230,0.4550
546.5570,178.7770,0.9970,412172733600,0.1230,0.4550
546.4290,178.3030,0.9970,412172735200,0.1230,0.4550
546.1290,177.9380,0.9970,412189414900,0.1230,0.4550
546.0430,177.5730,0.9960,412189567700,0.1230,0.4550
545.9140,177.2810,0.9970,412205436300,0.1230,0.4550
545.8280,176.9890,0.9960,412205492100,0.1230,0.4550
545.5290,176.5880,0.9960,412205494000,0.1230,0.4550
545.4430,176.2230,0.9960,412205495300,0.1230,0.4550
545.3570,175.9310,0.9960,412221911000,0.1230,0.4550
545.2290,175.6390,0.9960,412221962300,0.1230,0.4550
545.0570,175.3840,0.9960,412238869600,0.1230,0.4550
544.8430,174.9460,0.9950,412238944800,0.1230,0.4550
544.7140,174.8000,0.9950,412238947900,0.1230,0.4550
544.4140,174.4350,0.9940,412254898900,0.1230,0.4550
544.3280,174.2890,0.9930,412254952800,0.1230,0.4550
544.1140,174.0340,0.9920,412271195900,0.1230,0.4550
543.8570,173.8150,0.9900,412271288800,0.1230,0.4550
543.6430,173.6690,0.9860,412287657000,-0.1220,0.4560
543.1290,173.8880,0.9820,412303747000,-0.0340,0.4550
542.9140,174.0340,0.9820,412320728300,-0.0340,0.4550
542.7430,174.4350,0.9800,412320872200,-0.0340,0.4550
542.5290,174.5810,0.9800,412320877500,-0.0340,0.4550
542.4430,174.8730,0.9800,412336788000,-0.0340,0.4550
542.2290,175.0920,0.9790,412336852500,-0.0340,0.4550
542.1430,175.3110,0.9790,412336855900,-0.0340,0.4550
542.0570,175.6390,0.9790,412353701600,-0.0340,0.4550
541.7570,176.0040,0.9790,412353771900,-0.0340,0.4550
541.7140,176.3690,0.9790,412353776000,-0.0340,0.4550
541.4140,176.8070,0.9780,412353778500,-0.0340,0.4550
541.1570,177.2080,0.9780,412370344100,-0.0340,0.4550
540.8570,177.6460,0.9790,412370481400,-0.0340,0.4550
540.6430,178.0840,0.9780,412370486900,-0.0340,0.4550
540.5140,178.4850,0.9780,412370488900,-0.0340,0.4550
540.4290,178.9230,0.9780,412370490700,-0.0340,0.4550
540.2140,179.3610,0.9780,412386839500,-0.0340,0.4550
539.9140,179.7260,0.9780,412386898000,-0.0340,0.4550
539.8290,180.1270,0.9780,412402972900,-0.0340,0.4550
539.7000,180.4920,0.9790,412403044000,-0.0340,0.4550
539.4430,180.8570,0.9790,412403047400,-0.0340,0.4550
539.4000,181.1850,0.9790,412403049100,-0.0340,0.4550
539.2290,181.5500,0.9800,412419023900,-0.0340,0.4550
539.1430,181.7690,0.9800,412419078800,-0.0340,0.4550
539.0140,181.9880,0.9800,412435665800,-0.0340,0.4550
538.8000,182.2070,0.9800,412435723000,-0.0340,0.4550
538.6290,182.4260,0.9800,412435726400,-0.0340,0.4550
538.5430,182.6810,0.9810,412435728200,-0.0340,0.4550
538.3280,182.9730,0.9820,412452657800,-0.0340,0.4550
538.2000,183.2650,0.9820,412452715000,-0.0340,0.4550
537.9430,183.4840,0.9830,412452718500,0.0000,0.4540
537.8140,183.6300,0.9840,412452720400,0.0000,0.4540
537.4290,183.9220,0.9840,412469754500,0.0000,0.4540
537.0000,184.1770,0.9840,412469830400,0.0000,0.4540
536.7430,184.3960,0.9840,412485811800,0.0000,0.4540
536.3140,184.6880,0.9850,412485864600,0.0000,0.4540
536.0140,184.8340,0.9850,412485867000,0.0000,0.4540
535.5000,185.0530,0.9850,412485868800,0.0000,0.4540
534.9430,185.2720,0.9850,412485870400,0.0000,0.4540
534.6000,185.5270,0.9860,412501955600,0.0000,0.4540
534.1290,185.7460,0.9860,412502011200,0.0000,0.4540
533.7000,185.9650,0.9860,412518025500,0.0000,0.4540
533.3140,186.1110,0.9860,412518155500,0.0000,0.4540
532.8430,186.3300,0.9860,412518162700,0.0000,0.4540
532.5000,186.4760,0.9870,412518164600,0.0000,0.4540
532.0290,186.6950,0.9870,412534195100,0.0000,0.4540
531.6860,186.8770,0.9870,412534251500,0.0000,0.4540
531.2140,187.0230,0.9880,412534253800,0.0000,0.4540
530.6140,187.2420,0.9880,412551161900,0.0000,0.4540
530.1000,187.3880,0.9880,412551230700,0.0000,0.4540
529.5000,187.6070,0.9880,412551236600,0.0000,0.4540
528.9000,187.7530,0.9890,412551238700,0.0000,0.4540
528.0000,187.9720,0.9880,412567209600,0.0000,0.4540
527.2290,188.2270,0.9880,412567266700,0.0000,0.4540
526.3290,188.4460,0.9880,412584127600,0.0000,0.4540
525.6000,188.6650,0.9890,412584199700,0.0000,0.4540
524.9140,188.8840,0.9890,412584203000,0.0000,0.4540
524.0140,189.1030,0.9890,412584204900,0.0000,0.4540
523.2000,189.3220,0.9890,412600194200,0.0000,0.4540
522.6000,189.4680,0.9890,412600248900,0.0000,0.4540
522.0000,189.6500,0.9900,412600251500,0.0000,0.4540
521.4000,189.7960,0.9900,412616488000,0.0000,0.4540
520.8000,189.9420,0.9900,412616557900,0.0000,0.4540
520.2860,190.0880,0.9900,412616561000,0.0180,0.4550
519.7710,190.1610,0.9900,412616563400,0.0350,0.4550
519.3000,190.3800,0.9900,412632551900,0.0530,0.4550
518.9140,190.4530,0.9900,412632606500,0.0700,0.4550
518.4000,190.5990,0.9900,412632609800,0.0880,0.4540
517.9710,190.7450,0.9900,412648853700,0.1050,0.4550
517.5000,190.8910,0.9900,412648910200,0.1230,0.4550
517.0710,191.0000,0.9900,412648912700,0.1230,0.4550
516.5140,191.1460,0.9900,412648914500,0.1230,0.4550
516.0000,191.2920,0.9910,412664889700,0.1230,0.4550
515.5710,191.3650,0.9910,412664933400,0.1230,0.4550
514.9710,191.5840,0.9910,412664935500,0.1230,0.4550
514.3710,191.7300,0.9910,412664936800,0.1230,0.4550
513.8570,191.8030,0.9910,412664938400,0.1400,0.4550
513.2570,191.9490,0.9920,412681274800,0.1400,0.4550
512.7000,192.0220,0.9920,412681326000,0.1400,0.4550
512.2710,192.0950,0.9930,412698184700,0.1570,0.4550
511.7570,192.1680,0.9930,412698256100,0.1570,0.4550
511.2000,192.2410,0.9940,412698259400,0.1570,0.4550
510.8570,192.3140,0.9950,412698261300,0.1570,0.4550
510.4710,192.3140,0.9950,412714547700,0.1570,0.4550
510.0000,192.3140,0.9960,412714601700,0.1570,0.4550
509.7860,192.3140,0.9970,412730659200,0.1570,0.4550
509.1860,192.2410,0.9980,412730719000,0.1570,0.4550
508.8000,192.2410,0.9990,412730722200,0.1570,0.4550
508.5000,192.1680,1.0000,412730724400,0.1570,0.4550
507.9860,192.0950,1.0000,412746771300,0.1570,0.4550
507.6430,191.9490,1.0000,412746825000,0.1570,0.4550
507.0860,191.8760,1.0000,412762823800,0.1570,0.4550
506.7430,191.7300,1.0000,412762877600,0.1570,0.4550
506.2710,191.5110,1.0000,412762879400,0.1570,0.4550
505.7570,191.3650,1.0000,412762880800,0.1570,0.4550
505.2430,191.1460,1.0000,412779374100,0.1570,0.4550
504.9430,190.8910,1.0000,412779428600,0.1570,0.4550
504.4710,190.6720,1.0000,412779431000,0.1570,0.4550
504.0430,190.4530,1.0000,412779434800,0.1570,0.4550
503.7430,190.1610,1.0000,412779436500,0.1570,0.4550
503.3570,189.8690,1.0000,412795458800,0.1570,0.4550
503.0570,189.5400,1.0000,412795508900,0.1570,0.4550
502.7570,189.1760,1.0000,412811666600,0.1570,0.4550
502.3710,188.7380,1.0000,412811724800,0.1570,0.4550
502.1570,188.3730,1.0000,412811727600,0.1570,0.4550
501.9430,187.8990,1.0000,412811733700,0.1570,0.4550
501.6860,187.4610,1.0000,412827585800,0.1570,0.4550
501.6430,187.0960,1.0000,412827623300,0.1570,0.4550
501.4710,186.5490,1.0000,412843793000,0.1570,0.4550
501.3430,186.1840,1.0000,412843859000,0.1570,0.4550
501.1710,185.7460,1.0000,412843862500,0.1570,0.4550
501.0430,185.2720,1.0000,412843864400,0.1570,0.4550
500.8710,184.8340,1.0000,412843866200,0.1570,0.4550
500.7860,184.3960,1.0000,412860774200,0.1570,0.4550
500.7430,183.9220,1.0000,412860834100,0.1570,0.4550
500.6570,183.4840,1.0000,412877144400,0.1570,0.4550
500.5710,182.9730,1.0000,412877200000,0.1570,0.4550
500.4430,182.4260,1.0000,412877202000,0.1570,0.4550
500.3570,181.9880,1.0000,412877203600,0.1570,0.4550
500.2710,181.4770,1.0000,412893194800,0.1570,0.4550
500.1860,180.9300,1.0000,412893262700,0.1570,0.4550
500.1430,180.3460,1.0000,412893266300,0.1570,0.4550
500.1430,179.7260,1.0000,412893268500,0.1570,0.4550
500.0570,179.2150,1.0000,412909407800,0.1570,0.4550
499.9710,178.6310,1.0000,412909458700,0.1570,0.4550
499.9710,178.0110,1.0000,412909462800,0.1570,0.4550
499.9290,177.5000,1.0000,412926307400,0.1570,0.4550
499.8430,176.8800,1.0000,412926364600,0.1570,0.4550
499.6710,176.2960,1.0000,412926367300,0.1570,0.4550
499.6290,175.7850,1.0000,412926369500,0.1570,0.4550
499.4570,175.2380,1.0000,412942400900,0.1570,0.4550
499.2430,174.7270,0.9990,412942455900,0.1570,0.4550
499.1570,174.2890,0.9980,412942458700,0.1570,0.4550
499.0290,173.7420,0.9970,412959379600,0.1570,0.4550
498.7710,173.3040,0.9960,412959433200,0.1570,0.4550
498.5570,172.9390,0.9950,412959435100,0.1570,0.4550
498.3430,172.4650,0.9930,412959439300,0.1570,0.4550
498.0430,172.1730,0.9910,412976371400,0.1570,0.4550
497.6570,171.8810,0.9880,412976425900,0.1570,0.4550
497.2710,171.5890,0.9860,412976428100,0.1570,0.4550
496.7570,171.3700,0.9840,412993286300,0.1570,0.4550
496.2430,171.1150,0.9810,412993338400,0.1570,0.4550
495.7710,170.8960,0.9790,412993340600,0.1750,0.4550
495.2570,170.7500,0.9780,412993342000,0.1750,0.4550
494.7430,170.6040,0.9760,413009606100,0.1750,0.4550
494.2290,170.4580,0.9750,413009667100,0.1750,0.4550
493.6710,170.3120,0.9740,413025663300,0.1750,0.4550
493.1570,170.1660,0.9720,413025724600,0.1750,0.4550
492.6430,170.0930,0.9710,413025727700,0.1750,0.4550
491.9570,170.0930,0.9700,413025729600,0.1750,0.4550
491.3570,170.0930,0.9690,413025731300,0.1750,0.4550
490.7140,170.0930,0.9690,413041753800,0.1750,0.4550
490.0290,170.1660,0.9680,413041799600,0.1750,0.4550
489.2570,170.3120,0.9670,413058704800,0.1750,0.4550
488.3570,170.6040,0.9660,413058759900,0.1750,0.4550
487.5430,170.8960,0.9650,413058763000,0.1750,0.4550
486.6430,171.2610,0.9650,413058765100,0.1930,0.4550
485.8280,171.6620,0.9630,413074830900,0.1930,0.4550
485.1430,172.1730,0.9620,413074894500,0.1930,0.4550
484.4570,172.6840,0.9610,413074897800,0.1930,0.4550
484.0290,173.2310,0.9610,413074899700,0.1930,0.4550
483.6000,173.7420,0.9600,413074901500,0.1930,0.4550
483.3000,174.2890,0.9590,413091691800,0.1930,0.4550
483.0430,174.7270,0.9590,413091762400,0.1930,0.4550
482.9140,175.2380,0.9580,413107795100,0.1930,0.4550
482.8290,175.7850,0.9580,413107851800,0.1930,0.4550
482.7430,176.2960,0.9580,413107854200,0.1930,0.4550
482.9140,176.8070,0.9570,413107855700,0.1930,0.4550
483.1290,177.3540,0.9570,413107857000,0.1930,0.4550
483.4290,177.7920,0.9570,413124693300,0.1930,0.4550
484.0290,178.4120,0.9570,413124747000,0.1930,0.4550
484.7140,178.9960,0.9570,413140904600,0.1930,0.4550
485.4430,179.5800,0.9570,413140961800,0.1930,0.4550
486.2140,180.1270,0.9570,413140963700,0.1930,0.4550
487.1140,180.5650,0.9570,413140965000,0.1930,0.4550
488.0140,181.1850,0.9570,413140966600,0.1930,0.4550
488.9570,181.6960,0.9570,413157211400,0.1930,0.4550
489.8570,182.1340,0.9550,413157268700,0.1930,0.4550
490.7570,182.4990,0.9500,413174206400,0.1930,0.4550
491.6570,182.9000,0.9420,413174262400,0.1930,0.4550
492.5570,183.2650,0.9300,413174266000,0.1930,0.4550
493.6290,183.4840,0.9150,413174267400,0.1930,0.4550
494.6570,183.5570,0.8950,413191211800,0.1930,0.4550
495.8570,183.6300,0.8690,413191284900,0.1930,0.4550
497.2290,183.6300,0.8530,413207222000,0.1930,0.4550
498.6430,183.4840,0.8280,413207286900,0.1930,0.4550
500.7860,183.1920,0.7950,413207289800,0.1930,0.4550
502.7570,182.7540,0.7550,413207291700,0.1930,0.4730
504.4710,182.0610,0.7020,413207293700,0.1930,0.4730
506.3570,181.4040,0.5850,413223589600,0.1930,0.4730
509.9570,179.3610,0.8330,413223683900,0.1930,0.4730
511.5860,178.3030,0.6940,413223688700,0.1930,0.4730
548.3570,163.4160,0.2080,413664009500,0.1750,0.5060
548.0140,163.1240,0.3190,413664056200,0.1750,0.5060
547.7140,162.7960,0.3820,413664058000,0.1580,0.5070
547.2430,162.5040,0.4220,413680107400,0.1580,0.5070
546.8140,162.2850,0.4520,413680140100,0.1580,0.5070
546.2570,161.9930,0.4760,413696184100,0.1580,0.5070
545.9140,161.7740,0.4980,413696217500,0.1580,0.5070
545.6140,161.5550,0.5190,413696218500,0.1580,0.5070
545.3570,161.3730,0.5380,413696219000,0.1580,0.5070
545.0570,161.2270,0.5550,413696219600,0.1580,0.5070
544.7140,161.0080,0.5870,413712555900,0.1580,0.5070
544.4570,160.8620,0.6020,413728674700,0.1580,0.5070
545.3140,160.4970,0.6830,413745570800,0.1580,0.5070
546.2570,160.3510,0.7000,413745596900,0.1580,0.5070
547.4570,160.2050,0.7170,413761692100,0.1580,0.5070
549.2570,159.8040,0.7340,413761725500,0.1580,0.5070
551.0570,159.5120,0.7510,413761738800,0.1580,0.5070
552.8570,159.1470,0.7670,413761739900,0.1580,0.5070
554.3570,158.7820,0.7830,413777741000,0.1580,0.5070
555.5570,158.5270,0.7990,413777773600,0.1580,0.5070
556.5860,158.2350,0.8130,413777774600,0.1580,0.5070
557.5710,158.0160,0.8270,413777775300,0.1580,0.5070
558.3860,157.7970,0.8410,413777775800,0.1580,0.5070
559.0710,157.6510,0.8530,413793761100,0.1580,0.5070
559.6710,157.4320,0.8640,413793795200,0.1580,0.5070
560.1430,157.2500,0.8750,413809775800,0.1580,0.5070
560.5710,157.1040,0.8850,413809810100,0.1580,0.5070
560.9570,157.0310,0.8930,413809811700,0.1580,0.5070
561.3430,156.8850,0.9010,413809812400,0.1580,0.5070
561.6430,156.8120,0.9080,413825768400,0.1580,0.5070
561.8570,156.7390,0.9120,413825804700,0.1580,0.5070
562.2860,156.5930,0.9040,413841924800,0.1580,0.5070
562.6720,156.5930,0.8600,413841962300,0.1580,0.5070
562.5430,157.1770,0.5550,413875135100,0.1580,0.5070
562.2430,157.5780,0.4630,413875154900,0.1580,0.5070
513.6860,199.3550,0.0290,414210321000,0.1050,0.4190
513.9860,199.2820,0.2410,414226368900,0.1230,0.4190
514.3710,199.6110,0.5590,414274959000,0.1230,0.4190
514.5000,199.6840,0.5950,414275023200,0.1230,0.4190
514.6710,199.7570,0.6290,414275025600,0.1230,0.4190
514.9710,200.1950,0.6880,414275028200,0.1230,0.4190
515.1000,200.4140,0.7140,414291098700,0.1230,0.4190
515.1860,200.6320,0.7370,414291161000,0.1230,0.4190
515.3570,200.7780,0.7590,414307300000,0.1230,0.4190
515.4000,201.3260,0.7960,414307383900,0.1230,0.4190
515.4860,201.4720,0.8130,414307388600,0.1230,0.4190
515.5710,201.9090,0.8370,414324273300,0.1230,0.4190
515.7000,202.1280,0.8410,414324336500,0.1230,0.4190
515.8710,202.4570,0.8090,414340625000,0.1230,0.4190
471.0000,148.5660,0.0280,415078871300,0.0000,0.0000
470.7860,148.0550,0.0670,415094645700,0.0000,0.0000
470.5290,147.4350,0.1080,415094665100,0.0000,0.0000
470.2290,146.7050,0.1480,415094666400,0.0000,0.0000
469.8860,145.7930,0.1850,415094667700,0.0000,0.0000
469.6290,145.1370,0.2200,415094669400,0.0000,0.0000
469.5000,144.4430,0.2530,415110755300,0.0000,0.0000
469.2860,143.8590,0.2870,415110773300,0.0000,0.0000
469.2000,143.1660,0.3190,415126884200,0.0000,0.0520
469.1140,142.5820,0.3500,415126912000,0.0000,0.1050
468.9860,141.9260,0.3810,415126912900,0.0000,0.1400
468.9000,141.2320,0.4110,415126913600,0.0000,0.1750
468.8140,140.6490,0.4410,415143075500,0.0000,0.2090
468.7290,140.1010,0.4700,415143101400,0.0000,0.2440
468.6000,139.5180,0.4970,415159341200,0.0000,0.2790
468.5140,138.9700,0.5250,415159371800,0.0000,0.3140
468.4290,138.4600,0.5520,415159372800,0.0000,0.3320
468.1290,138.0220,0.5770,415159373400,0.0000,0.3490
468.0860,137.6200,0.6010,415176331900,0.0000,0.3670
468.0860,137.2550,0.6230,415176360800,0.0000,0.3840
468.0000,136.9640,0.6440,415176361900,0.0000,0.4010
467.8290,136.7450,0.6630,415192404400,0.0000,0.4190
467.7860,136.1970,0.6960,415192436300,0.0000,0.4540
467.6140,136.0510,0.7110,415192437200,0.0000,0.4710
467.5710,135.6860,0.7470,415208512200,0.0000,0.4710
466.8860,136.0510,0.7940,415241590100,0.0000,0.4710
466.7140,136.4530,0.8030,415241611000,0.0000,0.4710
466.5000,136.8180,0.8120,415241612000,0.0000,0.4710
466.4140,137.2550,0.8210,415241615500,0.0000,0.4710
466.2860,137.8760,0.8290,415241616100,0.0000,0.4710
466.1140,138.4600,0.8380,415258537500,0.0000,0.4710
466.1140,139.2260,0.8460,415258558700,0.0000,0.4710
465.7710,140.2470,0.8540,415274596500,0.0000,0.4710
465.7710,141.2320,0.8620,415274614600,0.0000,0.4710
465.7710,142.4360,0.8690,415274615800,0.0000,0.4710
465.6000,143.6410,0.8760,415274616500,0.0000,0.4710
465.6000,144.9180,0.8830,415274617700,0.0000,0.4710
465.5140,146.2680,0.8890,415290707700,0.0000,0.4710
465.3860,147.4350,0.8950,415290737200,0.0000,0.4710
465.3000,148.7850,0.9010,415306708800,0.0000,0.4710
465.4710,150.1350,0.9060,415306734600,0.0000,0.4710
465.1720,152.0320,0.9110,415306735500,0.0000,0.4710
465.0000,153.6010,0.9150,415306736200,0.0000,0.4710
464.8710,154.9510,0.9190,415322822000,0.0000,0.4710
464.8710,156.1550,0.9230,415322863600,0.0000,0.4710
464.7000,157.3590,0.9270,415322866000,0.0000,0.4710
464.4860,158.5270,0.9300,415322867300,0.0000,0.4710
464.4000,159.7310,0.9330,415339745300,0.0000,0.4710
464.3140,160.8620,0.9360,415339783800,0.0000,0.4710
464.3140,161.9930,0.9380,415355810600,0.0000,0.4710
464.3140,163.0510,0.9410,415355862800,0.0000,0.4710
464.2710,164.0730,0.9430,415355865100,0.0000,0.4710
464.3140,164.9850,0.9450,415355866700,0.0000,0.4710
464.3140,165.7150,0.9460,415355867900,0.0000,0.4710
464.4000,166.4810,0.9480,415371852700,0.0000,0.4710
464.4000,167.2470,0.9500,415371910100,0.0000,0.4710
464.4000,167.9040,0.9510,415388081300,0.0000,0.4710
464.4000,168.5970,0.9530,415388113400,0.0000,0.4710
464.4000,169.3270,0.9540,415388115300,0.0000,0.4710
464.4000,169.9110,0.9560,415388116500,0.0000,0.4710
464.4000,170.6040,0.9580,415404824600,0.0000,0.4710
464.3140,171.2610,0.9600,415404885300,0.0000,0.4710
464.4000,171.8810,0.9610,415421069000,0.0000,0.4710
464.4000,172.4650,0.9630,415421188500,0.0000,0.4710
464.4860,173.0850,0.9640,415421378800,0.0000,0.4710
464.4000,173.6690,0.9660,415421406800,0.0000,0.4710
464.3140,174.2890,0.9670,415421409300,0.0000,0.4710
464.2710,174.8730,0.9690,415437039800,0.0000,0.4710
464.1860,175.3840,0.9700,415437115500,0.0000,0.4710
464.1860,176.0040,0.9700,415437119600,0.0000,0.4710
464.1000,176.5150,0.9710,415437122400,0.0000,0.4710
464.1000,176.9890,0.9720,415454031800,0.0000,0.4710
463.9710,177.5730,0.9730,415454073300,0.0000,0.4710
463.8860,178.0840,0.9730,415454076100,0.0000,0.4710
463.8860,178.6310,0.9730,415470346200,0.0000,0.4710
463.8860,179.0690,0.9740,415470445600,0.0000,0.4710
463.8860,179.3610,0.9740,415470451100,0.0000,0.4710
463.8000,179.9810,0.9740,415470454700,0.0000,0.4710
463.8000,180.4920,0.9750,415487359000,0.0000,0.4710
463.7140,180.8570,0.9750,415487465200,0.0000,0.4710
463.7140,181.2580,0.9760,415503636100,0.0000,0.4710
463.7140,181.6230,0.9770,415503710500,0.0000,0.4710
463.7140,181.9150,0.9770,415503714700,0.0000,0.4710
463.5860,182.2070,0.9780,415503717500,0.0000,0.4710
463.5860,182.4990,0.9780,415503723100,0.0000,0.4710
463.3710,182.9000,0.9790,415519963100,0.0000,0.4710
463.3710,183.4840,0.9790,415520027500,0.0180,0.4730
463.3710,183.7760,0.9800,415536466300,0.0360,0.4720
463.3710,184.1040,0.9800,415536655800,0.0360,0.4720
463.2860,184.4690,0.9800,415536666900,0.0360,0.4720
463.2860,184.7610,0.9800,415536669900,0.0360,0.4720
463.1140,185.5270,0.9810,415552661700,0.0530,0.4730
463.1140,185.8920,0.9810,415552844600,0.0710,0.4730
463.0710,186.2570,0.9810,415552850100,0.0710,0.4730
462.9000,186.5490,0.9810,415568901000,0.0710,0.4730
462.8140,186.8770,0.9810,415568959300,0.0710,0.4730
462.7710,187.1690,0.9810,415585900600,0.0710,0.4730
462.7710,187.6070,0.9820,415585957900,0.0710,0.4730
462.6860,187.7530,0.9830,415585959900,0.0710,0.4730
462.6000,188.3000,0.9830,415602141300,0.0710,0.4730
462.4710,188.5190,0.9840,415602212900,0.0710,0.4730
462.3860,188.7380,0.9840,415618677500,0.0710,0.4730
462.2140,189.1030,0.9860,415618734600,0.0710,0.4730
462.0860,189.3220,0.9860,415618736800,0.0710,0.4730
462.0000,189.5400,0.9870,415618738700,0.0710,0.4730
461.7860,189.9420,0.9870,415635705000,0.0880,0.4720
461.4860,190.1610,0.9880,415651741700,0.0880,0.4720
461.3140,190.4530,0.9880,415651778400,0.0880,0.4720
460.8860,190.7450,0.9880,415651780400,0.0880,0.4720
460.6710,191.0730,0.9890,415651781900,0.1050,0.4710
460.4140,191.2920,0.9890,415667965400,0.1050,0.4710
460.1140,191.3650,0.9900,415668023300,0.1050,0.4710
459.9000,191.6570,0.9900,415668026000,0.1050,0.4710
459.6860,191.8030,0.9900,415683985200,0.1050,0.4710
459.3860,191.9490,0.9910,415684024900,0.1050,0.4710
459.1720,192.0950,0.9910,415684027300,0.1050,0.4710
458.7000,192.2410,0.9910,415684028600,0.1050,0.4710
458.3570,192.4230,0.9920,415700903400,0.1050,0.4710
458.0570,192.5690,0.9920,415700959300,0.1050,0.4710
457.5860,192.7880,0.9930,415716939800,0.1050,0.4710
457.0710,192.9340,0.9930,415716980000,0.1230,0.4720
456.4710,193.0800,0.9940,415716982200,0.1230,0.4720
455.8710,193.2260,0.9940,415716983700,0.1230,0.4720
455.2710,193.3720,0.9950,415716984900,0.1230,0.4720
454.6710,193.5180,0.9950,415733922300,0.1230,0.4720
453.9000,193.6640,0.9960,415733978700,0.1230,0.4720
453.2570,193.7360,0.9970,415733981900,0.1230,0.4720
452.1860,193.9920,0.9970,415734095300,0.1410,0.4720
451.2860,194.0650,0.9980,415734125800,0.1410,0.4720
450.4710,194.2110,0.9980,415749973100,0.1410,0.4720
449.7430,194.2840,0.9990,415750021700,0.1410,0.4720
448.8860,194.3570,0.9990,415766873500,0.1410,0.4720
448.2860,194.4300,0.9990,415766940100,0.1570,0.4710
447.6430,194.5030,0.9990,415766943400,0.1570,0.4710
446.8710,194.6490,1.0000,415782920100,0.1570,0.4710
446.1430,194.7220,1.0000,415782960600,0.1570,0.4710
445.2860,194.7950,1.0000,415782962700,0.1570,0.4710
444.6430,194.8680,1.0000,415782964000,0.1570,0.4710
443.8710,194.9410,1.0000,415798924200,0.1570,0.4710
442.8430,195.1590,1.0000,415798977100,0.1570,0.4710
441.7290,195.3420,1.0000,415815197600,0.1570,0.4710
440.7430,195.4150,1.0000,415815254200,0.1570,0.4710
439.6290,195.5610,1.0000,415815257600,0.1750,0.4720
438.5570,195.6340,1.0000,415815259600,0.1750,0.4720
437.5290,195.7800,1.0000,415815261400,0.1750,0.4720
436.4570,195.8530,1.0000,415832155700,0.1750,0.4720
435.5570,195.9260,1.0000,415832200500,0.1750,0.4720
434.7430,195.9990,1.0000,415832203400,0.1750,0.4720
434.0140,195.9990,1.0000,415832205400,0.1750,0.4720
433.2430,196.0720,1.0000,415849254900,0.1750,0.4720
432.5140,196.1450,1.0000,415849319700,0.1750,0.4720
431.7430,196.1450,1.0000,415865251600,0.1750,0.4720
430.9290,196.2910,1.0000,415865289300,0.1750,0.4720
430.2430,196.2910,1.0000,415865291600,0.1750,0.4720
429.5570,196.3640,1.0000,415865292900,0.1750,0.4720
428.8290,196.4360,1.0000,415865294100,0.1750,0.4720
428.1430,196.4360,1.0000,415881588500,0.1750,0.4720
427.4140,196.5090,1.0000,415881644400,0.1750,0.4720
426.8140,196.6190,1.0000,415881647900,0.1750,0.4720
426.1290,196.6190,1.0000,415898567500,0.1930,0.4730
425.5290,196.6190,1.0000,415898622700,0.1930,0.4730
424.8430,196.6920,1.0000,415898625800,0.1930,0.4730
424.2430,196.6920,1.0000,415914632500,0.1930,0.4730
423.6430,196.6920,1.0000,415914687300,0.1930,0.4730
423.1290,196.6920,1.0000,415914689300,0.1930,0.4730
422.4430,196.6920,1.0000,415914690700,0.1930,0.4730
421.9290,196.6920,1.0000,415914693400,0.1930,0.4730
421.3290,196.6190,1.0000,415931656200,0.1930,0.4730
420.7290,196.5090,1.0000,415931717000,0.1930,0.4730
420.1290,196.5090,1.0000,415947645900,0.1930,0.4730
419.6140,196.3640,1.0000,415947731500,0.1930,0.4730
418.9290,196.2910,1.0000,415947738100,0.1930,0.4730
418.5000,196.1450,1.0000,415947743500,0.1930,0.4730
417.9860,196.0720,1.0000,415947746800,0.1930,0.4730
417.4290,195.9260,1.0000,415963713800,0.1930,0.4730
416.9140,195.7800,1.0000,415963776300,0.1930,0.4730
416.4000,195.5610,1.0000,415979898100,0.1930,0.4730
415.9290,195.4150,1.0000,415979959800,0.1930,0.4730
415.4140,195.1590,1.0000,415979962900,0.1930,0.4730
415.0290,194.9410,1.0000,415979964700,0.1930,0.4730
414.6860,194.7220,1.0000,415996074700,0.1930,0.4730
414.1290,194.5030,1.0000,415996128600,0.1930,0.4730
413.8290,194.2840,1.0000,416012228000,0.1930,0.4730
413.4860,194.0650,1.0000,416012293800,0.1930,0.4730
413.0140,193.7360,1.0000,416012297100,0.1930,0.4730
412.8000,193.4450,1.0000,416012299100,0.1930,0.4730
412.5860,193.0800,1.0000,416012300800,0.1930,0.4730
412.3290,192.7150,1.0000,416028531400,0.1930,0.4730
412.0290,192.2410,1.0000,416028588600,0.1930,0.4730
411.9000,191.8030,1.0000,416028591000,0.1930,0.4730
411.6860,191.2920,1.0000,416028592300,0.1930,0.4730
411.5140,190.7450,1.0000,416044580100,0.1930,0.4730
411.3000,190.1610,1.0000,416044633300,0.1930,0.4730
411.1710,189.6500,1.0000,416060667500,0.1930,0.4730
411.0000,188.9570,1.0000,416060724600,0.1930,0.4730
410.8710,188.5190,1.0000,416060726800,0.1930,0.4730
410.7860,187.7530,1.0000,416060728100,0.1930,0.4730
410.5710,187.2420,1.0000,416060729600,0.1930,0.4730
410.5710,186.5490,1.0000,416077597100,0.1930,0.4730
410.4860,185.8920,1.0000,416077683300,0.1930,0.4730
410.4860,185.1990,1.0000,416094663100,0.1930,0.4730
410.4000,184.4690,1.0000,416094735700,0.1930,0.4730
410.4860,183.6300,1.0000,416094740500,0.1930,0.4730
410.4860,182.6080,1.0000,416094742800,0.1930,0.4730
410.5710,181.5500,1.0000,416111648900,0.1930,0.4730
410.6140,180.4920,1.0000,416111698200,0.1930,0.4730
410.7860,179.5070,1.0000,416111701600,0.1930,0.4730
410.9140,178.7770,1.0000,416111703600,0.1930,0.4730
411.0860,178.0110,1.0000,416127948900,0.1930,0.4730
411.1710,177.4270,1.0000,416128008500,0.1930,0.4730
411.3000,176.8070,1.0000,416128010400,0.1930,0.4730
411.4290,176.2960,0.9990,416144884700,0.1930,0.4730
411.5140,175.9310,0.9670,416144968000,0.1930,0.4730
411.7290,175.6390,0.8060,416144972400,0.1930,0.4730
412.2000,175.2380,0.8330,416161027200,0.1930,0.4730
412.4140,175.0920,0.6940,416161064800,0.1930,0.4730
429.8140,181.0030,0.0080,416360442300,0.1570,0.4710
429.5570,181.0760,0.1920,416376548700,0.1570,0.4710
430.3290,180.7110,0.4950,416409593200,0.1570,0.4710
430.9290,180.4920,0.5270,416425708000,0.1570,0.4710
431.6140,180.3460,0.5560,416425741800,0.1570,0.4710
432.5140,180.2000,0.5830,416442672600,0.1570,0.4710
433.4570,179.9080,0.6070,416442693200,0.1570,0.4710
434.4430,179.6530,0.6280,416442703400,0.1570,0.4710
435.4290,179.3610,0.6480,416442704300,0.1570,0.4710
436.3710,179.1420,0.6670,416442704800,0.1570,0.4710
437.2710,178.8500,0.6840,416458709400,0.1570,0.4710
438.2570,178.6310,0.6990,416458729200,0.1570,0.4710
439.1570,178.3030,0.7140,416458730200,0.1570,0.4710
439.9290,178.0110,0.7270,416458730800,0.1570,0.4710
440.7430,177.7920,0.7400,416474846000,0.1570,0.4710
441.4710,177.5000,0.7520,416474907000,0.1570,0.4710
442.0710,177.2810,0.7630,416490924800,0.1570,0.4710
442.6290,176.9890,0.7740,416490976400,0.1570,0.4710
443.0570,176.7340,0.7850,416490978800,0.1570,0.4710
443.4430,176.4420,0.7960,416490980600,0.1570,0.4710
443.7860,176.1500,0.8060,416508012000,0.1570,0.4710
444.0860,175.7850,0.8170,416508073500,0.1570,0.4710
444.1720,175.4570,0.8260,416524053800,0.1570,0.4710
444.3860,175.1650,0.8350,416524111100,0.1570,0.4710
444.3430,174.8730,0.8430,416524114500,0.1570,0.4710
443.8710,174.2160,0.8560,416524117800,0.1570,0.4710
443.2290,173.6690,0.8620,416540101800,0.1570,0.4710
442.6290,173.0850,0.8670,416540155600,0.1570,0.4710
441.7290,172.6110,0.8720,416540159300,0.1570,0.4710
440.9570,172.1000,0.8760,416540161700,0.1570,0.4710
439.9710,171.6620,0.8800,416557243000,0.1570,0.4710
439.0710,171.1880,0.8830,416557297100,0.1570,0.4710
438.1290,170.6770,0.8860,416573996400,0.1570,0.4710
437.2710,170.2390,0.8890,416574055400,0.1570,0.4710
436.4570,169.6920,0.8920,416574058700,0.1570,0.4710
435.6430,169.1810,0.8940,416574060700,0.1570,0.4710
434.9570,168.5970,0.8970,416574062600,0.1570,0.4710
434.2290,167.9770,0.8990,416590564400,0.1570,0.4710
433.4570,167.3930,0.9010,416590623200,0.1570,0.4710
432.8140,166.7000,0.9030,416606629100,0.1570,0.4710
432.1290,166.0430,0.9050,416606692900,0.1570,0.4710
431.6570,165.2770,0.9080,416606696300,0.1570,0.4710
431.1430,164.5470,0.9110,416606698200,0.1570,0.4710
430.6290,163.7080,0.9140,416606700300,0.1570,0.4710
430.2430,163.1240,0.9170,416623575100,0.1570,0.4710
429.7290,162.3580,0.9200,416623649000,0.1570,0.4710
429.4290,161.6280,0.9230,416639573900,0.1570,0.4710
429.1290,161.0080,0.9260,416639643200,0.1570,0.4710
428.9570,160.4240,0.9290,416639646900,0.1570,0.4710
428.7430,159.8770,0.9320,416639649000,0.1570,0.4710
428.6570,159.3660,0.9340,416639651200,0.1570,0.4710
428.6570,158.7820,0.9360,416655916200,0.1570,0.4710
428.7430,158.2350,0.9380,416655977800,0.1570,0.4710
428.9140,157.7240,0.9390,416672874700,0.1570,0.4710
429.4290,157.0310,0.9410,416672956600,0.1570,0.4710
429.9430,156.3740,0.9420,416672961000,0.1570,0.4710
430.7140,155.7540,0.9430,416672962800,0.1570,0.4710
431.4430,155.0970,0.9440,416689201900,0.1570,0.4710
432.2140,154.4770,0.9450,416689288300,0.1570,0.4710
433.7570,153.6010,0.9460,416689293700,0.1570,0.4710
434.9140,152.9810,0.9460,416706210800,0.1570,0.4710
435.8570,152.4700,0.9470,416706269400,0.1570,0.4710
436.6720,152.0320,0.9480,416706272000,0.1570,0.4710
437.5290,151.6310,0.9480,416722535800,0.1570,0.4710
438.1290,151.2660,0.9490,416722598200,0.1570,0.4710
438.7290,150.9740,0.9490,416722600600,0.1570,0.4710
439.2430,150.6090,0.9500,416722602300,0.1570,0.4710
439.6710,150.4640,0.9510,416722603700,0.1570,0.4710
439.9710,150.2810,0.9510,416738631500,0.1570,0.4710
440.4430,150.0620,0.9520,416738696600,0.1570,0.4710
440.8280,149.8430,0.9530,416754945300,0.1570,0.4710
441.1290,149.6970,0.9530,416755000600,0.1570,0.4710
441.4290,149.4050,0.9540,416755003400,0.1570,0.4710
441.6430,149.4050,0.9540,416755005200,0.1570,0.4710
441.7710,149.2590,0.9540,416755006900,0.1570,0.4710
442.0710,149.0410,0.9420,416771335800,0.1570,0.4710
442.4570,148.7850,0.8880,416787811000,0.1570,0.4710
382.6290,177.9380,0.0180,417660844700,0.0360,0.4720
382.6290,177.5000,0.1250,417660876300,0.0360,0.4720
382.6290,177.2080,0.2010,417676883900,0.0360,0.4720
382.6290,176.8070,0.3060,417693102900,0.0360,0.4720
382.3710,176.5150,0.4540,417726218600,0.0360,0.4720
381.7710,177.1350,0.6220,417758761300,0.0710,0.4730
381.6430,177.3540,0.6380,417758794000,0.0710,0.4730
381.4710,177.5730,0.6540,417758794900,0.0710,0.4730
381.2570,177.9380,0.6680,417774839100,0.0710,0.4730
380.9570,178.3030,0.6820,417774871000,0.0710,0.4730
380.5710,178.7770,0.6950,417774872000,0.0710,0.4730
380.4430,179.2880,0.7070,417774875300,0.0880,0.4720
380.0570,179.7260,0.7190,417774875900,0.0880,0.4720
379.6710,180.2730,0.7300,417791156900,0.0880,0.4720
379.3710,180.7840,0.7400,417791213500,0.0880,0.4720
378.9430,181.4770,0.7490,417807333800,0.0880,0.4720
378.5570,182.0610,0.7580,417807386900,0.0880,0.4720
378.2140,182.6080,0.7660,417807405600,0.0880,0.4720
377.9570,183.1190,0.7740,417807407300,0.0880,0.4720
377.6570,183.6300,0.7800,417824317700,0.0880,0.4720
377.4430,184.1040,0.7870,417824385700,0.0880,0.4720
377.0570,184.6150,0.7930,417840557600,0.0880,0.4720
377.0140,185.0530,0.7990,417840624400,0.0880,0.4720
376.7570,185.6000,0.8040,417840627200,0.0880,0.4720
376.5430,186.0380,0.8100,417840629000,0.0880,0.4720
376.3290,186.4760,0.8150,417840630600,0.0880,0.4720
376.1140,186.8770,0.8200,417856781900,0.1050,0.4710
375.9430,187.2420,0.8250,417857249300,0.1050,0.4710
375.7290,187.6800,0.8300,417873874900,0.1050,0.4710
375.5570,187.9720,0.8350,417873951000,0.1050,0.4710
375.3430,188.3730,0.8400,417873955300,0.1050,0.4710
375.1290,188.6650,0.8460,417873957900,0.1050,0.4710
374.9570,188.9570,0.8510,417890627500,0.1050,0.4710
374.6140,189.3220,0.8560,417890685700,0.1050,0.4710
374.4430,189.6500,0.8620,417890687900,0.1050,0.4710
374.3140,189.8690,0.8670,417890689600,0.1050,0.4710
373.9290,190.1610,0.8710,417890691100,0.1050,0.4710
373.7140,190.4530,0.8760,417906688600,0.1050,0.4710
373.5430,190.6720,0.8800,417906753500,0.1050,0.4710
373.2430,190.8910,0.8840,417923582700,0.1050,0.4710
373.1140,191.0730,0.8870,417923628500,0.1050,0.4710
372.8570,191.2920,0.8900,417923631400,0.1050,0.4710
372.6430,191.5110,0.8930,417923633200,0.1050,0.4710
372.4290,191.6570,0.8950,417923635000,0.1050,0.4710
372.2140,191.9490,0.8980,417939921600,0.1050,0.4710
371.8280,192.1680,0.9000,417939994000,0.1050,0.4710
371.5290,192.4230,0.9020,417955974800,0.1230,0.4720
371.2290,192.7150,0.9050,417956039700,0.1230,0.4720
370.9290,192.8610,0.9070,417956042100,0.1230,0.4720
370.5430,193.0800,0.9100,417956044000,0.1230,0.4720
370.2430,193.2260,0.9130,417956045600,0.1230,0.4720
369.8140,193.4450,0.9160,417972042200,0.1230,0.4720
369.5140,193.5910,0.9190,417972103800,0.1230,0.4720
369.1290,193.7360,0.9210,417988494000,0.1230,0.4720
368.6140,193.9190,0.9240,417988594100,0.1230,0.4720
368.3140,194.0650,0.9270,417988600200,0.1230,0.4720
367.8430,194.2110,0.9290,417988672900,0.1230,0.4720
367.4140,194.3570,0.9310,418004305000,0.1230,0.4720
366.9430,194.4300,0.9330,418004385300,0.1230,0.4720
366.4290,194.5760,0.9340,418021308500,0.1230,0.4720
366.0000,194.7220,0.9360,418021406800,0.1230,0.4720
365.4430,194.7950,0.9370,418021412600,0.1230,0.4720
365.0140,194.9410,0.9390,418021416300,0.1230,0.4720
364.5000,195.0860,0.9400,418021420000,0.1230,0.4720
363.9430,195.1590,0.9410,418037577200,0.1230,0.4720
363.4290,195.3420,0.9420,418037645100,0.1230,0.4720
362.9140,195.4880,0.9420,418053639300,0.1230,0.4720
362.4000,195.5610,0.9430,418053724700,0.1230,0.4720
361.9290,195.7070,0.9440,418053729300,0.1230,0.4720
361.4140,195.7800,0.9450,418053731600,0.1230,0.4720
360.9860,195.9260,0.9460,418070599100,0.1230,0.4720
360.5140,195.9990,0.9470,418070667200,0.1230,0.4720
360.0860,196.0720,0.9470,418070671100,0.1230,0.4720
359.7000,196.1450,0.9480,418070673500,0.1230,0.4720
359.3140,196.1450,0.9490,418070677600,0.1230,0.4720
358.8860,196.2910,0.9500,418086701900,0.1230,0.4720
358.4140,196.3640,0.9510,418086820000,0.1230,0.4720
357.8140,196.4360,0.9520,418103663400,0.1230,0.4720
357.3000,196.5090,0.9530,418103740900,0.1230,0.4720
356.6140,196.6190,0.9540,418103744600,0.1230,0.4720
356.1000,196.6920,0.9550,418103747000,0.1230,0.4720
355.5000,196.7650,0.9560,418103749400,0.1230,0.4720
354.9860,196.8380,0.9570,418119764800,0.1230,0.4720
354.3860,196.9110,0.9580,418119856300,0.1230,0.4720
353.8710,196.9110,0.9580,418136712000,0.1410,0.4720
353.3140,196.9110,0.9590,418136788800,0.1410,0.4720
352.8860,196.9840,0.9600,418136792400,0.1410,0.4720
352.5860,196.9840,0.9610,418136795000,0.1410,0.4720
352.2000,196.9840,0.9610,418136797300,0.1410,0.4720
351.8140,196.9840,0.9620,418152729600,0.1410,0.4720
351.3000,196.9840,0.9640,418169838700,0.1410,0.4720
351.0860,196.9840,0.9660,418169999400,0.1410,0.4720
350.6140,196.8380,0.9670,418170015800,0.1410,0.4720
350.4000,196.6920,0.9680,418185686400,0.1410,0.4720
350.0140,196.4360,0.9700,418202701600,0.1570,0.4710
349.8860,196.2910,0.9700,418202771500,0.1570,0.4710
349.7140,196.0720,0.9710,418202774100,0.1570,0.4710
349.4140,195.7070,0.9720,418202777500,0.1570,0.4710
349.2860,195.4880,0.9720,418219297300,0.1570,0.4710
349.0710,195.2690,0.9730,418219662200,0.1570,0.4710
348.8140,194.7950,0.9740,418219722300,0.1570,0.4710
348.7710,194.5760,0.9740,418235415700,0.1570,0.4710
348.6000,194.2840,0.9740,418235482700,0.1570,0.4710
348.3000,193.7360,0.9750,418252011800,0.1570,0.4710
348.2140,193.4450,0.9750,418252105600,0.1570,0.4710
348.0860,193.0800,0.9760,418252110400,0.1570,0.4710
347.9140,192.7150,0.9760,418252113900,0.1570,0.4710
347.7860,192.3140,0.9760,418268090300,0.1570,0.4710
347.7000,192.0220,0.9760,418268160700,0.1570,0.4710
347.5710,191.6570,0.9770,418268164500,0.1570,0.4710
347.4000,191.1460,0.9770,418284543200,0.1570,0.4710
347.2710,190.8180,0.9770,418284607100,0.1570,0.4710
347.0140,190.3070,0.9770,418300546100,0.1570,0.4710
346.9710,190.0880,0.9770,418300634800,0.1570,0.4710
346.8000,189.6500,0.9770,418316862600,0.1570,0.4710
346.7140,189.3220,0.9770,418316926000,0.1570,0.4710
346.5860,188.8840,0.9770,418316929400,0.1570,0.4710
346.5000,188.6650,0.9760,418333759100,0.1570,0.4710
346.3710,188.3000,0.9760,418350514400,0.1570,0.4710
346.2860,187.7530,0.9750,418350580900,0.1570,0.4710
346.2000,187.5340,0.9750,418366736700,0.1570,0.4710
346.1570,187.1690,0.9750,418366808700,0.1570,0.4710
345.9000,186.9500,0.9750,418382853500,0.1570,0.4710
345.8570,186.5490,0.9740,418399142100,0.1570,0.4710
345.7710,186.2570,0.9730,418416139400,0.1570,0.4710
345.6000,186.0380,0.9730,418416207400,0.1570,0.4710
345.5570,185.6730,0.9730,418432203400,0.1570,0.4710
345.4710,185.2720,0.9730,418449200700,0.1570,0.4710
345.3860,184.9070,0.9740,418465617100,0.1570,0.4710
345.3000,184.6150,0.9740,418465711900,0.1570,0.4710
345.3000,184.1770,0.9740,418482635800,0.1570,0.4710
345.2570,183.8490,0.9740,418498965400,0.1570,0.4710
345.1720,183.4110,0.9740,418499031700,0.1570,0.4710
345.0860,182.9730,0.9730,418531636300,0.1570,0.4710
345.0000,182.4990,0.9730,418547662100,0.1570,0.4710
344.9570,182.2070,0.9710,418564646500,0.1570,0.4710
344.6570,182.0610,0.9690,418580727600,0.1570,0.4710
344.1000,182.6080,0.9680,418613845100,0.1570,0.4710
343.8000,182.9000,0.9680,418630766500,0.1570,0.4710
343.6710,182.9730,0.9680,418630833100,0.1570,0.4710
343.4570,183.1920,0.9680,418647796400,0.1570,0.4710
343.2860,183.4110,0.9680,418647861100,0.1570,0.4710
343.0710,183.6300,0.9680,418647863400,0.1570,0.4710
342.9000,183.8490,0.9680,418647865400,0.1570,0.4710
342.6860,184.1040,0.9680,418664646300,0.1570,0.4710
342.4710,184.3960,0.9680,418664711600,0.1570,0.4710
342.0860,184.6880,0.9680,418681196600,0.1570,0.4710
341.7860,184.9800,0.9680,418681264400,0.1570,0.4710
341.4860,185.3450,0.9690,418681267000,0.1570,0.4710
341.0570,185.6730,0.9690,418681268800,0.1570,0.4710
340.8000,185.9650,0.9690,418681270600,0.1570,0.4710
340.5000,186.2570,0.9690,418697227400,0.1570,0.4710
340.2000,186.5490,0.9690,418697302500,0.1570,0.4710
339.8570,186.9500,0.9690,418697306800,0.1570,0.4710
339.6860,187.1690,0.9690,418697311300,0.1570,0.4710
339.4710,187.4610,0.9690,418713621400,0.1570,0.4710
339.3000,187.6070,0.9690,418713696100,0.1750,0.4720
339.0860,187.7530,0.9690,418729760400,0.1750,0.4720
338.9570,188.0450,0.9690,418729822900,0.1750,0.4720
338.6570,188.3730,0.9690,418729827900,0.1750,0.4720
338.4430,188.5920,0.9690,418729829600,0.1750,0.4720
338.2710,188.7380,0.9690,418746257600,0.1750,0.4720
338.1430,188.9570,0.9690,418746324800,0.1750,0.4720
337.8860,189.1030,0.9690,418763313800,0.1750,0.4720
337.4570,189.4680,0.9700,418763381900,0.1750,0.4720
337.2860,189.6500,0.9700,418763384700,0.1750,0.4720
337.1570,189.8690,0.9700,418779539100,0.1750,0.4720
336.9430,190.0880,0.9700,418779598900,0.1750,0.4720
336.6430,190.3070,0.9710,418779601400,0.1750,0.4720
336.2570,190.5990,0.9710,418779603300,0.1750,0.4720
335.9570,190.8180,0.9710,418779604800,0.1750,0.4720
335.5710,191.1460,0.9720,418796586700,0.1750,0.4720
335.1860,191.3650,0.9720,418796654400,0.1750,0.4720
334.8860,191.5840,0.9720,418812846700,0.1750,0.4720
334.5860,191.8030,0.9720,418812914200,0.1750,0.4720
334.3710,191.9490,0.9720,418812918500,0.1750,0.4720
334.0710,192.0950,0.9730,418812921100,0.1750,0.4720
333.8570,192.2410,0.9730,418828926100,0.1750,0.4720
333.6430,192.4230,0.9730,418828993600,0.1750,0.4720
333.3860,192.5690,0.9730,418845191300,0.1750,0.4720
333.1710,192.7150,0.9730,418845278800,0.1750,0.4720
332.7860,193.0070,0.9740,418845291900,0.1750,0.4720
332.4430,193.1530,0.9740,418845297000,0.1750,0.4720
332.1430,193.3720,0.9740,418845299600,0.1750,0.4720
331.7570,193.5180,0.9740,418861241600,0.1750,0.4720
331.3710,193.7360,0.9750,418861312800,0.1750,0.4720
330.9860,193.9190,0.9750,418877246100,0.1750,0.4720
330.5570,194.0650,0.9750,418877319900,0.1750,0.4720
330.1720,194.2110,0.9750,418877324000,0.1750,0.4720
329.8290,194.3570,0.9760,418877326400,0.1750,0.4720
329.5290,194.5030,0.9760,418894241500,0.1750,0.4720
329.0570,194.6490,0.9770,418894314800,0.1750,0.4720
328.6710,194.7220,0.9770,418894318900,0.1750,0.4720
328.3280,194.8680,0.9770,418910574400,0.1750,0.4720
327.7710,194.9410,0.9780,418910639300,0.1750,0.4720
327.3430,195.0860,0.9780,418910642300,0.1750,0.4720
326.8710,195.1590,0.9780,418910644000,0.1750,0.4720
326.4430,195.3420,0.9780,418926657500,0.1750,0.4720
325.9710,195.4150,0.9790,418926881200,0.1750,0.4720
325.6290,195.4880,0.9790,418927142000,0.1750,0.4720
325.2430,195.4880,0.9790,418927149900,0.1750,0.4720
324.9430,195.5610,0.9790,418927152500,0.1750,0.4720
324.6430,195.6340,0.9800,418942839000,0.1750,0.4720
324.0430,195.7070,0.9800,418958862700,0.1750,0.4720
323.7430,195.7070,0.9800,418958950300,0.1750,0.4720
323.4430,195.7070,0.9800,418958953800,0.1750,0.4720
322.9710,195.7070,0.9800,418975225000,0.1750,0.4720
322.5430,195.6340,0.9800,418991405400,0.1750,0.4720
321.9430,195.4880,0.9790,418991492300,0.1750,0.4720
321.8140,195.3420,0.9800,418991496500,0.1750,0.4720
321.3430,195.0860,0.9800,419008348700,0.1750,0.4720
321.1290,194.8680,0.9800,419008430900,0.1750,0.4720
320.6570,194.6490,0.9800,419008435300,0.1750,0.4720
320.4430,194.3570,0.9800,419024487000,0.1750,0.4720
320.0570,194.0650,0.9800,419024560800,0.1750,0.4720
319.7570,193.7360,0.9800,419024565000,0.1750,0.4720
319.4140,193.5180,0.9800,419040493900,0.1750,0.4720
319.1140,193.2260,0.9800,419040549700,0.1750,0.4720
318.8570,192.9340,0.9790,419040553700,0.1750,0.4720
318.6430,192.7150,0.9790,419056598600,0.1750,0.4720
318.4290,192.4960,0.9790,419056669900,0.1750,0.4720
318.2570,192.1680,0.9780,419056672200,0.1750,0.4720
318.2140,191.9490,0.9770,419056673800,0.1750,0.4720
318.0430,191.7300,0.9760,419072580500,0.1750,0.4720
317.8290,191.2190,0.9750,419072686000,0.1750,0.4720
317.7430,191.0000,0.9740,419072702200,0.1750,0.4720
317.6570,190.6720,0.9730,419072795100,0.1750,0.4720
317.5290,190.1610,0.9720,419088610900,0.1750,0.4720
317.4430,189.9420,0.9720,419105587200,0.1750,0.4720
317.3140,189.4680,0.9710,419105663100,0.1750,0.4720
317.1430,189.2490,0.9710,419105666900,0.1750,0.4720
317.0570,188.9570,0.9710,419121941300,0.1750,0.4720
317.0140,188.6650,0.9710,419122009200,0.1750,0.4720
316.8430,188.3730,0.9700,419139260300,0.1750,0.4720
316.7570,188.0450,0.9700,419139334400,0.1750,0.4720
316.6290,187.7530,0.9690,419154951000,0.1750,0.4720
316.4570,187.5340,0.9680,419171934400,0.1750,0.4720
316.3290,187.2420,0.9660,419188284300,0.1750,0.4720
315.7290,187.5340,0.9640,419237338500,0.1750,0.4720
315.3430,187.8990,0.9650,419237398100,0.1750,0.4720
315.0430,188.3000,0.9650,419237401700,0.1750,0.4720
314.6570,188.5920,0.9650,419253471100,0.1750,0.4720
314.4000,188.9570,0.9650,419253612800,0.1750,0.4720
314.1000,189.3220,0.9650,419253619100,0.1750,0.4720
313.7140,189.7960,0.9660,419253622500,0.1750,0.4720
313.4140,190.1610,0.9660,419269704800,0.1750,0.4720
313.1140,190.5260,0.9660,419269809000,0.1750,0.4720
312.7290,190.8910,0.9660,419285699800,0.1750,0.4720
312.3000,191.2920,0.9670,419285770100,0.1750,0.4720
312.0000,191.6570,0.9670,419285773000,0.1750,0.4720
311.6140,192.0950,0.9670,419285774500,0.1750,0.4720
311.1000,192.4960,0.9680,419285776100,0.1750,0.4720
310.5430,193.0800,0.9680,419301909900,0.1750,0.4720
309.9000,193.5180,0.9690,419301975400,0.1750,0.4720
309.3000,194.0650,0.9690,419318002800,0.1750,0.4720
308.6140,194.5030,0.9700,419318071100,0.1750,0.4720
307.8430,194.9410,0.9710,419318074700,0.1750,0.4720
307.2430,195.3420,0.9710,419318076900,0.1750,0.4720
306.6430,195.6340,0.9720,419334170700,0.1750,0.4720
306.1290,195.9260,0.9720,419334228700,0.1750,0.4720
305.6140,196.1450,0.9730,419334232500,0.1750,0.4720
305.1000,196.4360,0.9730,419334235200,0.1750,0.4720
304.5860,196.6190,0.9740,419334237600,0.1750,0.4720
304.0290,196.8380,0.9740,419350228900,0.1750,0.4720
303.6000,196.9840,0.9750,419350295000,0.1750,0.4720
303.1290,197.0570,0.9750,419366250800,0.1750,0.4720
302.7000,197.2030,0.9760,419366313600,0.1750,0.4720
302.4860,197.2760,0.9770,419366317500,0.1750,0.4720
302.1860,197.3490,0.9770,419366319900,0.1750,0.4720
301.8860,197.3490,0.9770,419382346000,0.1750,0.4720
301.2860,197.3490,0.9780,419382413900,0.1750,0.4720
300.7290,197.2030,0.9790,419398560900,0.1750,0.4720
300.3860,197.0570,0.9790,419398644400,0.1750,0.4720
300.0860,196.9110,0.9790,419398649900,0.1750,0.4720
299.6140,196.6920,0.9800,419414582900,0.1750,0.4720
299.1000,196.5090,0.9800,419414654100,0.1750,0.4720
298.8000,196.2910,0.9800,419430921700,0.1750,0.4720
298.3280,195.9990,0.9800,419430981500,0.1750,0.4720
297.9000,195.7800,0.9800,419430983700,0.1750,0.4720
297.6000,195.5610,0.9800,419430987800,0.1750,0.4720
297.2140,195.3420,0.9800,419430989200,0.1750,0.4720
296.8710,195.0860,0.9800,419447104700,0.1750,0.4720
296.5710,194.7950,0.9800,419447168400,0.1750,0.4720
296.2710,194.5760,0.9790,419463224200,0.1750,0.4720
295.9710,194.2840,0.9780,419463285300,0.1750,0.4720
295.7140,193.9190,0.9770,419463287900,0.1930,0.4730
295.5000,193.5910,0.9760,419463289300,0.1930,0.4730
295.2860,193.2260,0.9750,419480135900,0.1930,0.4730
295.0710,192.9340,0.9750,419480303500,0.1930,0.4730
294.9000,192.5690,0.9740,419480310700,0.1930,0.4730
294.8140,192.1680,0.9730,419480313800,0.1930,0.4730
294.6860,191.8760,0.9720,419480316900,0.1930,0.4730
294.5140,191.3650,0.9720,419496336400,0.1930,0.4730
294.4710,191.0730,0.9710,419496398300,0.1930,0.4730
294.3000,190.6720,0.9710,419513281800,0.1930,0.4730
294.2140,190.3800,0.9700,419513344000,0.1930,0.4730
294.1710,190.0880,0.9700,419513347500,0.1930,0.4730
294.0000,189.5400,0.9690,419513353800,0.1930,0.4730
293.7860,189.1760,0.9690,419529320500,0.1930,0.4730
293.7860,188.9570,0.9690,419546311500,0.1930,0.4730
293.6140,188.6650,0.9680,419546433600,0.1930,0.4730
293.4860,188.3730,0.9670,419562623400,0.1930,0.4730
293.3140,188.0450,0.9660,419579614400,0.1930,0.4730
293.1000,187.7530,0.9650,419579679200,0.1930,0.4730
292.9710,187.6070,0.9630,419595845500,0.1930,0.4730
292.5860,187.6070,0.9610,419612077400,0.1930,0.4730
292.2000,187.8990,0.9610,419628425600,0.1930,0.4730
292.0710,188.0450,0.9620,419645302000,0.1930,0.4730
291.8140,188.3000,0.9620,419645367000,0.1930,0.4730
291.4710,188.5190,0.9620,419645370300,0.1930,0.4730
291.1710,188.8110,0.9630,419645372900,0.1930,0.4730
290.7000,189.1760,0.9630,419661692900,0.1930,0.4730
290.4860,189.4680,0.9630,419661735600,0.1930,0.4730
290.1860,189.7960,0.9630,419661738600,0.1930,0.4730
289.8860,190.1610,0.9640,419661740800,0.1930,0.4730
289.5000,190.5260,0.9640,419661743000,0.1930,0.4730
289.2860,190.8180,0.9640,419677880400,0.1930,0.4730
288.9860,191.1460,0.9640,419677945600,0.1930,0.4730
288.6000,191.5110,0.9650,419694929300,0.1930,0.4730
288.3000,191.8030,0.9650,419694998200,0.1930,0.4730
287.9570,192.0950,0.9660,419695000400,0.1930,0.4730
287.5710,192.4960,0.9660,419695002100,0.1930,0.4730
287.1000,192.7880,0.9670,419695003600,0.1930,0.4730
286.6710,193.0800,0.9670,419711933900,0.1930,0.4730
286.1570,193.3720,0.9680,419712001900,0.1930,0.4730
285.6000,193.6640,0.9690,419728888300,0.2110,0.4730
285.0860,193.9190,0.9690,419728950700,0.2110,0.4730
284.5710,194.2110,0.9700,419728953200,0.2110,0.4730
283.9710,194.4300,0.9700,419728955000,0.2110,0.4730
283.4570,194.6490,0.9710,419745826800,0.2110,0.4730
282.9000,194.7950,0.9710,419745885900,0.2110,0.4730
282.3000,194.9410,0.9720,419745889600,0.2110,0.4730
281.9570,195.1590,0.9720,419762825500,0.2110,0.4730
281.4430,195.3420,0.9730,419762884500,0.2110,0.4730
280.9710,195.4880,0.9730,419762887900,0.2110,0.4730
280.5430,195.6340,0.9740,419762890300,0.2110,0.4730
280.0710,195.7800,0.9740,419778942800,0.2110,0.4730
279.5570,195.9260,0.9740,419778997700,0.2110,0.4730
279.0430,196.0720,0.9750,419779001200,0.2110,0.4730
278.4860,196.1450,0.9750,419779003400,0.2110,0.4730
277.8860,196.2910,0.9750,419779005300,0.2110,0.4730
277.2430,196.4360,0.9750,419795122500,0.2110,0.4730
276.5570,196.6190,0.9760,419795161000,0.2110,0.4730
275.8710,196.6920,0.9760,419811484400,0.2110,0.4730
275.1430,196.8380,0.9760,419811547700,0.2110,0.4730
274.4570,196.9110,0.9760,419811551100,0.2110,0.4730
273.7710,196.9840,0.9760,419811553200,0.2110,0.4730
273.0430,197.0570,0.9760,419827545700,0.2110,0.4730
272.3570,197.1300,0.9760,419827627300,0.2110,0.4730
271.7570,197.2030,0.9770,419844494000,0.2110,0.4730
271.1570,197.2760,0.9770,419844570400,0.2110,0.4730
270.5570,197.3490,0.9770,419844574000,0.2110,0.4730
270.0430,197.3490,0.9770,419844576900,0.2110,0.4730
269.5290,197.3490,0.9770,419844579100,0.2110,0.4730
268.9710,197.3490,0.9770,419860835200,0.2110,0.4730
268.5430,197.4950,0.9780,419860913200,0.2110,0.4730
268.1570,197.4950,0.9780,419876920900,0.2110,0.4730
267.7710,197.5680,0.9790,419876982300,0.2110,0.4730
267.4290,197.5680,0.9800,419876985700,0.2110,0.4730
267.0430,197.5680,0.9800,419876988200,0.2110,0.4730
266.6570,197.6410,0.9810,419893053300,0.2110,0.4730
266.2710,197.6410,0.9830,419893111500,0.2110,0.4730
265.8430,197.6410,0.9840,419893113800,0.2110,0.4730
265.3290,197.6410,0.9850,419893115300,0.2110,0.4730
264.7290,197.6410,0.9860,419893116800,0.2110,0.4730
264.1290,197.6410,0.9870,419910087200,0.2110,0.4730
263.5290,197.6410,0.9890,419910163400,0.2110,0.4730
262.9290,197.5680,0.9900,419926140900,0.2110,0.4730
262.3290,197.4950,0.9910,419926202600,0.2110,0.4730
261.8140,197.3490,0.9930,419926204800,0.2110,0.4730
261.3430,197.3490,0.9950,419926206200,0.2110,0.4730
260.7430,197.2760,0.9960,419943153500,0.2110,0.4730
260.3140,197.2030,0.9980,419943226700,0.2110,0.4730
259.8430,197.1300,1.0000,419943229300,0.2110,0.4730
259.4140,197.0570,1.0000,419959303900,0.2110,0.4730
258.9430,196.9110,1.0000,419959361300,0.2110,0.4730
258.5570,196.8380,1.0000,419959365000,0.2110,0.4730
258.2570,196.7650,1.0000,419959366400,0.2110,0.4730
258.0430,196.6190,1.0000,419975328700,0.2110,0.4730
257.6140,196.3640,1.0000,419991374200,0.2110,0.4730
257.4000,196.2910,1.0000,419991434600,0.2110,0.4730
257.1000,196.1450,1.0000,419991437700,0.2110,0.4730
256.7140,195.8530,1.0000,419991442900,0.2110,0.4730
256.5000,195.6340,1.0000,420007454500,0.2110,0.4730
256.2000,195.3420,1.0000,420007518000,0.2110,0.4730
255.9430,194.9410,1.0000,420007520500,0.2110,0.4730
255.7290,194.6490,1.0000,420007522200,0.2110,0.4730
255.4290,194.3570,1.0000,420024373000,0.2110,0.4730
255.2140,193.9920,1.0000,420024438800,0.2110,0.4730
255.0000,193.5910,1.0000,420040433800,0.2110,0.4730
254.7430,193.1530,1.0000,420040499900,0.2110,0.4730
254.5290,192.7150,1.0000,420040502800,0.2110,0.4730
254.3140,192.3140,1.0000,420040505200,0.2110,0.4730
254.1000,191.8760,1.0000,420040506900,0.2110,0.4730
253.9290,191.3650,1.0000,420057322800,0.2110,0.4730
253.8000,190.8910,1.0000,420057384800,0.2110,0.4730
253.5430,190.4530,1.0000,420073376100,0.2110,0.4730
253.5000,189.8690,1.0000,420073453000,0.2110,0.4730
253.3290,189.3220,1.0000,420073456900,0.2110,0.4730
253.2000,188.7380,1.0000,420073458800,0.2110,0.4730
253.1140,188.0450,1.0000,420073460800,0.2110,0.4730
252.9430,187.3880,1.0000,420089523600,0.2110,0.4730
252.9000,186.5490,1.0000,420089608300,0.2110,0.4730
252.8140,185.8920,1.0000,420106490900,0.2110,0.4730
252.6430,185.1260,1.0000,420106552200,0.2110,0.4730
252.6000,184.3960,1.0000,420106555800,0.2110,0.4730
252.4290,183.5570,1.0000,420106558200,0.2110,0.4730
252.3430,182.8270,1.0000,420122726400,0.2110,0.4730
252.3000,182.0610,1.0000,420122785800,0.2110,0.4730
252.3000,181.2580,1.0000,420122788900,0.2110,0.4730
252.2140,180.4920,1.0000,420122792900,0.2110,0.4730
252.1290,179.6530,1.0000,420139663500,0.2110,0.4730
252.1290,178.8500,1.0000,420139731500,0.2110,0.4730
252.0430,178.0840,1.0000,420139735100,0.2110,0.4730
252.0430,177.2810,1.0000,420156718900,0.2110,0.4730
252.0430,176.4420,1.0000,420156788400,0.2110,0.4730
252.0430,175.6390,1.0000,420156792000,0.2110,0.4730
252.0430,174.5080,1.0000,420156794200,0.2110,0.4730
252.1290,173.3770,1.0000,420173710600,0.2110,0.4730
252.0430,172.1730,1.0000,420173770300,0.2110,0.4730
252.1290,171.1150,1.0000,420189683000,0.2110,0.4730
252.1290,169.9110,1.0000,420189744700,0.2110,0.4730
252.2140,168.8160,1.0000,420189747800,0.2110,0.4730
252.2140,167.5390,1.0000,420189750200,0.2110,0.4730
252.2140,166.3350,1.0000,420189752500,0.2110,0.4730
252.1290,164.9850,1.0000,420205844000,0.2110,0.4730
252.1290,163.7080,1.0000,420205882200,0.2110,0.4730
252.1290,162.5040,1.0000,420222883300,0.2110,0.4730
252.0430,161.3000,1.0000,420222956700,0.2110,0.4730
252.0000,160.2050,1.0000,420222960100,0.2110,0.4730
252.0000,159.0010,1.0000,420222962400,0.2110,0.4730
252.0000,158.0890,1.0000,420239997000,0.2110,0.4730
252.0000,157.2500,1.0000,420240056100,0.2110,0.4730
251.9140,156.5200,1.0000,420240058600,0.2110,0.4730
251.9140,155.7540,1.0000,420240060000,0.2110,0.4730
251.8290,155.0240,1.0000,420240061400,0.2110,0.4730
251.8290,154.1850,1.0000,420256861200,0.2110,0.4730
251.8290,153.6010,1.0000,420256939900,0.2110,0.4730
251.8290,152.8350,1.0000,420272940400,0.2110,0.4730
251.8290,152.1780,1.0000,420273005100,0.2110,0.4730
251.9140,151.4850,1.0000,420273010400,0.2110,0.4730
251.8290,150.7550,1.0000,420273011800,0.2110,0.4730
251.8290,149.9890,1.0000,420273013200,0.2110,0.4730
251.8290,149.1860,1.0000,420289125500,0.2110,0.4730
251.8290,148.0550,1.0000,420289189800,0.2110,0.4730
251.7430,146.9970,1.0000,420305158500,0.2110,0.4730
251.7000,146.0120,1.0000,420305214600,0.2110,0.4730
251.6140,145.1370,1.0000,420305223200,0.2100,0.4890
251.6140,144.3700,1.0000,420305227100,0.2100,0.5060
251.5290,143.7140,1.0000,420305228700,0.2100,0.5060
251.4430,142.9470,1.0000,420321381200,0.2100,0.5060
251.4000,142.3640,1.0000,420321583600,0.2100,0.5060
251.4000,141.6700,1.0000,420337526700,0.2100,0.5060
251.3140,141.0130,1.0000,420337602200,0.2100,0.5060
251.1430,140.4660,1.0000,420337606500,0.2100,0.5060
251.1430,139.8090,1.0000,420337609900,0.2100,0.5060
251.1430,139.3720,1.0000,420353710100,0.2100,0.5060
251.1430,138.8970,1.0000,420353778700,0.2100,0.5060
251.1000,138.4600,1.0000,420370063800,0.2100,0.5060
251.1000,138.0950,1.0000,420370193800,0.2100,0.5060
251.0140,137.7300,1.0000,420370199500,0.2100,0.5060
251.0140,137.3280,1.0000,420370203200,0.2100,0.5060
251.0140,136.6720,1.0000,420386352000,0.2100,0.5060
250.9290,136.3800,1.0000,420386444700,0.2100,0.5060
250.8430,135.9780,1.0000,420386450000,0.2100,0.5060
250.8430,135.6130,1.0000,420386453200,0.2100,0.5060
250.8430,134.9570,1.0000,420402370100,0.2100,0.5060
250.8000,134.6280,1.0000,420418459800,0.2100,0.5060
250.8000,134.2640,1.0000,420418523000,0.2100,0.5060
250.7140,133.8260,1.0000,420418525500,0.2100,0.5060
250.7140,133.2780,1.0000,420418527200,0.2100,0.5060
250.6290,132.7680,1.0000,420418529100,0.2100,0.5060
250.5430,132.1840,1.0000,420434629200,0.2100,0.5060
250.5430,131.5640,1.0000,420434691500,0.2100,0.5060
250.5430,130.9800,1.0000,420451656000,0.2100,0.5060
250.5000,130.3590,1.0000,420451728800,0.2100,0.5060
250.5000,129.8490,1.0000,420451732600,0.2100,0.5060
250.4140,129.3380,1.0000,420451734500,0.2100,0.5060
250.4140,128.9360,1.0000,420468109600,0.2100,0.5060
250.4140,128.5720,1.0000,420468223700,0.2100,0.5060
250.3290,128.2070,1.0000,420468229000,0.2100,0.5060
250.2430,127.5860,1.0000,420468233000,0.2100,0.5060
250.2430,127.2950,1.0000,420484177200,0.2100,0.5060
250.2000,127.0030,1.0000,420484240100,0.2100,0.5060
250.0290,126.4920,1.0000,420500309800,0.2100,0.5060
249.9430,126.0180,1.0000,420516346500,0.2100,0.5060
249.9430,125.6530,1.0000,420516408500,0.2100,0.5060
249.9430,125.2880,1.0000,420532603000,0.2100,0.5060
249.9000,124.9590,1.0000,420532665100,0.2100,0.5060
249.9000,126.4920,0.8850,420568832900,0.2100,0.5060
249.8140,127.5860,0.7370,420584939300,0.1930,0.5070
249.5140,128.6450,0.6140,420585029000,0.1750,0.4890
249.1290,129.6300,0.5120,420585034000,0.1570,0.4710
