717.2570,194.1380,0.0020,424123139900,0.1230,0.4370
716.9140,194.7220,0.3140,424189230900,0.1230,0.4370
716.6570,194.9410,0.3860,424189257100,0.1230,0.4370
716.5290,195.1590,0.4540,424205796200,0.1230,0.4370
716.3140,195.4150,0.5660,424238474600,0.1230,0.4370
716.0570,195.4880,0.6270,424238608000,0.1230,0.4370
715.7570,195.5610,0.6600,424254675300,0.1230,0.4370
715.3290,195.6340,0.6880,424270770400,0.1230,0.4370
715.1140,195.7070,0.6990,424270807600,0.1230,0.4370
714.5570,195.7800,0.7190,424270808900,0.1230,0.4370
714.2570,195.7800,0.7280,424270809400,0.1230,0.4370
713.9570,195.8530,0.7360,424287775100,0.1230,0.4370
713.4430,195.9260,0.7490,424303952200,0.1230,0.4370
713.0140,195.9260,0.7600,424304009000,0.1230,0.4370
712.7140,195.9990,0.7650,424304012100,0.1230,0.4370
712.2430,195.9990,0.7760,424320930900,0.1230,0.4370
711.7290,195.9990,0.7880,424338029000,0.1230,0.4370
711.4290,195.9990,0.7940,424338142100,0.1230,0.4370
710.7430,195.8530,0.8050,424338152900,0.1230,0.4370
710.1430,195.8530,0.8090,424355113100,0.1230,0.4370
709.5430,195.7800,0.8130,424355182500,0.1230,0.4370
708.9000,195.6340,0.8170,424355188400,0.1230,0.4370
708.3000,195.5610,0.8200,424355193500,0.1230,0.4370
707.7000,195.4880,0.8230,424355196800,0.1230,0.4370
707.1000,195.3420,0.8260,424371102700,0.1230,0.4370
706.5430,195.2690,0.8290,424371285100,0.1230,0.4370
706.0290,195.1590,0.8310,424387112400,0.1230,0.4370
705.6000,195.0860,0.8330,424387167500,0.1230,0.4370
705.2140,194.9410,0.8350,424387169600,0.1230,0.4370
704.8290,194.9410,0.8370,424387171100,0.1230,0.4370
704.5290,194.7950,0.8390,424403493200,0.1230,0.4370
704.0140,194.5760,0.8420,424419668400,0.1230,0.4370
703.8000,194.4300,0.8430,424419884000,0.1230,0.4370
703.5430,194.2840,0.8440,424420059700,0.1230,0.4370
703.4140,194.0650,0.8450,424420073900,0.1230,0.4550
703.1140,193.5910,0.8460,424436029800,0.1230,0.4550
702.9430,193.3720,0.8470,424452339100,0.1230,0.4550
702.8140,193.1530,0.8480,424452397500,0.1230,0.4550
702.6430,192.8610,0.8480,424452400000,0.1230,0.4550
702.5140,192.3140,0.8500,424452402500,0.1230,0.4550
702.3430,192.0220,0.8500,424468359300,0.1230,0.4550
702.3000,191.8030,0.8500,424468429100,0.1230,0.4550
702.1290,191.2190,0.8510,424468435000,0.1230,0.4550
702.0430,191.0000,0.8510,424484530700,0.1230,0.4550
702.0430,190.4530,0.8510,424484625300,0.1230,0.4550
702.0000,190.1610,0.8510,424500611600,0.1230,0.4550
702.0430,189.5400,0.8510,424500702900,0.1230,0.4550
702.1290,189.2490,0.8510,424500711800,0.1230,0.4550
702.1290,188.9570,0.8510,424516766000,0.1230,0.4550
702.2140,188.6650,0.8510,424516827300,0.1230,0.4550
702.3430,188.1180,0.8510,424533264400,0.1230,0.4550
702.4290,187.7530,0.8510,424533321300,0.1230,0.4550
702.5140,187.3150,0.8520,424533325900,0.1230,0.4550
702.6000,187.0960,0.8520,424549706400,0.1230,0.4550
702.6430,186.6950,0.8530,424566583900,0.1230,0.4550
702.7290,186.3300,0.8540,424566646100,0.1230,0.4550
702.8140,186.0380,0.8540,424583761600,0.1230,0.4550
702.9000,185.8190,0.8540,424599722800,0.1230,0.4550
702.9430,185.5270,0.8530,424599794000,0.1230,0.4550
703.2430,185.3450,0.8510,424616618900,0.1230,0.4550
703.6290,185.7460,0.8520,424649387100,0.1230,0.4550
703.9290,186.1110,0.8540,424649557200,0.1230,0.4550
704.1000,186.3300,0.8540,424649561700,0.1230,0.4550
704.2290,186.5490,0.8550,424666275900,0.1230,0.4550
704.4000,186.8040,0.8560,424666363000,0.1230,0.4550
704.5290,187.0960,0.8570,424682292000,0.1230,0.4550
704.8290,187.4610,0.8570,424682328800,0.1230,0.4550
705.0430,187.8990,0.8580,424682330100,0.1230,0.4550
705.3000,188.3730,0.8580,424682331100,0.1230,0.4550
705.5140,188.8110,0.8590,424682331900,0.1230,0.4550
705.7290,189.2490,0.8590,424699182500,0.1230,0.4550
706.0290,189.7230,0.8600,424699203600,0.1230,0.4550
706.3290,190.1610,0.8600,424715356700,0.1230,0.4550
706.6290,190.6720,0.8610,424715382000,0.1230,0.4550
706.9290,191.2190,0.8610,424715383200,0.1230,0.4550
707.2290,191.6570,0.8620,424715384000,0.1230,0.4550
707.4430,192.1680,0.8620,424715384600,0.1230,0.4550
707.7430,192.5690,0.8620,424731469600,0.1230,0.4550
708.0430,193.0800,0.8630,424731503900,0.1230,0.4550
708.3000,193.5180,0.8630,424747998200,0.1230,0.4550
708.5140,193.9920,0.8640,424748034100,0.1230,0.4550
708.7290,194.3570,0.8640,424748035300,0.1230,0.4550
708.9430,194.7220,0.8640,424748036500,0.1230,0.4550
709.2000,195.0860,0.8640,424765022500,0.1230,0.4550
709.3280,195.4150,0.8650,424765061000,0.1230,0.4550
709.5430,195.6340,0.8650,424765063000,0.1230,0.4550
709.7140,195.9260,0.8650,424765063700,0.1230,0.4550
709.8430,196.1450,0.8650,424781055400,0.1230,0.4550
710.0140,196.2910,0.8660,424781089000,0.1230,0.4550
710.1430,196.5090,0.8660,424798051500,0.1230,0.4550
710.2290,196.8380,0.8660,424798089400,0.1230,0.4550
710.3570,197.0570,0.8660,424798091200,0.1230,0.4550
710.5290,197.2030,0.8670,424798092200,0.1230,0.4550
710.6570,197.4950,0.8670,424798093100,0.1230,0.4550
710.8280,197.6410,0.8670,424814389400,0.1230,0.4550
710.9570,197.9320,0.8670,424814449600,0.1230,0.4550
711.1290,198.1880,0.8680,424831364200,0.1230,0.4550
711.3430,198.5530,0.8680,424831425000,0.1230,0.4550
711.4290,198.7720,0.8680,424831427200,0.1230,0.4550
711.5570,198.9910,0.8680,424847953600,0.1230,0.4550
711.8140,199.3550,0.8690,424848019800,0.1230,0.4550
711.8570,199.5380,0.8690,424848022100,0.1230,0.4550
712.0290,199.7570,0.8690,424864966500,0.1230,0.4550
712.1140,200.1220,0.8700,424881003500,0.1230,0.4550
712.2430,200.4140,0.8710,424881067500,0.1230,0.4550
712.2430,200.7050,0.8730,424897462500,0.1230,0.4550
712.0290,201.1800,0.8740,424913596200,0.1230,0.4550
711.7290,201.4720,0.8750,424913659300,0.1230,0.4550
711.5570,201.6180,0.8750,424929672000,0.1230,0.4550
711.3430,201.7640,0.8760,424929757400,0.1230,0.4550
711.1290,201.9090,0.8760,424929761100,0.1230,0.4550
710.9140,202.0550,0.8760,424945767000,0.1230,0.4550
710.6570,202.1280,0.8770,424945838200,0.1230,0.4550
710.4430,202.3840,0.8770,424945842500,0.1230,0.4550
709.9290,202.6030,0.8780,424961997500,0.1230,0.4550
709.7140,202.7490,0.8790,424962063800,0.1230,0.4550
709.4140,202.8220,0.8800,424962066600,0.1230,0.4550
708.9430,202.9680,0.8810,424962069400,0.1230,0.4550
708.4290,203.1130,0.8840,424978892200,0.1230,0.4550
707.9140,203.2590,0.8860,424978969200,0.1230,0.4550
707.4000,203.3320,0.8890,424994877400,0.1230,0.4550
706.7140,203.5510,0.8910,424994919700,0.1230,0.4550
705.7290,203.7340,0.8940,424994922400,0.1400,0.4550
704.7430,203.9530,0.8960,424994924000,0.1570,0.4550
703.8000,204.0990,0.8990,424994925500,0.1570,0.4550
702.8140,204.2450,0.9010,425011012300,0.1570,0.4550
701.9140,204.3910,0.9030,425011061900,0.1570,0.4550
701.1860,204.5360,0.9040,425027012300,0.1570,0.4550
700.5000,204.5360,0.9060,425027072800,0.1570,0.4550
699.8140,204.6820,0.9080,425027076400,0.1570,0.4550
699.2140,204.7550,0.9090,425027078800,0.1570,0.4550
698.6140,204.8280,0.9110,425043959500,0.1570,0.4550
698.1860,204.9010,0.9120,425043989600,0.1570,0.4550
697.6290,204.9740,0.9140,425043990900,0.1570,0.4550
697.2000,205.0840,0.9160,425060100600,0.1570,0.4550
696.7290,205.0840,0.9190,425060146300,0.1570,0.4550
696.3860,205.0840,0.9220,425060148400,0.1570,0.4550
696.0860,205.1570,0.9260,425060159100,0.1570,0.4550
695.7000,205.1570,0.9290,425076140600,0.1570,0.4550
695.3140,205.1570,0.9330,425076182000,0.1570,0.4550
694.9290,205.1570,0.9370,425092166900,0.1570,0.4550
694.5860,205.1570,0.9410,425092209000,0.1570,0.4550
693.8140,205.0840,0.9480,425092212300,0.1750,0.4550
693.2140,204.9740,0.9520,425109179700,0.1750,0.4550
692.6140,204.9740,0.9550,425109250600,0.1750,0.4550
692.0140,204.8280,0.9580,425109254100,0.1750,0.4550
691.4140,204.7550,0.9610,425109256400,0.1750,0.4550
690.8140,204.6820,0.9640,425125359100,0.1750,0.4550
690.3000,204.5360,0.9660,425125523700,0.1750,0.4550
689.7860,204.5360,0.9690,425125527400,0.1750,0.4550
689.2710,204.4640,0.9710,425141488500,0.1750,0.4550
688.8000,204.3910,0.9730,425141553100,0.1750,0.4550
688.0710,204.3180,0.9810,425141558100,0.1750,0.4550
687.3860,204.1720,0.9900,425157908500,0.1750,0.4550
686.9140,204.0260,1.0000,425174804300,0.1750,0.4550
686.4000,203.8800,1.0000,425174870300,0.1750,0.4550
685.8860,203.5510,1.0000,425191116500,0.1750,0.4550
685.4570,203.3320,1.0000,425191210600,0.1750,0.4550
685.1570,203.1860,1.0000,425191214400,0.1750,0.4550
684.3000,202.7490,1.0000,425207970900,0.1750,0.4550
683.9570,202.5300,1.0000,425208065600,0.1750,0.4550
683.2710,201.9820,1.0000,425224566700,0.1750,0.4550
682.8860,201.6910,1.0000,425224624400,0.1750,0.4550
682.2000,201.1800,1.0000,425224627900,0.1750,0.4550
681.8570,200.8880,1.0000,425240614800,0.1750,0.4550
681.3000,200.2680,1.0000,425256922600,0.1750,0.4550
681.0860,199.9030,1.0000,425256992600,0.1750,0.4550
680.5710,199.2090,1.0000,425256996300,0.1750,0.4550
680.2710,198.8450,1.0000,425273361900,0.1750,0.4550
679.7570,198.0420,1.0000,425273430700,0.1750,0.4550
679.4570,197.5680,1.0000,425290255900,0.1750,0.4550
679.1570,197.1300,1.0000,425290350000,0.1750,0.4550
678.7710,196.6190,1.0000,425290366500,0.1750,0.4550
678.5570,196.1450,1.0000,425290372000,0.1750,0.4550
678.1710,195.6340,1.0000,425306307800,0.1750,0.4550
677.9570,195.0860,1.0000,425306381600,0.1750,0.4550
677.6570,194.5760,1.0000,425322528100,0.1750,0.4550
677.3570,194.0650,1.0000,425322599300,0.1750,0.4550
677.0570,193.5180,1.0000,425322607400,0.1750,0.4550
676.8430,193.0070,1.0000,425322609800,0.1750,0.4550
676.5860,192.4960,1.0000,425339534800,0.1750,0.4550
676.3710,192.0220,1.0000,425339610100,0.1750,0.4550
676.1570,191.5110,1.0000,425339616400,0.1750,0.4550
675.9430,191.0730,1.0000,425339622700,0.1750,0.4550
675.7710,190.5260,1.0000,425339625400,0.1750,0.4550
675.6430,190.0880,1.0000,425355649100,0.1750,0.4550
675.4710,189.5400,1.0000,425355735500,0.1750,0.4720
675.3430,188.9570,1.0000,425372656700,0.1750,0.4720
675.1720,188.5920,1.0000,425372708400,0.1750,0.4720
674.9570,187.9720,1.0000,425372710500,0.1750,0.4720
674.7860,187.3880,1.0000,425372711900,0.1750,0.4720
674.6570,186.8770,1.0000,425372715900,0.1750,0.4720
674.4430,186.3300,1.0000,425389663500,0.1750,0.4720
674.2710,185.7460,1.0000,425389723700,0.1750,0.4720
674.0570,185.1260,1.0000,425406705300,0.1750,0.4720
673.8430,184.5420,1.0000,425406767900,0.1750,0.4720
673.6710,183.9220,1.0000,425406770300,0.1750,0.4720
673.5430,183.2650,1.0000,425406771900,0.1750,0.4720
673.3710,182.6810,1.0000,425406773300,0.1750,0.4720
673.1570,181.9880,1.0000,425422787500,0.1750,0.4720
672.9860,181.4040,1.0000,425422861900,0.1750,0.4720
672.8570,180.7840,1.0000,425438937300,0.1750,0.4720
672.6860,180.2000,1.0000,425438983100,0.1750,0.4720
672.6430,179.5800,1.0000,425438985500,0.1750,0.4720
672.4710,178.9960,1.0000,425438987200,0.1750,0.4720
672.3860,178.4850,1.0000,425455948400,0.1750,0.4720
672.2570,177.8650,1.0000,425456011000,0.1750,0.4720
672.0860,177.2080,1.0000,425456014700,0.1750,0.4720
672.0430,176.5880,1.0000,425456016700,0.1750,0.4720
671.9570,175.9310,1.0000,425472109900,0.1750,0.4720
671.7860,175.2380,1.0000,425472167800,0.1750,0.4720
671.7430,174.5810,1.0000,425472171600,0.1750,0.4720
671.5710,173.8150,1.0000,425489072500,0.1750,0.4720
671.4430,173.1580,1.0000,425489137100,0.1750,0.4720
671.2710,172.4650,1.0000,425489142700,0.1750,0.4720
671.1860,171.8080,1.0000,425489144800,0.1750,0.4720
671.0570,171.1150,1.0000,425505095000,0.1750,0.4720
670.9710,170.4580,1.0000,425505146100,0.1750,0.4720
670.8430,169.7650,1.0000,425521552400,0.1750,0.4720
670.8430,169.2540,1.0000,425521628600,0.1750,0.4720
670.6710,168.5970,1.0000,425521632200,0.1750,0.4720
670.5860,167.9770,1.0000,425521634400,0.1750,0.4720
670.5430,167.3200,1.0000,425521636300,0.1750,0.4720
670.4570,166.7730,1.0000,425537556400,0.1750,0.4720
670.3710,166.1160,1.0000,425537687900,0.1750,0.4720
670.3710,165.4960,1.0000,425537806800,0.1750,0.4720
670.2860,164.9120,1.0000,425537822800,0.1750,0.4720
670.2860,164.4010,1.0000,425553879300,0.1750,0.4720
670.2430,163.7810,1.0000,425553974100,0.1750,0.4720
670.1570,163.2700,1.0000,425570875100,0.1750,0.4720
670.0710,162.5770,1.0000,425570944500,0.1750,0.4720
669.9860,162.1390,1.0000,425570948000,0.1750,0.4720
669.9430,161.3730,1.0000,425570950600,0.1750,0.4720
669.8570,160.7890,1.0000,425570952500,0.1750,0.4720
669.7710,160.0960,1.0000,425587961500,0.1750,0.4720
669.7710,159.4390,1.0000,425588187300,0.1750,0.4720
669.6430,158.7820,1.0000,425604910700,0.1750,0.4720
669.6430,158.0160,1.0000,425604971800,0.1750,0.4720
669.5570,157.2500,1.0000,425604974400,0.1750,0.4720
669.4710,156.5930,1.0000,425604976000,0.1750,0.4720
669.3430,155.7540,1.0000,425604977500,0.1750,0.4720
669.3430,155.0970,1.0000,425621436000,0.1750,0.4720
669.2570,154.3310,1.0000,425621592800,0.1750,0.4720
669.1720,153.6010,1.0000,425638282200,0.1750,0.4720
669.1290,152.9080,1.0000,425638363500,0.1750,0.4720
669.0430,152.1780,1.0000,425638367400,0.1750,0.4720
669.0430,151.4850,1.0000,425638369800,0.1750,0.4720
668.9570,150.8280,1.0000,425654935400,0.1750,0.4720
668.8710,150.0620,1.0000,425655193200,0.1750,0.4720
668.8290,149.4050,1.0000,425655232700,0.1750,0.4720
668.8290,148.7850,1.0000,425655236600,0.1750,0.4720
668.7430,148.1280,1.0000,425655238900,0.1750,0.4720
668.6570,147.5450,1.0000,425671536100,0.1750,0.4720
668.6570,146.9970,1.0000,425671612700,0.1750,0.4720
668.5710,146.4860,1.0000,425687982900,0.1750,0.4720
668.5290,146.0120,1.0000,425688106600,0.1750,0.4720
668.4430,145.5740,1.0000,425688110600,0.1750,0.4720
668.3570,145.2820,1.0000,425688112800,0.1750,0.4720
668.3570,144.9180,1.0000,425704025000,0.1750,0.4720
668.2710,144.3700,1.0000,425704086900,0.1750,0.4720
668.2710,144.0780,1.0000,425720232600,0.1750,0.4720
668.2290,143.6410,1.0000,425720633300,0.1750,0.4720
668.1430,143.0930,1.0000,425736304700,0.1750,0.4720
668.1430,142.8010,1.0000,425736467700,0.1750,0.4720
668.0570,142.3640,1.0000,425752812400,0.1750,0.4720
668.0570,141.9260,1.0000,425752903600,0.1750,0.4720
668.0570,141.4510,1.0000,425769704100,0.1750,0.4720
667.9710,141.0130,1.0000,425769882700,0.1750,0.4720
667.9290,140.7950,1.0000,425785702300,0.1750,0.4720
667.7570,142.1450,0.9570,425801824800,0.1750,0.4720
667.6720,143.4220,0.7980,425817824400,0.1750,0.4720
667.3710,145.4280,0.6650,425817873900,0.1750,0.4550
667.3290,146.9970,0.5540,425817878200,0.1750,0.4550
683.7000,177.7190,0.3280,426286455600,0.0000,0.4710
683.7860,177.4270,0.2990,426302180900,0.0000,0.4710
683.9570,177.2080,0.3620,426318435200,0.0000,0.4710
684.0860,176.8800,0.4320,426334736200,0.0000,0.4710
684.2570,176.6610,0.4970,426334771300,0.0000,0.4710
684.3000,176.3690,0.5920,426350787500,0.0000,0.4710
684.3860,176.0770,0.6760,426366963100,0.0000,0.4710
684.5570,175.7850,0.7650,426383909100,0.0000,0.4710
684.9000,176.3690,0.8500,426416359000,0.0000,0.4710
684.9860,176.5880,0.8600,426416397800,0.0000,0.4710
685.2000,176.9890,0.8780,426432596000,0.0000,0.4710
685.3710,177.1350,0.8860,426432631200,0.0000,0.4710
685.5000,177.3540,0.8930,426432632100,0.0000,0.4710
685.6710,177.5730,0.9000,426448681400,0.0000,0.4710
685.8000,177.7190,0.9060,426448735500,0.0000,0.4710
685.8860,177.9380,0.9110,426448736800,0.0000,0.4710
686.1860,178.3030,0.9200,426448742700,0.0000,0.4710
686.2710,178.4850,0.9220,426465641700,0.0000,0.4710
686.4860,178.7770,0.9100,426481669100,0.0000,0.4710
686.5710,178.9230,0.8970,426481713500,0.0000,0.4710
686.7860,179.2880,0.8610,426481715400,0.0000,0.4710
686.8710,179.5800,0.7930,426498643500,0.0000,0.4710
686.9140,179.8350,0.6600,426498685000,0.0000,0.4710
687.3000,180.1270,0.8330,426514613600,0.0000,0.4710
687.5140,180.2000,0.6940,426514634800,0.0000,0.4710
695.2290,175.3840,1.0000,426781254600,0.0000,0.4710
695.3140,175.0190,1.0000,426781290000,0.0000,0.4710
695.4000,174.7270,1.0000,426797058400,0.0000,0.4710
695.5290,174.5810,1.0000,426813159400,0.0000,0.4710
695.7000,173.9610,0.1050,426845730500,0.0000,0.4710
695.7860,173.5960,0.2730,426877909500,0.0000,0.4710
695.9140,173.3770,0.4180,426893989000,0.0000,0.4710
695.9140,174.2890,0.8110,426958395800,0.0000,0.4710
696.0000,174.7270,0.8380,426974614800,0.0000,0.4710
696.0000,174.9460,0.8490,426991488200,0.0180,0.4730
696.0860,175.1650,0.8600,426991550200,0.0360,0.4720
696.1290,175.5300,0.8780,426991555600,0.0710,0.4730
696.3000,175.7850,0.8870,426991557700,0.0880,0.4720
696.3860,176.0040,0.8940,427007577000,0.1050,0.4710
696.5140,176.2960,0.9080,427007651700,0.1230,0.4720
696.6000,176.5150,0.9140,427007655500,0.1230,0.4720
696.7290,176.8070,0.9240,427023730000,0.1230,0.4720
696.8140,176.9890,0.9280,427040068900,0.1230,0.4720
696.9860,177.2810,0.9160,427040228800,0.1230,0.4720
697.0290,177.5000,0.8750,427056261300,0.1230,0.4720
653.4430,197.3490,1.0000,428048613200,0.0880,0.4540
653.5290,196.9840,1.0000,428048664900,0.0880,0.4720
653.0140,194.2110,0.0530,428149197400,0.0880,0.4720
653.0140,193.7360,0.1520,428164992200,0.0880,0.4720
653.0140,193.3720,0.2200,428181110500,0.0880,0.4720
652.9290,193.0800,0.2860,428181140700,0.0880,0.4720
652.8430,192.7150,0.3480,428197356600,0.0880,0.4720
652.7140,192.2410,0.4330,428197396400,0.0880,0.4720
652.6290,191.9490,0.4840,428213483900,0.0880,0.4720
652.5430,191.6570,0.5500,428230481800,0.0880,0.4720
652.4140,191.3650,0.6050,428246928800,0.0880,0.4720
652.2000,192.1680,0.7480,428296781500,0.0880,0.4720
652.2430,192.5690,0.7620,428313210800,0.0880,0.4720
652.2430,193.1530,0.7730,428313246800,0.0880,0.4720
652.3290,193.5180,0.7780,428313247600,0.0880,0.4720
652.3290,193.7360,0.7830,428329584800,0.0880,0.4720
652.3290,194.1380,0.7870,428329623800,0.0880,0.4720
652.4140,194.5030,0.7910,428345859600,0.0880,0.4720
652.4140,194.8680,0.7940,428345892100,0.0880,0.4720
652.4140,195.2690,0.7970,428345892900,0.0880,0.4720
652.4140,195.5610,0.8000,428345893500,0.0880,0.4720
652.5000,195.9260,0.8030,428362133000,0.0880,0.4720
652.5000,196.1450,0.8050,428362172100,0.0880,0.4720
652.5430,196.6190,0.8080,428362173500,0.0880,0.4720
652.6290,196.9110,0.8100,428378375600,0.0880,0.4720
652.7140,197.2030,0.8120,428378408300,0.0880,0.4720
652.8000,197.5680,0.8150,428378410000,0.0880,0.4720
652.8430,197.8590,0.8170,428378411100,0.0880,0.4720
652.9290,198.1880,0.8190,428394458200,0.0880,0.4720
653.0140,198.4070,0.8200,428394483300,0.0880,0.4720
653.1000,198.6990,0.8220,428394484000,0.0880,0.4720
653.1430,198.9910,0.8240,428394484500,0.0880,0.4720
653.2290,199.4650,0.8270,428411441000,0.0880,0.4720
653.3140,199.9030,0.8300,428427661900,0.0880,0.4720
653.3570,200.2680,0.8330,428427688900,0.0880,0.4720
653.3570,200.4870,0.8350,428427689700,0.0880,0.4720
653.3140,200.8880,0.8390,428443672500,0.0880,0.4720
653.3140,201.2530,0.8440,428459778600,0.0880,0.4720
653.1000,201.5450,0.8500,428459810200,0.0880,0.4720
652.8430,201.9090,0.8560,428476823100,0.0880,0.4720
652.7140,202.0550,0.8600,428476840300,0.1050,0.4710
652.5430,202.1280,0.8640,428476841100,0.1050,0.4710
652.3290,202.3840,0.8680,428476841700,0.1050,0.4710
652.0290,202.5300,0.8720,428492963000,0.1050,0.4710
651.8140,202.6760,0.8760,428492984500,0.1050,0.4710
651.4290,202.8950,0.8800,428509042800,0.1050,0.4710
651.0000,203.0410,0.8840,428509066600,0.1050,0.4710
650.4430,203.2590,0.8870,428509067700,0.1050,0.4710
650.0140,203.3320,0.8910,428509068900,0.1050,0.4710
649.5430,203.5510,0.8950,428525241900,0.1050,0.4710
649.0290,203.7340,0.8980,428525297900,0.1050,0.4710
648.5140,203.8800,0.9020,428541586300,0.1050,0.4710
647.9140,203.9530,0.9050,428541648400,0.1050,0.4710
647.3140,204.0260,0.9080,428541651300,0.1050,0.4710
646.8000,204.0990,0.9120,428541652900,0.1230,0.4720
646.1140,204.1720,0.9150,428558491900,0.1230,0.4720
645.5140,204.2450,0.9170,428558553600,0.1230,0.4720
644.7860,204.3180,0.9200,428558556900,0.1230,0.4720
644.0140,204.3910,0.9230,428558559100,0.1230,0.4720
643.2860,204.4640,0.9250,428574641200,0.1230,0.4720
642.5140,204.5360,0.9280,428574714200,0.1230,0.4720
641.7860,204.5360,0.9300,428574719100,0.1230,0.4720
641.0140,204.5360,0.9320,428591601000,0.1230,0.4720
640.4140,204.5360,0.9350,428591693200,0.1230,0.4720
639.6860,204.5360,0.9370,428591697800,0.1230,0.4720
639.0860,204.5360,0.9390,428591700000,0.1230,0.4720
638.4000,204.5360,0.9420,428608669500,0.1230,0.4720
637.8000,204.5360,0.9440,428608729500,0.1230,0.4720
637.2860,204.4640,0.9470,428608732100,0.1230,0.4720
636.6860,204.3910,0.9490,428624863300,0.1230,0.4720
636.1710,204.3180,0.9520,428624938900,0.1230,0.4720
635.6140,204.1720,0.9550,428624942300,0.1230,0.4720
635.1000,204.0260,0.9580,428624944600,0.1230,0.4720
634.6710,203.8800,0.9600,428640942900,0.1230,0.4720
634.1140,203.7340,0.9630,428641006300,0.1230,0.4720
633.6000,203.5510,0.9650,428657851200,0.1230,0.4720
633.3000,203.3320,0.9680,428657925800,0.1230,0.4720
632.8710,203.1860,0.9710,428657932500,0.1230,0.4720
632.4860,202.9680,0.9770,428657943400,0.1230,0.4720
632.0140,202.7490,0.9810,428657946100,0.1230,0.4720
631.6720,202.5300,0.9850,428673926600,0.1230,0.4720
631.3710,202.1280,0.9900,428673990800,0.1230,0.4720
630.9860,201.9090,0.9940,428690138100,0.1230,0.4720
630.6860,201.6910,0.9990,428690216100,0.1230,0.4720
630.3000,201.3990,1.0000,428690221200,0.1230,0.4720
630.0860,201.1070,1.0000,428690224000,0.1230,0.4720
629.7000,200.7050,1.0000,428690225800,0.1230,0.4720
629.4000,200.4140,1.0000,428706984100,0.1230,0.4720
629.1000,200.1220,1.0000,428707046900,0.1230,0.4720
628.8860,199.7570,1.0000,428723135800,0.1230,0.4720
628.5860,199.3550,1.0000,428723215900,0.1230,0.4720
628.3710,198.9910,1.0000,428723220200,0.1230,0.4720
628.0710,198.5530,1.0000,428723224000,0.1230,0.4720
627.9000,198.2610,1.0000,428739204900,0.1230,0.4720
627.6860,197.7860,1.0000,428739273500,0.1230,0.4720
627.4710,197.3490,1.0000,428755778300,0.1230,0.4720
627.3000,196.8380,1.0000,428755824800,0.1230,0.4720
627.0860,196.2910,1.0000,428755827300,0.1230,0.4720
626.8710,195.7800,1.0000,428755828900,0.1230,0.4720
626.6570,195.1590,1.0000,428755830400,0.1230,0.4720
626.4860,194.6490,1.0000,428771824100,0.1230,0.4720
626.3570,194.0650,1.0000,428771886000,0.1230,0.4720
626.1000,193.4450,1.0000,428771889500,0.1230,0.4720
626.0570,192.9340,1.0000,428771891400,0.1230,0.4720
625.8860,192.3140,1.0000,428788361200,0.1230,0.4720
625.8000,191.8030,1.0000,428788418600,0.1230,0.4720
625.6710,191.2190,1.0000,428804540600,0.1230,0.4720
625.5860,190.6720,1.0000,428804692600,0.1230,0.4720
625.4570,190.1610,1.0000,428804698200,0.1230,0.4720
625.4570,189.5400,1.0000,428804701100,0.1230,0.4720
625.2860,188.9570,1.0000,428804705200,0.1230,0.4720
625.2000,188.5190,1.0000,428821549500,0.1230,0.4720
625.0710,187.8990,1.0000,428821683700,0.1230,0.4720
624.9860,187.3880,1.0000,428837928700,0.1230,0.4720
624.9000,186.8040,1.0000,428838126600,0.1230,0.4720
624.7710,186.1840,1.0000,428838135400,0.1230,0.4720
624.6000,185.6000,1.0000,428838137900,0.1230,0.4720
624.5570,184.9800,1.0000,428838139600,0.1230,0.4720
624.3860,184.3230,1.0000,428853922100,0.1230,0.4720
624.2570,183.7030,1.0000,428853981200,0.1230,0.4720
624.0000,182.9730,1.0000,428870110100,0.1230,0.4720
623.9570,182.2800,1.0000,428870195000,0.1230,0.4720
623.7860,181.6230,1.0000,428870200200,0.1230,0.4720
623.7000,180.8570,1.0000,428870203800,0.1230,0.4720
623.5710,180.2000,1.0000,428887084900,0.1230,0.4720
623.3570,179.2150,1.0000,428887237900,0.1230,0.4720
623.1000,178.4120,1.0000,428887281300,0.1230,0.4720
622.8860,177.5000,1.0000,428887285300,0.1230,0.4720
622.8000,176.6610,1.0000,428887294000,0.1230,0.4720
622.6720,175.7850,1.0000,428903471300,0.1230,0.4720
622.5000,175.1650,1.0000,428903567500,0.1230,0.4720
622.3710,174.2160,1.0000,428919721700,0.1230,0.4720
622.2000,173.3770,1.0000,428919816700,0.1230,0.4720
621.9860,172.4650,1.0000,428919821300,0.1230,0.4720
621.7710,171.5160,1.0000,428919823500,0.1230,0.4720
621.5570,170.6040,1.0000,428935793500,0.1230,0.4720
621.3000,169.5460,1.0000,428935843100,0.1230,0.4720
621.0860,168.5970,1.0000,428935846600,0.1230,0.4720
620.9570,167.5390,1.0000,428951896200,0.1230,0.4720
620.7430,166.5540,1.0000,428951962400,0.1230,0.4720
620.4430,165.4960,1.0000,428951966200,0.1230,0.4720
620.1860,164.5470,1.0000,428951968500,0.1230,0.4720
620.0570,163.4890,1.0000,428968198400,0.1230,0.4720
619.7570,162.5040,1.0000,428968247800,0.1230,0.4720
619.5430,161.5550,1.0000,428984285100,0.1230,0.4720
619.2860,160.5700,1.0000,428984347900,0.1230,0.4720
619.0710,159.7310,1.0000,428984351200,0.1230,0.4720
618.9430,159.0010,1.0000,428984352800,0.1230,0.4720
618.7710,158.3080,1.0000,429000332600,0.1230,0.4720
618.6430,157.6510,1.0000,429000406700,0.1230,0.4720
618.4710,156.8850,1.0000,429000410600,0.1230,0.4720
618.3430,156.3010,1.0000,429016376600,0.1230,0.4720
618.2570,155.6080,1.0000,429016440700,0.1230,0.4720
618.0860,155.0240,1.0000,429016443200,0.1230,0.4720
618.0430,154.4770,1.0000,429016445600,0.1230,0.4720
617.8710,153.8930,1.0000,429032721800,0.1230,0.4720
617.7430,153.4550,1.0000,429032786700,0.1230,0.4720
617.5710,152.4700,1.0000,429048800200,0.1230,0.4720
617.5710,152.1050,1.0000,429048878600,0.1230,0.4720
617.3570,151.4120,1.0000,429048884000,0.1230,0.4720
617.3570,150.9010,1.0000,429064896700,0.1230,0.4720
617.2710,150.1350,1.0000,429081274100,0.1230,0.4720
617.1860,149.6970,1.0000,429097321600,0.1230,0.4720
617.1430,149.1130,1.0000,429097385800,0.1230,0.4720
617.0570,148.4930,1.0000,429113687600,0.1230,0.4720
616.9710,148.0550,1.0000,429129748500,0.1230,0.4720
616.8860,147.7640,1.0000,429129818400,0.1230,0.4720
616.8430,149.7700,0.9210,429175367500,0.1230,0.4720
616.5860,150.9740,0.7680,429175439500,0.1230,0.4900
615.6430,154.6590,0.8330,429191612700,0.1220,0.5060
615.4710,156.2280,0.6940,429191662600,0.1220,0.5060
627.0000,183.2650,0.3410,429462524700,0.0000,0.5060
627.0860,182.9000,0.3480,429478506600,0.0000,0.5060
627.1710,182.6810,0.3690,429478538500,0.0000,0.5060
627.3000,182.2800,0.4170,429494686700,0.0000,0.5060
627.3860,182.0610,0.4410,429494722400,0.0000,0.5060
627.5570,181.6960,0.4880,429510871700,0.0000,0.5060
627.6000,181.4040,0.5350,429510915400,0.0000,0.5060
627.7710,181.1850,0.5800,429527916700,0.0000,0.5060
627.8570,180.7840,0.6410,429543936900,0.0000,0.5060
627.9860,180.5650,0.6920,429560155500,0.0000,0.5060
628.4570,180.9300,0.7900,429593069900,0.0000,0.5060
628.5000,181.2580,0.8150,429593125600,0.0000,0.5060
628.6710,181.4770,0.8260,429593128000,0.0180,0.5080
628.7570,181.7690,0.8470,429609165600,0.0540,0.5080
628.8000,182.1340,0.8640,429626030900,0.0880,0.5060
628.8860,182.3530,0.8720,429626124800,0.1060,0.5070
628.8860,182.6810,0.8860,429626133500,0.1220,0.5060
629.0140,182.9730,0.9020,429658348900,0.1220,0.5060
629.1000,183.1920,0.9120,429658461400,0.1220,0.5060
629.2710,183.3380,0.8960,429675324400,0.1220,0.5060
627.3000,182.9730,0.5780,429708457900,0.1060,0.5070
599.3140,189.7230,0.0980,430585551200,0.0360,0.4720
599.1430,189.3220,0.2010,430601354000,0.0360,0.4720
599.0570,188.9570,0.2840,430601383300,0.0360,0.4720
598.9290,188.7380,0.3510,430617634400,0.0360,0.4720
598.8430,188.4460,0.4100,430617666300,0.0360,0.4720
598.6290,188.1180,0.4640,430634611600,0.0360,0.4720
598.5430,187.8990,0.5120,430651100600,0.0360,0.4720
598.4140,187.6070,0.5560,430651130400,0.0360,0.4720
598.1570,187.3880,0.6130,430667326200,0.0360,0.4720
598.0290,188.2270,0.7590,430716547700,0.0360,0.4720
598.0290,188.7380,0.7790,430733541700,0.0360,0.4720
598.0290,188.9570,0.7890,430733593100,0.0360,0.4720
598.1140,189.7230,0.8060,430749516400,0.0360,0.4720
598.1140,190.0150,0.8140,430749546500,0.0360,0.4720
598.1570,190.5990,0.8210,430749547900,0.0360,0.4720
598.1570,191.0730,0.8270,430749548500,0.0360,0.4720
598.2430,191.5840,0.8340,430766503400,0.0360,0.4720
598.3280,192.0950,0.8390,430766526800,0.0360,0.4720
598.2430,192.5690,0.8440,430782505000,0.0360,0.4720
598.3280,193.1530,0.8490,430782540800,0.0360,0.4720
598.3280,193.6640,0.8540,430782542600,0.0360,0.4720
598.3280,194.1380,0.8580,430782554000,0.0360,0.4720
598.2430,194.5760,0.8610,430782555000,0.0360,0.4720
598.2430,194.9410,0.8640,430799579700,0.0360,0.4720
598.4140,195.5610,0.8670,430799649500,0.0360,0.4720
598.4140,195.9990,0.8700,430799650800,0.0360,0.4720
598.4140,196.4360,0.8730,430799651800,0.0360,0.4720
598.3280,196.8380,0.8750,430816486700,0.0360,0.4720
598.3280,197.1300,0.8770,430816530400,0.0360,0.4720
598.4140,197.3490,0.8800,430832486300,0.0360,0.4720
598.4140,197.7140,0.8820,430832524400,0.0360,0.4720
598.4140,198.0420,0.8850,430832525600,0.0360,0.4720
598.4140,198.4800,0.8900,430832527100,0.0360,0.4720
598.4570,198.6990,0.8930,430849464100,0.0360,0.4720
598.4570,199.1360,0.9000,430865659900,0.0360,0.4720
598.3280,199.5380,0.9070,430865701700,0.0360,0.4720
598.1140,199.7570,0.9150,430865704200,0.0360,0.4720
598.0290,200.0490,0.9190,430881929900,0.0360,0.4720
597.6430,200.3410,0.9250,430881952800,0.0360,0.4720
597.4290,200.5590,0.9280,430898015900,0.0360,0.4720
597.2140,200.7050,0.9310,430898036300,0.0360,0.4720
596.8280,200.9610,0.9330,430898037100,0.0360,0.4720
596.4000,201.1800,0.9360,430915097900,0.0360,0.4720
595.9290,201.3990,0.9380,430915127200,0.0530,0.4730
595.5000,201.5450,0.9400,430915128200,0.0710,0.4730
595.0290,201.7640,0.9420,430915128700,0.0710,0.4730
594.5140,201.9820,0.9430,430931506900,0.0710,0.4730
594.0430,202.1280,0.9450,430931544800,0.0710,0.4730
593.6140,202.3840,0.9460,430947592500,0.0710,0.4730
593.1000,202.5300,0.9480,430947635600,0.0710,0.4730
592.6290,202.6760,0.9490,430947636600,0.0710,0.4730
592.2000,202.8220,0.9500,430947640100,0.0880,0.4720
591.6430,202.9680,0.9520,430947640800,0.0880,0.4720
591.2140,203.1130,0.9540,430963725500,0.0880,0.4720
590.7000,203.2590,0.9560,430963745600,0.0880,0.4720
590.1430,203.3320,0.9580,430980683300,0.0880,0.4720
589.7140,203.5510,0.9590,430980699000,0.0880,0.4720
589.1140,203.6610,0.9610,430980701900,0.0880,0.4720
588.4290,203.8070,0.9630,430980702400,0.0880,0.4720
587.7860,203.9530,0.9650,430997035400,0.1050,0.4710
587.1860,204.0260,0.9670,430997067900,0.1050,0.4710
586.4140,204.1720,0.9690,430997068800,0.1050,0.4710
585.6860,204.2450,0.9700,430997069400,0.1050,0.4710
584.8290,204.3910,0.9720,430997069900,0.1050,0.4710
584.1860,204.4640,0.9730,431013935700,0.1050,0.4710
583.4140,204.5360,0.9740,431013966600,0.1050,0.4710
582.6860,204.6820,0.9750,431030194000,0.1050,0.4710
582.0000,204.7550,0.9770,431030211300,0.1050,0.4710
581.3140,204.8280,0.9780,431030212200,0.1230,0.4720
580.7140,204.9740,0.9790,431030213000,0.1230,0.4720
580.2000,205.0840,0.9800,431046263900,0.1230,0.4720
579.6000,205.1570,0.9810,431046292800,0.1230,0.4720
579.1720,205.2300,0.9810,431046294800,0.1230,0.4720
578.7000,205.2300,0.9820,431046295700,0.1230,0.4720
578.3140,205.3030,0.9830,431062370900,0.1230,0.4720
577.9710,205.3030,0.9840,431062413500,0.1230,0.4720
577.5860,205.3760,0.9850,431078471400,0.1230,0.4720
577.2860,205.3760,0.9850,431078497300,0.1230,0.4720
576.9000,205.3760,0.9870,431078498100,0.1230,0.4720
576.5140,205.3760,0.9880,431078498700,0.1230,0.4720
576.0860,205.3760,0.9890,431078499100,0.1230,0.4720
575.5710,205.3760,0.9900,431094672000,0.1230,0.4720
574.9710,205.3760,0.9910,431094700800,0.1230,0.4720
574.3710,205.3030,0.9910,431110732700,0.1230,0.4720
573.7710,205.2300,0.9920,431110753800,0.1230,0.4720
573.1710,205.1570,0.9930,431110754600,0.1230,0.4720
572.5710,204.9740,0.9940,431110755100,0.1230,0.4720
572.0570,204.9010,0.9950,431110755700,0.1230,0.4720
571.5000,204.8280,0.9960,431126839500,0.1230,0.4720
571.0710,204.6820,0.9970,431126868400,0.1230,0.4720
570.6000,204.5360,0.9980,431142931400,0.1230,0.4720
570.2570,204.3910,0.9980,431142990600,0.1230,0.4720
569.8710,204.2450,0.9990,431142992800,0.1230,0.4720
569.4860,204.0260,0.9990,431142995400,0.1230,0.4720
569.1000,203.8070,1.0000,431159164700,0.1230,0.4720
568.8000,203.4780,1.0000,431159257400,0.1230,0.4720
568.5000,203.1130,1.0000,431159261800,0.1230,0.4720
568.2000,202.8220,1.0000,431175242300,0.1230,0.4720
567.9860,202.4570,1.0000,431175301500,0.1230,0.4720
567.7710,201.9820,1.0000,431175303800,0.1230,0.4720
567.4710,201.5450,1.0000,431175305300,0.1230,0.4720
567.3000,201.1070,1.0000,431191237600,0.1230,0.4720
567.0860,200.5590,1.0000,431191308500,0.1230,0.4720
566.8710,200.0490,1.0000,431207640300,0.1230,0.4720
566.7000,199.6110,1.0000,431207708600,0.1230,0.4720
566.4860,198.9910,1.0000,431207711600,0.1230,0.4720
566.3570,198.4800,1.0000,431207714400,0.1230,0.4720
566.1860,197.8590,1.0000,431223553400,0.1230,0.4720
565.9710,197.3490,1.0000,431223606600,0.1230,0.4720
565.8000,196.7650,1.0000,431223608600,0.1230,0.4720
565.7570,196.1450,1.0000,431223610000,0.1230,0.4720
565.5860,195.6340,1.0000,431223611500,0.1230,0.4720
565.4570,195.0860,1.0000,431240622600,0.1230,0.4720
565.3710,194.6490,1.0000,431240684200,0.1230,0.4720
565.2860,194.2110,1.0000,431257581400,0.1230,0.4720
565.2000,193.7360,1.0000,431257647700,0.1230,0.4720
565.0710,193.5180,1.0000,431257650100,0.1230,0.4720
564.9860,193.2260,1.0000,431257651400,0.1230,0.4720
564.9000,192.7150,1.0000,431273911400,0.1230,0.4720
564.7710,192.3140,1.0000,431290173100,0.1230,0.4720
564.6860,192.0950,1.0000,431290234200,0.1230,0.4720
564.6000,191.8030,1.0000,431290236700,0.1230,0.4720
564.5570,191.3650,1.0000,431306618000,0.1230,0.4720
564.3860,191.1460,1.0000,431322882400,0.1230,0.4720
564.2570,190.7450,1.0000,431338867800,0.1230,0.4720
564.0860,190.5260,0.9990,431338944800,0.1230,0.4720
563.9570,190.1610,0.9980,431355850600,0.1230,0.4720
563.7430,190.0150,0.9970,431372034900,0.1230,0.4720
563.4860,189.8690,0.9950,431388983500,0.1230,0.4720
562.9710,190.0880,0.9930,431405397600,0.1230,0.4720
562.6720,190.3070,0.9920,431422374200,0.1230,0.4720
562.5430,190.4530,0.9920,431422445700,0.1230,0.4720
562.2430,190.7450,0.9900,431438545200,0.1230,0.4720
562.0710,190.8910,0.9900,431438592600,0.1230,0.4720
561.8570,191.3650,0.9890,431438596700,0.1230,0.4720
561.7710,191.5840,0.9890,431454801300,0.1230,0.4720
561.6430,191.8030,0.9890,431454952600,0.1230,0.4720
561.4710,192.2410,0.9880,431454992600,0.1230,0.4720
561.3430,192.4960,0.9880,431470824300,0.1230,0.4720
561.1710,193.0070,0.9880,431471116200,0.1230,0.4720
561.0430,193.2260,0.9880,431486877900,0.1230,0.4720
560.8710,193.5180,0.9890,431487104800,0.1230,0.4720
560.6570,193.9190,0.9890,431487129000,0.1230,0.4720
560.4860,194.2110,0.9890,431487132400,0.1230,0.4720
560.2710,194.5760,0.9900,431503861700,0.1230,0.4720
559.9710,194.9410,0.9900,431503924800,0.1230,0.4720
559.8430,195.3420,0.9900,431519965100,0.1230,0.4720
559.5430,195.7070,0.9900,431520063800,0.1230,0.4720
559.3710,195.9990,0.9910,431520068200,0.1230,0.4720
559.1570,196.2910,0.9910,431520074700,0.1230,0.4720
558.9860,196.5090,0.9910,431520077800,0.1230,0.4720
558.8570,196.7650,0.9910,431537008400,0.1230,0.4720
558.6860,196.9840,0.9920,431537142900,0.1230,0.4720
558.6430,197.2760,0.9920,431553037300,0.1230,0.4720
558.4710,197.4950,0.9920,431553131100,0.1230,0.4720
558.1710,197.7860,0.9920,431553138000,0.1230,0.4720
557.9570,198.1150,0.9930,431553143700,0.1230,0.4720
557.7860,198.3340,0.9930,431569019000,0.1230,0.4720
557.5710,198.5530,0.9940,431569083500,0.1230,0.4720
557.3570,198.7720,0.9940,431585534500,0.1230,0.4720
557.1860,198.9910,0.9950,431585617400,0.1230,0.4720
556.9710,199.1360,0.9950,431585620300,0.1230,0.4720
556.5860,199.5380,0.9960,431585622100,0.1230,0.4720
556.3710,199.7570,0.9960,431585623600,0.1230,0.4720
556.0290,200.0490,0.9970,431601669900,0.1230,0.4720
555.7290,200.2680,0.9970,431601753700,0.1230,0.4720
555.4290,200.4870,0.9980,431601761600,0.1230,0.4720
554.9570,200.7780,0.9980,431601764100,0.1230,0.4720
554.6570,200.9610,0.9980,431601766300,0.1230,0.4720
554.2290,201.2530,0.9980,431618508000,0.1230,0.4720
553.9290,201.4720,0.9980,431618571100,0.1410,0.4720
553.5430,201.6910,0.9990,431634524900,0.1410,0.4720
553.1570,201.9090,0.9980,431634586900,0.1410,0.4720
552.7290,202.1280,0.9980,431634589500,0.1410,0.4720
552.3430,202.3840,0.9990,431634591500,0.1410,0.4720
551.8710,202.6030,0.9990,431651430400,0.1410,0.4720
551.5290,202.7490,0.9990,431651496900,0.1410,0.4720
551.2290,202.9680,1.0000,431667613900,0.1570,0.4710
550.9710,203.1130,1.0000,431667691700,0.1570,0.4710
550.4570,203.3320,1.0000,431667695200,0.1570,0.4710
550.0290,203.4780,1.0000,431667697600,0.1570,0.4710
549.5570,203.6610,1.0000,431667699800,0.1570,0.4710
549.0430,203.8800,1.0000,431683559400,0.1570,0.4710
548.6570,203.9530,1.0000,431683626600,0.1570,0.4710
548.0570,204.0990,1.0000,431700636200,0.1570,0.4710
547.4570,204.3180,1.0000,431700697600,0.1570,0.4710
547.0290,204.4640,1.0000,431700699700,0.1570,0.4710
546.5140,204.5360,1.0000,431700701400,0.1570,0.4710
546.0430,204.6820,1.0000,431716862700,0.1570,0.4710
545.5290,204.8280,1.0000,431716941800,0.1570,0.4710
545.0570,204.9010,1.0000,431716946300,0.1570,0.4710
544.4570,205.0840,1.0000,431732956200,0.1570,0.4710
543.9430,205.2300,1.0000,431733020600,0.1570,0.4710
543.4290,205.3760,1.0000,431733023200,0.1570,0.4710
543.0430,205.4490,1.0000,431733025100,0.1570,0.4710
542.7430,205.5220,1.0000,431749338200,0.1570,0.4710
542.3570,205.6680,1.0000,431749441400,0.1570,0.4710
541.8430,205.7410,1.0000,431765450400,0.1570,0.4710
541.4570,205.7410,1.0000,431765526900,0.1570,0.4710
541.1570,205.8870,1.0000,431765531300,0.1570,0.4710
540.8140,205.9600,1.0000,431765533800,0.1570,0.4710
540.3000,206.0320,1.0000,431765535900,0.1570,0.4710
540.0000,206.0320,1.0000,431781774200,0.1570,0.4710
539.6140,206.1050,1.0000,431781845100,0.1570,0.4710
539.3140,206.1780,1.0000,431781849500,0.1570,0.4710
538.9290,206.1780,1.0000,431781852700,0.1570,0.4710
538.3280,206.2510,1.0000,431798849200,0.1570,0.4710
537.9430,206.2510,1.0000,431798913100,0.1570,0.4710
537.6000,206.3240,1.0000,431815755100,0.1570,0.4710
537.0000,206.3240,1.0000,431815840700,0.1570,0.4710
536.4430,206.4340,1.0000,431815847200,0.1570,0.4710
536.0140,206.4340,1.0000,431815849600,0.1570,0.4710
535.6290,206.4340,1.0000,431815852100,0.1570,0.4710
535.2000,206.5070,1.0000,431831885200,0.1570,0.4710
534.6000,206.5070,1.0000,431848065400,0.1570,0.4710
534.2140,206.5070,1.0000,431848129300,0.1570,0.4710
533.7430,206.5070,1.0000,431848131800,0.1570,0.4710
533.4430,206.5070,1.0000,431864333800,0.1570,0.4710
533.1000,206.5800,1.0000,431864400100,0.1570,0.4710
532.5000,206.4340,1.0000,431880503600,0.1570,0.4710
532.2860,206.3240,1.0000,431880568700,0.1570,0.4710
531.9860,206.1050,1.0000,431897536600,0.1570,0.4710
531.5140,205.8870,1.0000,431897602100,0.1570,0.4710
531.3000,205.7410,1.0000,431897605500,0.1570,0.4710
530.9140,205.4490,1.0000,431913658100,0.1570,0.4710
530.7000,205.2300,1.0000,431913723100,0.1570,0.4710
530.3140,204.8280,1.0000,431930565500,0.1570,0.4710
530.0140,204.5360,1.0000,431930656500,0.1570,0.4710
529.7140,204.2450,1.0000,431930666200,0.1570,0.4710
529.4140,203.8800,1.0000,431930670700,0.1570,0.4710
529.1140,203.5510,1.0000,431946681000,0.1570,0.4710
528.7290,203.1860,1.0000,431946745300,0.1570,0.4710
528.4290,202.8220,1.0000,431962700200,0.1570,0.4710
528.1290,202.4570,1.0000,431962765400,0.1570,0.4710
527.9140,201.9820,1.0000,431962769000,0.1570,0.4710
527.8290,201.4720,1.0000,431962771200,0.1570,0.4710
527.6140,200.9610,1.0000,431962773400,0.1570,0.4710
527.4860,200.4140,1.0000,431979698200,0.1570,0.4710
527.4000,199.7570,1.0000,431979767000,0.1570,0.4710
527.2290,199.2090,1.0000,431995904400,0.1570,0.4710
527.2290,198.5530,1.0000,431995972500,0.1570,0.4710
527.0140,198.0420,1.0000,431995976200,0.1570,0.4710
526.8860,197.3490,1.0000,431995978600,0.1570,0.4710
526.8000,196.8380,1.0000,432012997800,0.1570,0.4710
526.7140,196.1450,1.0000,432013098300,0.1570,0.4710
526.6290,195.5610,1.0000,432013103900,0.1570,0.4710
526.5860,194.9410,1.0000,432013106900,0.1570,0.4710
526.5000,194.3570,1.0000,432029362300,0.1570,0.4710
526.4140,193.7360,1.0000,432029432300,0.1570,0.4710
526.3290,193.2260,1.0000,432029436600,0.1570,0.4710
526.2000,192.7150,1.0000,432029439100,0.1570,0.4710
526.0290,192.2410,1.0000,432046355300,0.1570,0.4710
525.9000,191.7300,1.0000,432046420900,0.1570,0.4710
525.7290,191.3650,1.0000,432046423500,0.1570,0.4710
525.6860,191.0000,1.0000,432046425200,0.1570,0.4710
525.5140,190.5990,1.0000,432062407400,0.1570,0.4710
525.3860,190.1610,1.0000,432062476300,0.1570,0.4710
525.1290,189.8690,1.0000,432078503400,0.1570,0.4710
524.7860,189.3950,1.0000,432078597600,0.1570,0.4710
524.4000,189.1030,1.0000,432078600800,0.1570,0.4710
524.1000,188.7380,1.0000,432078603000,0.1570,0.4710
523.8000,188.3730,1.0000,432078604800,0.1570,0.4710
523.2860,188.0450,1.0000,432094958000,0.1570,0.4710
522.9000,187.7530,1.0000,432095045200,0.1570,0.4710
522.4710,187.4610,1.0000,432111840100,0.1570,0.4710
521.9140,187.1690,1.0000,432111879000,0.1570,0.4710
521.4000,186.9500,1.0000,432111881700,0.1570,0.4710
520.8000,186.6950,1.0000,432111883200,0.1570,0.4710
520.2000,186.4760,1.0000,432127917800,0.1570,0.4710
519.6000,186.4030,1.0000,432127982800,0.1570,0.4710
518.9140,186.3300,1.0000,432127985000,0.1570,0.4710
518.2710,186.4030,1.0000,432144860700,0.1570,0.4710
517.5000,186.4760,1.0000,432144934700,0.1570,0.4710
516.7710,186.5490,1.0000,432144938400,0.1570,0.4710
515.7860,186.8770,1.0000,432144943900,0.1570,0.4710
514.8000,187.2420,0.9990,432161833600,0.1570,0.4710
513.9000,187.6070,0.9990,432161889800,0.1570,0.4710
513.1710,187.9720,0.9980,432161893300,0.1570,0.4710
512.4000,188.4460,0.9970,432178211800,0.1570,0.4710
511.8860,188.8840,0.9960,432178273600,0.1570,0.4710
511.2860,189.2490,0.9950,432178276300,0.1570,0.4710
510.9860,189.7230,0.9950,432178278100,0.1570,0.4710
510.6860,190.0880,0.9940,432194207700,0.1570,0.4710
510.4710,190.5260,0.9930,432194286900,0.1570,0.4710
510.2570,191.0000,0.9920,432194292600,0.1570,0.4710
510.0000,191.3650,0.9910,432210676500,0.1570,0.4710
510.0000,191.7300,0.9900,432210754300,0.1570,0.4710
510.1720,192.0950,0.9890,432210758700,0.1570,0.4710
510.3860,192.5690,0.9890,432210761300,0.1570,0.4710
510.6860,192.9340,0.9880,432226879700,0.1570,0.4710
511.0710,193.2990,0.9870,432226944000,0.1570,0.4710
511.7570,193.9190,0.9870,432226946400,0.1570,0.4710
512.4000,194.3570,0.9870,432226948300,0.1570,0.4710
512.9570,194.7950,0.9860,432242966100,0.1570,0.4710
513.4710,195.0860,0.9860,432243031600,0.1570,0.4710
514.2000,195.4880,0.9870,432259999800,0.1570,0.4710
515.0570,195.8530,0.9870,432260051900,0.1570,0.4710
515.8710,196.1450,0.9860,432260055600,0.1570,0.4710
516.5140,196.4360,0.9840,432260057300,0.1570,0.4710
517.2000,196.6920,0.9800,432276054500,0.1570,0.4710
518.1860,196.9110,0.9740,432276119900,0.1570,0.4710
519.1720,197.0570,0.9650,432276123600,0.1570,0.4710
520.3710,197.1300,0.9540,432292158500,0.1570,0.4710
521.7860,197.1300,0.9400,432292203200,0.1570,0.4710
523.2000,197.1300,0.9240,432292205700,0.1570,0.4710
524.4000,196.9840,0.9050,432292207300,0.1570,0.4710
526.5000,196.6920,0.8800,432308222100,0.1570,0.4710
528.3000,196.2910,0.8640,432308287800,0.1750,0.4720
530.1860,195.7070,0.8370,432308290400,0.1750,0.4720
531.9000,194.9410,0.7980,432308293200,0.1750,0.4720
533.7430,194.2840,0.6650,432324679500,0.1750,0.4720
536.4430,192.9340,0.8330,432324760300,0.1750,0.4720
537.2140,192.3140,0.6940,432341614800,0.1750,0.4720
566.4000,180.4190,0.0300,432705345800,0.1230,0.4720
566.0570,180.3460,0.0810,432705359900,0.1230,0.4720
565.8000,180.2000,0.1360,432721467600,0.1230,0.4720
565.5000,180.0540,0.1900,432721535600,0.1230,0.4720
565.0710,179.8350,0.2850,432721537900,0.1230,0.4720
564.8570,179.7260,0.3260,432737941300,0.1230,0.4720
564.5570,179.5070,0.4050,432737973300,0.1230,0.4720
564.2570,179.3610,0.4790,432754114900,0.1230,0.4720
564.0860,179.1420,0.5460,432754171400,0.1230,0.4720
564.4710,178.7770,0.6330,432787032800,0.1230,0.4720
564.8570,178.7040,0.6590,432787105600,0.1230,0.4720
565.2860,178.5580,0.6830,432787111400,0.1230,0.4720
565.8860,178.4850,0.7050,432787113600,0.1230,0.4720
566.4860,178.4120,0.7260,432787115700,0.1230,0.4720
567.1710,178.1570,0.7450,432803181900,0.1230,0.4720
567.8570,178.1570,0.7630,432803378300,0.1230,0.4720
568.5860,178.0840,0.7800,432803385600,0.1230,0.4720
569.6570,178.0110,0.7950,432803388600,0.1230,0.4720
570.6860,177.8650,0.8100,432819280700,0.1230,0.4720
571.8000,177.7190,0.8230,432819344400,0.1230,0.4720
573.0000,177.5000,0.8360,432836202200,0.1230,0.4720
574.2860,177.2810,0.8480,432836722800,0.1230,0.4720
575.5710,177.1350,0.8580,432836743700,0.1230,0.4720
576.6000,176.8800,0.8680,432836746200,0.1230,0.4720
577.6720,176.6610,0.8770,432852225200,0.1230,0.4720
578.7000,176.4420,0.8860,432852298700,0.1230,0.4720
579.6860,176.2230,0.8940,432852301000,0.1230,0.4720
580.4140,176.0770,0.9010,432869125500,0.1230,0.4720
581.0140,175.9310,0.9080,432869209900,0.1230,0.4720
581.5290,175.7850,0.9150,432869214500,0.1230,0.4720
581.9140,175.7120,0.9220,432869217100,0.1230,0.4720
582.3000,175.6390,0.9280,432885225400,0.1230,0.4720
582.6000,175.5300,0.9340,432885310900,0.1230,0.4720
582.8140,175.4570,0.9380,432901709100,0.1230,0.4720
583.2860,175.3840,0.9370,432901779600,0.1230,0.4720
582.0000,176.0040,0.6850,432934846800,0.1230,0.4720
578.9140,176.9890,0.8330,432951739800,0.1230,0.4720
577.2000,177.5730,0.6940,432951781100,0.1230,0.4720
538.8430,209.2800,0.1570,433299348900,0.0000,0.4360
538.6290,209.3530,0.4420,433331693600,0.0000,0.4360
538.5430,209.7180,0.6340,433348031100,0.0000,0.4360
538.5000,210.0820,0.7100,433380567700,0.0000,0.4360
538.4140,210.3010,0.7520,433380601000,0.0000,0.4360
538.4140,210.7030,0.8050,433396918700,0.0000,0.4360
538.4140,211.1410,0.8440,433413031500,0.0000,0.4360
538.3280,211.3590,0.8650,433413065000,0.0000,0.4360
538.2430,211.6510,0.8870,433429446200,0.0000,0.4360
538.4140,211.8700,0.8670,433445515700,0.0000,0.4360
492.6430,165.8240,0.0050,434319660100,0.0000,0.5060
492.4710,165.2770,0.0210,434319710300,0.0000,0.5060
492.3430,164.8390,0.0420,434319714000,0.0000,0.5060
492.0430,164.2920,0.0660,434319714900,0.0000,0.5060
491.9140,163.7810,0.0920,434319715600,0.0000,0.5060
491.7430,163.3430,0.1190,434335353800,0.0000,0.5060
491.4430,162.7960,0.1460,434335379100,0.0000,0.5060
491.2290,162.2850,0.1750,434351405800,0.0000,0.5060
490.8430,161.7740,0.2040,434351503100,0.0000,0.5060
490.7570,161.1540,0.2330,434351504000,0.0000,0.5060
490.5430,160.6430,0.2620,434351504900,0.0000,0.5060
490.4140,160.0230,0.2910,434367601700,0.0000,0.5060
490.2430,159.4390,0.3190,434367635300,0.0000,0.5060
490.1140,158.9280,0.3470,434367636300,0.0000,0.5060
490.1140,158.3080,0.3750,434383649200,0.0000,0.5060
490.0290,157.7240,0.4030,434383682600,0.0000,0.5060
489.9430,157.1770,0.4290,434383683400,0.0000,0.5060
489.8570,156.5930,0.4560,434383684100,0.0000,0.5060
489.7290,156.1550,0.4820,434399859700,0.0000,0.5060
489.7290,155.6810,0.5060,434399911400,0.0000,0.5060
489.6430,155.1700,0.5300,434399913000,0.0000,0.5060
489.6430,154.7320,0.5540,434399913800,0.0000,0.5060
489.6430,154.1850,0.5760,434415991200,0.0000,0.5060
489.5570,153.8200,0.5980,434416020300,0.0000,0.5060
489.5140,153.4550,0.6190,434432964400,0.0000,0.5060
489.5140,152.9810,0.6400,434432996800,0.0180,0.5080
489.4290,152.7620,0.6590,434432997700,0.0360,0.5070
489.3430,152.2510,0.6950,434433001900,0.0700,0.5060
489.2570,151.9590,0.7110,434449078600,0.0880,0.5060
489.2140,151.5580,0.7400,434465394500,0.0880,0.5060
489.1290,151.1930,0.7650,434465483400,0.0880,0.5060
489.0430,150.8280,0.7940,434481740700,0.1060,0.5070
488.6570,151.4850,0.8420,434515013800,0.1060,0.5070
488.6140,151.8140,0.8500,434515032000,0.1060,0.5070
488.4430,152.3970,0.8570,434515033000,0.1060,0.5070
488.3570,152.9810,0.8650,434515033600,0.1060,0.5070
488.2290,153.6740,0.8720,434531028000,0.1060,0.5070
488.0140,154.7320,0.8790,434531067000,0.1060,0.5070
487.7570,155.7540,0.8850,434531068200,0.1060,0.5070
487.4570,156.9580,0.8910,434547185700,0.1060,0.5070
487.1570,158.7820,0.8970,434547200800,0.1060,0.5070
486.8140,160.5700,0.9020,434547201600,0.1060,0.5070
486.5140,162.4310,0.9070,434547204300,0.1060,0.5070
486.2570,163.9270,0.9110,434563300700,0.1060,0.5070
486.0430,165.3500,0.9150,434563321000,0.1060,0.5070
485.9570,166.6270,0.9180,434579358900,0.1060,0.5070
485.8280,167.9770,0.9210,434579379200,0.1220,0.5060
485.8280,169.4000,0.9240,434579380100,0.1220,0.5060
485.8280,170.7500,0.9270,434579380600,0.1220,0.5060
485.8280,172.1000,0.9290,434579381100,0.1220,0.5060
485.9570,173.3770,0.9310,434595537700,0.1220,0.5060
486.0430,174.8000,0.9330,434595562600,0.1220,0.5060
486.2140,176.0770,0.9350,434595563800,0.1220,0.5060
486.2570,177.2810,0.9360,434611678600,0.1220,0.5060
486.4290,178.4850,0.9380,434611737400,0.1220,0.5060
486.5140,179.5800,0.9390,434611741500,0.1220,0.5060
486.6430,180.5650,0.9410,434628654700,0.1220,0.5060
486.6430,181.5500,0.9420,434628727400,0.1220,0.5060
486.6430,182.2800,0.9430,434628730900,0.1220,0.5060
486.7290,182.9730,0.9440,434628733000,0.1220,0.5060
486.6430,183.7030,0.9450,434645086100,0.1220,0.5060
486.7290,184.3960,0.9460,434645151600,0.1220,0.5060
486.7290,185.0530,0.9470,434645154400,0.1220,0.5060
486.6430,185.6730,0.9480,434662014700,0.1220,0.5060
486.6430,186.2570,0.9490,434662062500,0.1220,0.5060
486.6430,186.8770,0.9500,434662064700,0.1220,0.5060
486.6430,187.3880,0.9510,434662066400,0.1220,0.5060
486.6430,187.7530,0.9510,434679059800,0.1220,0.5060
486.6430,188.3000,0.9520,434679122400,0.1220,0.5060
486.6430,188.7380,0.9520,434695160200,0.1220,0.5060
486.7290,189.2490,0.9520,434695239100,0.1220,0.5060
486.8140,189.8690,0.9530,434695243000,0.1220,0.5060
486.8140,190.4530,0.9530,434695245100,0.1220,0.5060
486.8570,191.0000,0.9530,434695247000,0.1220,0.5060
486.8570,191.5840,0.9530,434711275600,0.1220,0.5060
486.9430,192.1680,0.9540,434711352300,0.1220,0.5060
486.9430,192.7150,0.9540,434727369500,0.1220,0.5060
486.9430,193.2990,0.9550,434727433400,0.1220,0.5060
487.0290,193.7360,0.9550,434727435900,0.1220,0.5060
487.0290,194.2840,0.9560,434727437600,0.1220,0.5060
487.0290,194.7950,0.9560,434743399100,0.1220,0.5060
487.0290,195.3420,0.9570,434743461500,0.1220,0.5060
487.1140,195.8530,0.9570,434743463500,0.1220,0.5060
487.1140,196.4360,0.9570,434743464900,0.1220,0.5060
487.1140,196.9840,0.9580,434743466300,0.1220,0.5060
487.0290,197.5680,0.9580,434760309100,0.1220,0.5060
487.1140,198.1150,0.9580,434760371200,0.1220,0.5060
487.1140,198.5530,0.9590,434776711500,0.1220,0.5060
487.1140,199.2090,0.9590,434776776300,0.1220,0.5060
487.0290,199.7570,0.9590,434776779100,0.1220,0.5060
487.0290,200.3410,0.9600,434776780800,0.1220,0.5060
487.0290,200.8880,0.9600,434776782200,0.1220,0.5060
487.0290,201.3990,0.9600,434792832000,0.1220,0.5060
486.9430,201.8360,0.9600,434792895700,0.1220,0.5060
486.9430,202.1280,0.9600,434809346800,0.1220,0.5060
486.9430,202.6760,0.9610,434809406600,0.1220,0.5060
486.9430,202.9680,0.9610,434809409100,0.1220,0.5060
486.9430,203.3320,0.9610,434809410700,0.1220,0.5060
486.9430,203.9530,0.9620,434826305500,0.1220,0.5060
486.8570,204.3180,0.9620,434826388900,0.1220,0.5060
486.8140,204.8280,0.9630,434842537900,0.1220,0.5060
486.7290,205.1570,0.9630,434842600500,0.1220,0.5060
486.6430,205.6680,0.9640,434859531900,0.1220,0.5060
486.5570,205.8870,0.9650,434859587000,0.1220,0.5060
486.5140,206.3240,0.9660,434859591500,0.1220,0.5060
486.4290,206.5800,0.9660,434875523100,0.1220,0.5060
486.2140,206.9450,0.9670,434891682100,0.1220,0.5060
486.0430,207.2360,0.9680,434891750700,0.1220,0.5060
485.9570,207.4550,0.9680,434891753800,0.1220,0.5060
485.7430,207.8570,0.9700,434891759600,0.1220,0.5060
485.6140,208.0760,0.9700,434907617500,0.1220,0.5060
485.3570,208.1490,0.9710,434907693700,0.1220,0.5060
485.1430,208.3680,0.9720,434923657700,0.1220,0.5060
484.8430,208.5860,0.9730,434923721100,0.1220,0.5060
484.7140,208.7320,0.9740,434923723400,0.1220,0.5060
484.3280,209.0240,0.9780,434939763700,0.1220,0.5060
483.9000,209.1700,0.9790,434939837800,0.1220,0.5060
483.5140,209.3530,0.9800,434939841100,0.1220,0.5060
483.1290,209.4990,0.9810,434956817500,0.1220,0.5060
482.8290,209.6450,0.9820,434956879800,0.1220,0.5060
482.3140,209.7910,0.9830,434956882200,0.1220,0.5060
481.9290,209.8640,0.9840,434956883600,0.1220,0.5060
481.4140,210.0090,0.9840,434973056000,0.1220,0.5060
480.9000,210.0820,0.9850,434973133100,0.1220,0.5060
480.3430,210.2280,0.9850,434973137800,0.1220,0.5060
479.7000,210.3010,0.9860,434973141900,0.1220,0.5060
479.0140,210.3740,0.9860,434973144000,0.1220,0.5060
477.9430,210.5200,0.9870,434989279100,0.1220,0.5060
477.0430,210.7030,0.9870,434989332000,0.1220,0.5060
476.3140,210.7760,0.9870,435006234300,0.1410,0.5070
475.6290,210.8490,0.9880,435006299700,0.1580,0.5070
474.9000,210.8490,0.9880,435006303200,0.1580,0.5070
474.0860,210.8490,0.9880,435006305300,0.1580,0.5070
473.4860,210.9220,0.9880,435023265600,0.1580,0.5070
472.3290,210.9950,0.9890,435023333000,0.1580,0.5070
471.5140,210.9950,0.9890,435040202500,0.1580,0.5070
470.8280,211.0680,0.9890,435040235500,0.1580,0.5070
470.2290,211.0680,0.9900,435040237100,0.1580,0.5070
469.6290,211.1410,0.9900,435040238100,0.1580,0.5070
468.9000,211.1410,0.9900,435040238900,0.1580,0.5070
468.3000,211.1410,0.9900,435056268800,0.1580,0.5070
467.6140,211.1410,0.9910,435056327200,0.1580,0.5070
466.8860,211.1410,0.9910,435056329600,0.1580,0.5070
466.2860,211.1410,0.9920,435073164000,0.1580,0.5070
465.5140,211.1410,0.9930,435073189100,0.1580,0.5070
464.8710,211.1410,0.9940,435073190400,0.1580,0.5070
464.2710,211.2140,0.9950,435089271000,0.1580,0.5070
463.5000,211.1410,0.9960,435089304300,0.1580,0.5070
462.8140,211.1410,0.9970,435089306100,0.1580,0.5070
462.0860,211.1410,0.9980,435089307100,0.1580,0.5070
461.4000,211.2140,0.9990,435089307900,0.1580,0.5070
460.8000,211.2140,1.0000,435106244400,0.1580,0.5070
460.0710,211.2140,1.0000,435106285000,0.1580,0.5070
459.4710,211.2140,1.0000,435122674900,0.1580,0.5070
458.8710,211.1410,1.0000,435122721300,0.1580,0.5070
458.3570,211.1410,1.0000,435122722800,0.1580,0.5070
457.7570,211.0680,1.0000,435122723700,0.1580,0.5070
457.0710,210.9950,1.0000,435122724900,0.1580,0.5070
456.4710,210.9220,1.0000,435139569000,0.1580,0.5070
455.9570,210.8490,1.0000,435139614400,0.1580,0.5070
455.4000,210.7760,1.0000,435155840300,0.1580,0.5070
454.8000,210.7030,1.0000,435155875600,0.1580,0.5070
454.3710,210.5200,1.0000,435155877000,0.1580,0.5070
453.7710,210.5200,1.0000,435155877900,0.1580,0.5070
453.3860,210.4470,1.0000,435172863400,0.1580,0.5070
453.0000,210.3740,1.0000,435172914800,0.1580,0.5070
452.6570,210.3010,1.0000,435172916600,0.1580,0.5070
452.2710,210.2280,1.0000,435189137100,0.1580,0.5070
451.9710,210.1550,1.0000,435189181100,0.1580,0.5070
451.2860,210.0820,1.0000,435189185700,0.1580,0.5070
450.9860,210.0090,1.0000,435206130100,0.1580,0.5070
450.6860,209.9360,1.0000,435206173900,0.1580,0.5070
450.0860,209.7180,1.0000,435206175400,0.1580,0.5070
449.8710,209.6450,1.0000,435206176200,0.1580,0.5070
449.6570,209.4990,1.0000,435222316500,0.1580,0.5070
449.1860,209.2800,1.0000,435238601000,0.1580,0.5070
448.8860,209.0240,1.0000,435238641200,0.1580,0.5070
448.7570,208.8780,1.0000,435238642500,0.1580,0.5070
448.4570,208.5130,1.0000,435238643400,0.1580,0.5070
448.2430,208.1490,1.0000,435254751800,0.1580,0.5070
447.9430,207.6740,1.0000,435254800800,0.1580,0.5070
447.6860,207.2360,1.0000,435271128700,0.1580,0.5070
447.4710,206.7990,1.0000,435271270100,0.1580,0.5070
447.3430,206.2510,1.0000,435271536000,0.1580,0.5070
447.2570,205.6680,1.0000,435271539100,0.1580,0.5070
447.1710,204.9740,1.0000,435287992100,0.1580,0.5070
447.0860,204.3180,1.0000,435288038600,0.1580,0.5070
447.2570,203.6610,1.0000,435288040600,0.1580,0.5070
447.3860,202.8950,1.0000,435288041500,0.1580,0.5070
447.5570,201.9090,1.0000,435288042500,0.1580,0.5070
447.9860,200.9610,1.0000,435304111200,0.1580,0.5070
448.2860,200.0490,1.0000,435304583800,0.1580,0.5070
448.5860,199.2090,1.0000,435320272900,0.1580,0.5070
448.9710,198.4800,0.9900,435320338600,0.1580,0.5070
449.4430,197.7860,0.9670,435320342000,0.1580,0.5070
449.7430,197.2760,0.9180,435320344600,0.1580,0.5070
449.9570,196.9110,0.7650,435336583500,0.1580,0.5070
450.0860,196.4360,0.6370,435336766400,0.1580,0.5070
450.2570,196.0720,0.5310,435336800100,0.1410,0.5070
453.6860,195.2690,0.2480,435550411600,0.1050,0.4550
454.1570,195.1590,0.3400,435550447100,0.1050,0.4550
454.5000,195.0860,0.3830,435566856500,0.1050,0.4550
455.1860,195.0860,0.4230,435566900300,0.1050,0.4550
455.8710,194.9410,0.4610,435566902000,0.1050,0.4550
456.5570,194.7950,0.4960,435583809400,0.1050,0.4550
457.5860,194.5760,0.5290,435583863300,0.1050,0.4550
458.4860,194.3570,0.5590,435583867100,0.1230,0.4550
459.6000,194.0650,0.5870,435583870100,0.1400,0.4550
460.7140,193.7360,0.6130,435583872300,0.1400,0.4550
461.7860,193.5910,0.6360,435600380700,0.1570,0.4550
462.7710,193.2990,0.6580,435600449500,0.1570,0.4550
463.7140,193.0070,0.6780,435600452000,0.1570,0.4550
464.4860,192.7880,0.6980,435600453700,0.1570,0.4550
465.1720,192.5690,0.7160,435617245100,0.1570,0.4550
465.6860,192.3140,0.7330,435617326100,0.1570,0.4550
466.3710,192.0950,0.7490,435633238000,0.1570,0.4550
466.8860,191.8760,0.7640,435633281100,0.1570,0.4550
467.4000,191.5840,0.7790,435633282500,0.1570,0.4550
467.8290,191.3650,0.7930,435633283800,0.1570,0.4550
468.1290,191.1460,0.8060,435649654200,0.1570,0.4550
468.5140,190.8910,0.8190,435649704300,0.1570,0.4550
468.7290,190.6720,0.8310,435649706500,0.1570,0.4550
468.8140,190.4530,0.8420,435665714400,0.1570,0.4550
468.9000,190.1610,0.8530,435665759600,0.1570,0.4550
468.4290,189.3950,0.8790,435681968400,0.1570,0.4550
468.0000,189.1030,0.8860,435682032900,0.1570,0.4550
467.3140,188.6650,0.8930,435682035900,0.1570,0.4550
466.5000,188.2270,0.8990,435698894100,0.1570,0.4550
465.0000,187.6070,0.9040,435698932900,0.1570,0.4550
463.3710,187.0230,0.9090,435698935700,0.1570,0.4550
462.0860,186.5490,0.9130,435698937200,0.1570,0.4550
461.1860,186.1110,0.9170,435714984700,0.1570,0.4550
460.2860,185.7460,0.9200,435715033200,0.1570,0.4550
459.4710,185.3450,0.9240,435715034800,0.1570,0.4550
458.4860,185.0530,0.9270,435715035800,0.1570,0.4550
457.8000,184.6150,0.9300,435731877700,0.1570,0.4550
456.9860,184.1770,0.9340,435731904000,0.1570,0.4550
456.1710,183.7760,0.9370,435748211400,0.1570,0.4550
455.7000,183.4110,0.9410,435748256400,0.1570,0.4550
455.1000,182.9730,0.9440,435748257900,0.1570,0.4550
454.6710,182.7540,0.9480,435748259000,0.1570,0.4550
454.1570,182.4260,0.9510,435748260100,0.1570,0.4550
453.6860,182.1340,0.9540,435765211000,0.1570,0.4550
453.3860,181.7690,0.9580,435765242700,0.1570,0.4550
453.0860,181.5500,0.9610,435781476800,0.1570,0.4550
452.8710,181.2580,0.9640,435781512300,0.1570,0.4550
452.7000,181.0030,0.9660,435781514700,0.1570,0.4550
452.4860,180.7110,0.9680,435781516100,0.1570,0.4550
452.3570,180.4920,0.9700,435797627200,0.1570,0.4550
452.1860,179.9810,0.9730,435797678800,0.1570,0.4550
452.2710,179.6530,0.9740,435797681300,0.1570,0.4550
452.4860,178.8500,0.9770,435813799700,0.1570,0.4550
452.7000,178.4120,0.9780,435813853100,0.1570,0.4550
453.0000,177.9380,0.9770,435830703400,0.1570,0.4550
453.6000,177.2810,0.9780,435830744000,0.1570,0.4550
454.2860,176.6610,0.9790,435830746100,0.1570,0.4550
455.0570,176.0770,0.9800,435830747700,0.1570,0.4550
455.6570,175.5300,0.9800,435830749100,0.1570,0.4550
456.3860,175.0190,0.9810,435847051100,0.1570,0.4550
456.9000,174.5810,0.9820,435847096800,0.1570,0.4550
457.6720,174.1070,0.9820,435864020500,0.1570,0.4550
458.4000,173.7420,0.9830,435864067300,0.1570,0.4550
459.0000,173.3040,0.9830,435864069800,0.1570,0.4550
459.6000,173.0120,0.9840,435864071500,0.1570,0.4550
459.9860,172.7930,0.9840,435880166400,0.1570,0.4550
460.4140,172.5380,0.9850,435880198600,0.1570,0.4550
460.8000,172.1730,0.9850,435896562600,0.1570,0.4550
461.3140,172.0270,0.9860,435896611000,0.1570,0.4550
461.6140,171.8080,0.9860,435896613100,0.1570,0.4550
462.0860,171.6620,0.9860,435896614800,0.1570,0.4550
462.4710,171.3700,0.9860,435896617400,0.1570,0.4550
462.8140,171.1880,0.9860,435912829200,0.1570,0.4550
463.2860,170.9690,0.9830,435912895300,0.1570,0.4710
463.6710,170.8230,0.9790,435929087700,0.1570,0.4710
463.9710,170.6040,0.9730,435929158700,0.1570,0.4710
464.4000,170.4580,0.9630,435929162100,0.1570,0.4710
465.0860,170.2390,0.9220,435946072900,0.1570,0.4710
465.3860,170.0930,0.9030,435946138700,0.1570,0.4710
466.5000,169.6190,0.8330,435962213100,0.1570,0.4710
467.4860,169.0350,0.5780,435979107700,0.1410,0.4720
409.8000,193.7360,0.1020,437015388100,0.0000,0.4710
409.6710,193.4450,0.1900,437031701600,0.0000,0.4710
409.5000,193.0070,0.2960,437031746000,0.0000,0.4710
409.3710,192.5690,0.3920,437047798000,0.0000,0.4710
409.2860,192.3140,0.4810,437063964200,0.0000,0.4710
409.2000,192.0220,0.5570,437080568500,0.0000,0.4710
409.0710,191.7300,0.6570,437096836600,0.0000,0.4710
408.6000,192.3140,0.7870,437145641700,0.0000,0.4710
408.4710,192.5690,0.8060,437162614400,0.0000,0.4710
408.2140,193.0800,0.8230,437179535400,0.0000,0.4710
408.1710,193.3720,0.8310,437179602400,0.0000,0.4710
408.1710,193.5910,0.8390,437179606000,0.0000,0.4710
408.0860,193.9190,0.8460,437179610000,0.0000,0.4710
408.0000,194.2110,0.8530,437195705900,0.0000,0.4710
407.8710,194.7220,0.8600,437195764500,0.0000,0.4710
407.7860,195.0860,0.8660,437195767300,0.0000,0.4710
407.6140,195.5610,0.8720,437195769100,0.0000,0.4710
407.4860,196.0720,0.8770,437212030400,0.0000,0.4710
407.3140,196.5090,0.8820,437212070600,0.0180,0.4730
407.1860,196.9840,0.8870,437228124000,0.0360,0.4720
407.1000,197.3490,0.8920,437228177300,0.0530,0.4730
406.9710,197.7140,0.8960,437228179400,0.0710,0.4730
406.9710,198.1150,0.9000,437228182200,0.0880,0.4720
406.8000,198.4800,0.9040,437228183900,0.1050,0.4710
406.7140,198.7720,0.9070,437244202400,0.1230,0.4720
406.6720,199.0640,0.9110,437244262100,0.1230,0.4720
406.6720,199.4650,0.9140,437260295600,0.1230,0.4720
406.5860,199.7570,0.9170,437260371500,0.1230,0.4720
406.5000,200.0490,0.9200,437260374700,0.1230,0.4720
406.4140,200.3410,0.9220,437260376700,0.1230,0.4720
406.3710,200.7050,0.9250,437277243800,0.1230,0.4720
406.2000,200.9610,0.9270,437277300200,0.1230,0.4720
406.1140,201.3260,0.9300,437277302100,0.1230,0.4720
405.9860,201.7640,0.9320,437277303800,0.1230,0.4720
405.8140,202.1280,0.9340,437277305100,0.1230,0.4720
405.7710,202.4570,0.9360,437294271600,0.1230,0.4720
405.6000,202.8220,0.9380,437294329800,0.1230,0.4720
405.5140,203.1130,0.9410,437310301100,0.1230,0.4720
405.3860,203.3320,0.9430,437310376100,0.1230,0.4720
405.2140,203.8070,0.9460,437310379900,0.1230,0.4720
405.0860,204.0990,0.9480,437310382100,0.1230,0.4720
404.8710,204.3910,0.9500,437326373800,0.1230,0.4720
404.7000,204.6820,0.9530,437326430700,0.1230,0.4720
404.5710,204.9010,0.9550,437343355700,0.1230,0.4720
404.4860,205.1570,0.9570,437343500200,0.1230,0.4720
404.3140,205.3760,0.9590,437343503100,0.1230,0.4720
404.1860,205.5950,0.9600,437343505900,0.1230,0.4720
403.8860,205.9600,0.9640,437359455900,0.1230,0.4720
403.7140,206.1050,0.9660,437359493200,0.1230,0.4720
403.5860,206.3240,0.9680,437375667400,0.1230,0.4720
403.3710,206.5070,0.9700,437375760200,0.1230,0.4720
402.9860,206.7990,0.9740,437375767000,0.1230,0.4720
402.6860,206.9450,0.9780,437391888400,0.1230,0.4720
402.3860,207.2360,0.9790,437391949200,0.1230,0.4720
401.9570,207.4550,0.9810,437408066600,0.1230,0.4720
401.5710,207.6740,0.9820,437408122200,0.1230,0.4720
401.0570,207.8570,0.9840,437408125300,0.1230,0.4720
400.6710,208.0760,0.9850,437408126900,0.1230,0.4720
400.1570,208.2950,0.9860,437408128400,0.1230,0.4720
399.6860,208.5130,0.9870,437424946600,0.1230,0.4720
399.2570,208.6590,0.9880,437425000000,0.1230,0.4720
398.7860,208.8050,0.9890,437425002800,0.1230,0.4720
398.4000,208.9510,0.9900,437425004600,0.1230,0.4720
397.8860,209.0970,0.9910,437441041400,0.1230,0.4720
397.5000,209.1700,0.9920,437441097900,0.1230,0.4720
397.0710,209.3530,0.9920,437441100000,0.1230,0.4720
396.5570,209.3530,0.9930,437457921500,0.1230,0.4720
396.1710,209.5720,0.9930,437457968800,0.1230,0.4720
395.6570,209.6450,0.9930,437457971800,0.1230,0.4720
395.1860,209.7910,0.9940,437457973100,0.1230,0.4720
394.7570,209.8640,0.9940,437457974400,0.1230,0.4720
394.2860,209.9360,0.9950,437474032400,0.1230,0.4720
393.7710,210.0820,0.9950,437474087000,0.1230,0.4720
393.3430,210.1550,0.9950,437490079700,0.1230,0.4720
392.9570,210.2280,0.9960,437490148700,0.1230,0.4720
392.4860,210.2280,0.9960,437490152300,0.1230,0.4720
391.9710,210.3010,0.9960,437490154200,0.1230,0.4720
391.4570,210.3740,0.9970,437506542400,0.1230,0.4720
390.9860,210.3740,0.9970,437506623600,0.1230,0.4720
390.4710,210.4470,0.9970,437522690200,0.1230,0.4720
390.0860,210.5200,0.9970,437522749600,0.1230,0.4720
389.6570,210.5200,0.9980,437522752400,0.1230,0.4720
389.2710,210.5200,0.9980,437522753800,0.1230,0.4720
388.9710,210.5200,0.9980,437522755000,0.1230,0.4720
388.4570,210.7760,0.9980,437539647900,0.1230,0.4720
387.9430,210.7760,0.9980,437539717400,0.1230,0.4720
387.5570,210.8490,0.9980,437556532200,0.1230,0.4720
387.0860,210.8490,0.9980,437556584200,0.1230,0.4720
386.6570,210.9220,0.9980,437556586300,0.1230,0.4720
386.1430,210.9220,0.9990,437572616200,0.1230,0.4720
385.8430,210.9220,0.9990,437572717400,0.1230,0.4720
385.3710,210.9220,1.0000,437572757500,0.1230,0.4720
385.1570,210.9220,1.0000,437572762300,0.1230,0.4720
384.4710,210.8490,1.0000,437588910100,0.1230,0.4720
384.1720,210.7760,1.0000,437588965800,0.1230,0.4720
383.8710,210.7030,1.0000,437605841800,0.1230,0.4720
383.5290,210.5200,1.0000,437605904900,0.1230,0.4720
383.1430,210.4470,1.0000,437605908500,0.1230,0.4720
382.6720,210.3010,1.0000,437605910500,0.1230,0.4720
382.2430,210.1550,1.0000,437622134400,0.1230,0.4720
381.7710,209.9360,1.0000,437622191700,0.1230,0.4720
381.4710,209.7180,1.0000,437639135700,0.1230,0.4720
381.1290,209.3530,1.0000,437639189500,0.1230,0.4720
380.7430,209.0970,1.0000,437639191500,0.1230,0.4720
380.4430,208.8050,1.0000,437639192700,0.1230,0.4720
380.1430,208.5130,1.0000,437639194000,0.1230,0.4720
379.9290,208.1490,1.0000,437655385600,0.1230,0.4720
379.6290,207.8570,1.0000,437655525900,0.1230,0.4720
379.3710,207.4550,1.0000,437655529400,0.1230,0.4720
379.1570,207.0910,1.0000,437655531400,0.1230,0.4720
379.0290,206.7260,1.0000,437671601200,0.1230,0.4720
378.8570,206.3240,1.0000,437671653500,0.1230,0.4720
378.7290,206.0320,1.0000,437687773800,0.1230,0.4720
378.6430,205.6680,1.0000,437688004700,0.1230,0.4720
378.5140,205.2300,1.0000,437688008000,0.1230,0.4720
378.3430,204.7550,1.0000,437688010000,0.1230,0.4720
378.2140,204.3180,1.0000,437688012000,0.1230,0.4720
378.0430,203.9530,1.0000,437704641100,0.1230,0.4720
377.9140,203.5510,1.0000,437704861400,0.1230,0.4720
377.8290,203.1860,1.0000,437720693700,0.1230,0.4720
377.7430,202.8950,1.0000,437720754500,0.1230,0.4720
377.6140,202.6030,1.0000,437720757400,0.1230,0.4720
377.5290,202.3110,1.0000,437720759100,0.1230,0.4720
377.3570,201.7640,1.0000,437737766300,0.1230,0.4720
377.3140,201.5450,1.0000,437738034500,0.1230,0.4720
377.0570,201.1070,1.0000,437738056100,0.1230,0.4720
377.0140,200.7050,1.0000,437754689700,0.1230,0.4720
376.9290,200.3410,1.0000,437771729300,0.1230,0.4720
376.7570,199.9760,1.0000,437771914700,0.1230,0.4720
376.6290,199.6110,1.0000,437787998900,0.1230,0.4720
376.5430,199.2090,1.0000,437804035300,0.1230,0.4720
376.4570,198.9910,1.0000,437804563200,0.1230,0.4720
376.3290,198.5530,1.0000,437804576500,0.1230,0.4720
376.2430,198.2610,1.0000,437821114200,0.1230,0.4720
376.1140,197.9320,1.0000,437837836100,0.1230,0.4720
376.0290,197.6410,1.0000,437837886400,0.1230,0.4720
375.8140,197.3490,1.0000,437853680200,0.1230,0.4720
375.6430,197.2030,1.0000,437870652900,0.1230,0.4720
375.2140,197.2760,0.9970,437887649600,0.1230,0.4720
374.8290,197.4950,0.9970,437919948100,0.1230,0.4720
374.6140,197.7860,0.9960,437920004900,0.1230,0.4720
374.3570,197.9320,0.9960,437920007800,0.1230,0.4720
374.2290,198.1150,0.9960,437920009500,0.1230,0.4720
373.8430,198.4800,0.9950,437936560000,0.1230,0.4720
373.7140,198.6990,0.9950,437952664100,0.1230,0.4720
373.4140,198.8450,0.9950,437952724600,0.1230,0.4720
373.2430,199.2090,0.9950,437952727900,0.1230,0.4720
372.9430,199.6110,0.9950,437952729700,0.1230,0.4720
372.6430,199.9030,0.9950,437969633000,0.1230,0.4720
372.2570,200.2680,0.9940,437969764100,0.1230,0.4720
372.0430,200.6320,0.9940,437969773900,0.1230,0.4720
371.8280,200.9610,0.9940,437969776400,0.1230,0.4720
371.5290,201.3260,0.9940,437985669800,0.1230,0.4720
371.3140,201.6180,0.9940,437985726600,0.1230,0.4720
371.0140,201.9820,0.9940,437985728800,0.1230,0.4720
370.8430,202.3840,0.9940,438001756200,0.1230,0.4720
370.6290,202.6760,0.9940,438001829500,0.1230,0.4720
370.4140,202.8950,0.9940,438001833300,0.1230,0.4720
370.2000,203.2590,0.9940,438001836200,0.1230,0.4720
369.9000,203.5510,0.9940,438017892300,0.1230,0.4720
369.7290,203.8800,0.9940,438017933800,0.1230,0.4720
369.5140,204.0990,0.9950,438034189800,0.1230,0.4720
369.3000,204.4640,0.9950,438034251500,0.1410,0.4720
369.0000,204.7550,0.9960,438034255100,0.1410,0.4720
368.7430,205.0840,0.9960,438034257800,0.1410,0.4720
368.4430,205.3760,0.9970,438034260500,0.1410,0.4720
368.1000,205.6680,0.9970,438051100900,0.1570,0.4710
367.8000,205.9600,0.9980,438051149000,0.1570,0.4710
367.3290,206.2510,0.9980,438068095700,0.1570,0.4710
366.9430,206.5800,0.9990,438068166300,0.1570,0.4710
366.6000,206.9450,0.9990,438068169600,0.1570,0.4710
366.2140,207.2360,0.9990,438068171700,0.1570,0.4710
365.8280,207.4550,1.0000,438068173600,0.1570,0.4710
365.5290,207.7470,1.0000,438084325200,0.1570,0.4710
365.2290,208.0030,1.0000,438084394100,0.1570,0.4710
364.8430,208.1490,1.0000,438084398200,0.1570,0.4710
364.5000,208.5130,1.0000,438100510000,0.1570,0.4710
364.2000,208.6590,1.0000,438100600000,0.1570,0.4710
363.8140,208.8780,1.0000,438100603300,0.1570,0.4710
363.5140,209.0970,1.0000,438116525600,0.1570,0.4710
363.1290,209.3530,1.0000,438116583800,0.1570,0.4710
362.7000,209.4990,1.0000,438116586000,0.1570,0.4710
362.4000,209.7180,1.0000,438116587300,0.1570,0.4710
361.9290,209.9360,1.0000,438132705300,0.1750,0.4720
361.5860,210.0820,1.0000,438132759600,0.1750,0.4720
361.2860,210.2280,1.0000,438132761600,0.1750,0.4720
360.9000,210.3740,1.0000,438149643600,0.1750,0.4720
360.6000,210.4470,1.0000,438149704200,0.1750,0.4720
360.2140,210.5200,1.0000,438149707000,0.1750,0.4720
360.0860,210.7030,1.0000,438149709700,0.1750,0.4720
359.7860,210.7760,1.0000,438165601300,0.1750,0.4720
359.2290,210.8490,1.0000,438165657800,0.1750,0.4720
359.0140,210.9220,1.0000,438182022100,0.1750,0.4720
358.7140,210.9950,1.0000,438182206500,0.1750,0.4720
358.5000,211.0680,1.0000,438182237000,0.1750,0.4720
357.9000,211.1410,1.0000,438198164000,0.1750,0.4720
357.6860,211.1410,1.0000,438198238500,0.1750,0.4720
357.0860,211.0680,1.0000,438215139200,0.1750,0.4720
356.4860,210.9950,1.0000,438215196700,0.1750,0.4720
356.1860,210.9950,1.0000,438215200400,0.1750,0.4720
355.8860,210.9220,1.0000,438232138500,0.1750,0.4720
355.1140,210.7030,1.0000,438232209800,0.1750,0.4720
354.6860,210.5200,1.0000,438248432600,0.1750,0.4720
354.2140,210.3740,1.0000,438248484000,0.1750,0.4720
353.9140,210.2280,1.0000,438248487100,0.1750,0.4720
353.7000,210.0090,1.0000,438265532900,0.1750,0.4720
353.4000,209.8640,1.0000,438265588800,0.1750,0.4720
353.1000,209.7180,1.0000,438265591000,0.1750,0.4720
352.9710,209.4990,1.0000,438265592200,0.1750,0.4720
352.7140,209.3530,1.0000,438282396600,0.1750,0.4720
352.5860,209.0970,1.0000,438282454200,0.1750,0.4720
352.2860,208.8050,1.0000,438282456900,0.1750,0.4720
352.0710,208.5130,1.0000,438298476300,0.1750,0.4720
351.8140,208.1490,1.0000,438298533200,0.1750,0.4720
351.7710,207.9300,1.0000,438298535100,0.1750,0.4720
351.6000,207.6010,1.0000,438298536400,0.1750,0.4720
351.4710,207.3820,1.0000,438314761700,0.1750,0.4720
351.3000,207.0910,1.0000,438314828400,0.1750,0.4720
351.2140,206.7990,1.0000,438314831200,0.1750,0.4720
351.0860,206.5070,1.0000,438331757500,0.1750,0.4720
350.8710,205.9600,1.0000,438331797200,0.1750,0.4720
350.7000,205.6680,1.0000,438331800100,0.1750,0.4720
350.6140,205.3760,1.0000,438347872600,0.1750,0.4720
350.5710,205.1570,1.0000,438347940900,0.1750,0.4720
350.4000,204.5360,1.0000,438364407200,0.1750,0.4720
350.3140,204.3910,1.0000,438364463400,0.1750,0.4720
350.1860,204.0260,1.0000,438364465500,0.1750,0.4720
350.0140,203.6610,1.0000,438380426400,0.1750,0.4720
349.9710,203.2590,1.0000,438380481500,0.1750,0.4720
349.8860,202.9680,1.0000,438396473200,0.1750,0.4720
349.8000,202.6760,0.9990,438412878000,0.1750,0.4720
349.6710,202.3840,0.9990,438412940200,0.1750,0.4720
349.5860,202.0550,0.9990,438429064700,0.1750,0.4720
349.4140,201.7640,0.9990,438445084200,0.1750,0.4720
349.3710,201.4720,0.9990,438461389200,0.1750,0.4720
349.2000,201.1800,0.9970,438477425800,0.1750,0.4720
348.6860,201.8360,0.9950,438509822200,0.1750,0.4720
348.6000,201.9820,0.9950,438509905200,0.1750,0.4720
348.4710,202.1280,0.9950,438526008400,0.1750,0.4720
348.2140,202.4570,0.9950,438526065900,0.1750,0.4720
348.0860,202.8950,0.9950,438526068700,0.1750,0.4720
347.7860,203.2590,0.9950,438526070600,0.1750,0.4720
347.4860,203.6610,0.9950,438542939300,0.1750,0.4720
347.0140,204.0990,0.9960,438542995900,0.1930,0.4730
346.7140,204.4640,0.9960,438559068000,0.1930,0.4730
346.2860,204.9010,0.9970,438559125200,0.1930,0.4730
345.6860,205.4490,0.9980,438559128300,0.1930,0.4730
345.0000,206.0320,0.9980,438559129900,0.1930,0.4730
344.4860,206.5070,0.9990,438575185200,0.1930,0.4730
343.9710,206.8720,0.9990,438575277500,0.1930,0.4730
343.2860,207.3090,1.0000,438575285300,0.1930,0.4730
342.6860,207.7470,1.0000,438591727800,0.1930,0.4730
342.0860,208.0760,1.0000,438591785600,0.1930,0.4730
341.6570,208.3680,1.0000,438591787600,0.1930,0.4730
341.0570,208.6590,1.0000,438591789300,0.1930,0.4730
340.6710,208.9510,1.0000,438608719300,0.1930,0.4730
340.2000,209.1700,1.0000,438608773700,0.1930,0.4730
339.7710,209.4990,1.0000,438608775600,0.1930,0.4730
339.3000,209.7180,1.0000,438624799900,0.1930,0.4730
338.9570,209.9360,1.0000,438624853300,0.1930,0.4730
338.5710,210.0820,1.0000,438624855300,0.1930,0.4730
338.2710,210.2280,1.0000,438624856700,0.1930,0.4730
337.9710,210.3740,1.0000,438641015600,0.1930,0.4730
337.7570,210.4470,1.0000,438641071300,0.1930,0.4730
337.4570,210.5200,1.0000,438641073700,0.1930,0.4730
337.2430,210.7030,1.0000,438657264100,0.1930,0.4730
336.6860,210.7760,1.0000,438657316600,0.1930,0.4730
336.3430,210.8490,1.0000,438657318500,0.1930,0.4730
336.0860,210.8490,1.0000,438674136300,0.1930,0.4730
335.5710,210.9220,1.0000,438690266700,0.1930,0.4730
335.2710,210.9220,1.0000,438690320300,0.1930,0.4730
334.6710,210.8490,1.0000,438690325200,0.1930,0.4730
334.1570,210.7760,1.0000,438706259600,0.1930,0.4730
333.6860,210.7030,1.0000,438722769300,0.1930,0.4730
333.4710,210.5200,1.0000,438722826700,0.1930,0.4730
333.0430,210.5200,1.0000,438722829000,0.1930,0.4730
332.7860,210.3740,1.0000,438738828700,0.1930,0.4730
332.4860,210.1550,1.0000,438738879400,0.1930,0.4730
332.2710,209.9360,1.0000,438738882100,0.1930,0.4730
332.0570,209.5720,1.0000,438755585900,0.1930,0.4730
331.8860,209.2800,1.0000,438755646000,0.1930,0.4730
331.7570,208.8050,1.0000,438772444700,0.1930,0.4730
331.5430,208.4410,1.0000,438772497100,0.1930,0.4730
331.4570,208.0030,1.0000,438772499000,0.1930,0.4730
331.2860,207.4550,1.0000,438772501400,0.1930,0.4730
331.1570,206.9450,1.0000,438788604700,0.1930,0.4730
330.9860,206.6530,1.0000,438788657100,0.1930,0.4730
330.9430,206.2510,1.0000,438805565800,0.1930,0.4730
330.7710,205.8870,1.0000,438805600400,0.1930,0.4730
330.6860,205.5950,1.0000,438805602500,0.1930,0.4730
330.5570,205.0840,1.0000,438805604000,-0.1740,0.4730
330.4710,204.8280,1.0000,438822572100,-0.1570,0.4720
330.4290,204.5360,1.0000,438822639000,-0.1400,0.4720
330.2570,204.0990,1.0000,438838794600,-0.1040,0.4720
330.2570,203.8800,1.0000,438838858700,-0.0870,0.4720
330.2570,203.4780,1.0000,438838861900,-0.0520,0.4730
330.1720,203.0410,1.0000,438854974400,-0.0350,0.4720
330.1720,202.6030,1.0000,438855032500,0.0000,0.4710
330.1720,202.1280,1.0000,438871419700,0.0000,0.4710
330.1290,201.8360,1.0000,438887725100,0.0000,0.4710
330.0430,201.5450,1.0000,438887920300,0.0000,0.4710
329.9570,201.1070,1.0000,438904886600,0.0000,0.4710
329.5290,201.9090,0.9960,438968654700,0.0000,0.4710
329.4430,202.1280,0.9960,438985567300,0.0000,0.4710
329.2710,202.4570,0.9960,438985644100,0.0000,0.4710
329.0570,202.8950,0.9970,439001671900,0.0000,0.4710
328.9290,203.2590,0.9970,439001742900,0.0000,0.4710
328.6290,203.7340,0.9980,439001746600,0.0000,0.4710
328.3710,204.1720,0.9980,439001749000,0.0000,0.4710
328.0710,204.5360,0.9990,439001751000,0.0000,0.4710
327.7710,204.9010,0.9990,439017755400,0.0000,0.4710
327.4710,205.3760,1.0000,439017849000,0.0000,0.4710
327.1290,205.7410,1.0000,439033866300,0.0000,0.4710
326.7430,206.1050,1.0000,439033933700,0.0000,0.4710
326.4430,206.5070,1.0000,439033938800,0.0000,0.4710
326.0570,206.8720,1.0000,439033941200,0.0000,0.4710
325.6290,207.2360,1.0000,439050088900,0.0000,0.4710
325.2430,207.6010,1.0000,439050299900,0.0000,0.4710
324.7710,208.0030,1.0000,439050310600,0.0000,0.4710
324.2570,208.2950,1.0000,439066255100,0.0000,0.4710
323.9570,208.6590,1.0000,439066323900,0.0000,0.4710
323.4430,208.9510,1.0000,439066327700,0.0000,0.4710
323.0570,209.1700,1.0000,439066330100,0.0000,0.4710
322.6290,209.4990,1.0000,439082634600,0.0000,0.4710
322.1570,209.7180,1.0000,439082699700,0.0000,0.4710
321.8140,209.9360,1.0000,439082702200,0.0000,0.4710
321.3430,210.1550,1.0000,439082704900,0.0000,0.4710
320.9570,210.3740,1.0000,439099579100,0.0000,0.4710
320.5290,210.5200,1.0000,439099644300,0.0000,0.4710
320.0570,210.7760,1.0000,439099646800,0.0000,0.4710
319.5430,210.9220,1.0000,439115691900,0.0000,0.4710
319.1570,211.0680,1.0000,439115762900,0.0000,0.4710
318.7290,211.2140,1.0000,439115766400,0.0000,0.4710
318.2570,211.3590,1.0000,439115768500,0.0000,0.4710
317.9140,211.5050,1.0000,439131597400,0.0000,0.4710
317.5290,211.5780,1.0000,439131661500,0.0000,0.4710
317.0570,211.6510,1.0000,439148578900,0.0000,0.4710
316.8430,211.7240,1.0000,439148645200,0.0000,0.4710
316.5430,211.7240,1.0000,439148647700,0.0000,0.4710
316.1570,211.7240,1.0000,439148649400,0.0000,0.4710
315.6430,211.8700,1.0000,439165570500,0.0180,0.4730
315.3430,211.8700,1.0000,439165637000,0.0360,0.4720
315.0430,211.9430,1.0000,439182509700,0.0530,0.4730
314.4430,211.9430,1.0000,439182580400,0.0880,0.4720
314.1430,212.0530,1.0000,439182584400,0.1050,0.4710
313.8430,212.0530,1.0000,439199539000,0.1230,0.4720
313.2430,212.0530,1.0000,439199620700,0.1570,0.4710
312.9430,211.9430,1.0000,439199625100,0.1570,0.4710
312.6000,211.9430,1.0000,439215608500,0.1750,0.4720
311.9140,211.9430,1.0000,439215674900,0.1750,0.4720
311.6140,211.9430,1.0000,439232426600,0.1750,0.4720
311.2290,211.9430,1.0000,439232490400,0.1750,0.4720
310.9290,211.8700,1.0000,439232494100,0.1750,0.4720
310.2430,211.7240,1.0000,439232496400,0.1750,0.4720
309.9000,211.7240,1.0000,439248744300,0.1750,0.4720
309.3430,211.7240,1.0000,439265604600,0.1750,0.4720
309.1290,211.7240,1.0000,439265670200,0.1750,0.4720
308.5290,211.6510,1.0000,439265673800,0.1750,0.4720
308.3140,211.5780,1.0000,439282565000,0.1750,0.4720
308.0140,211.4320,1.0000,439282644900,0.1750,0.4720
307.7140,211.3590,1.0000,439298665300,0.1750,0.4720
307.2430,211.2860,1.0000,439298732200,0.1930,0.4730
306.7290,211.1410,1.0000,439298734700,0.1930,0.4730
306.3000,210.9220,1.0000,439298736400,0.1930,0.4730
305.7860,210.7760,1.0000,439298739900,0.1930,0.4730
305.1860,210.5200,1.0000,439314811300,0.1930,0.4730
304.7140,210.3740,1.0000,439314904300,0.1930,0.4730
304.2000,210.2280,1.0000,439314909400,0.1930,0.4730
303.6860,210.0820,1.0000,439331863500,0.1930,0.4730
303.1290,209.8640,1.0000,439331928600,0.1930,0.4730
302.7000,209.7180,1.0000,439331930900,0.1930,0.4730
302.2290,209.4990,1.0000,439348839500,0.1930,0.4730
301.8860,209.2800,1.0000,439348907600,0.1930,0.4730
301.5000,209.0970,1.0000,439348911200,0.1930,0.4730
301.1140,208.8780,1.0000,439348914000,0.1930,0.4730
300.8140,208.6590,1.0000,439348916000,0.1930,0.4730
300.6000,208.4410,1.0000,439365905900,0.1930,0.4730
300.3000,208.1490,1.0000,439365997300,0.1930,0.4730
300.1290,208.0030,1.0000,439366005000,0.1930,0.4730
299.9140,207.7470,1.0000,439382763800,0.1930,0.4730
299.6140,207.3820,1.0000,439382842100,0.1930,0.4730
299.4860,207.0910,1.0000,439399035200,0.1930,0.4730
299.2290,206.8720,1.0000,439399097600,0.1930,0.4730
299.1000,206.5800,1.0000,439399100200,0.1930,0.4730
298.8860,206.1780,1.0000,439399101700,0.1930,0.4730
298.6290,205.7410,1.0000,439399103200,0.1930,0.4730
298.4140,205.4490,1.0000,439415899900,0.1930,0.4730
298.2000,205.0840,1.0000,439415965100,0.1930,0.4730
297.9860,204.5360,1.0000,439432087000,0.1930,0.4730
297.8140,204.1720,1.0000,439432169500,0.1930,0.4730
297.6860,203.8070,1.0000,439432172400,0.1930,0.4730
297.5140,203.3320,1.0000,439432175000,0.1930,0.4730
297.4710,202.8220,1.0000,439432177300,0.1930,0.4730
297.3000,202.3840,1.0000,439448976900,0.1930,0.4730
297.2140,201.7640,1.0000,439449052900,0.1930,0.4730
297.1710,201.2530,1.0000,439465289700,0.1930,0.4730
297.0860,200.6320,1.0000,439465353900,0.1930,0.4730
297.0000,200.0490,1.0000,439465356400,0.1930,0.4730
296.9140,199.4650,1.0000,439465358200,0.1930,0.4730
296.8710,198.7720,1.0000,439482167800,0.1930,0.4730
296.8710,198.0420,1.0000,439482380800,0.1930,0.4730
296.7000,197.3490,1.0000,439482386300,0.1930,0.4730
296.7000,196.6190,1.0000,439482388700,0.1930,0.4730
296.7000,195.9260,1.0000,439482393600,0.1930,0.4730
296.6140,195.1590,1.0000,439498527700,0.1930,0.4730
296.6140,194.4300,1.0000,439498590700,0.1930,0.4730
296.4860,193.5910,1.0000,439514622100,0.1930,0.4730
296.4000,192.8610,1.0000,439514695600,0.1930,0.4730
296.3140,192.0950,1.0000,439514699200,0.1930,0.4730
296.1860,191.3650,1.0000,439514701400,0.1930,0.4730
296.1000,190.6720,1.0000,439514703700,0.1930,0.4730
296.0140,189.9420,1.0000,439530924100,0.1930,0.4730
295.8860,189.1760,1.0000,439531017500,0.1930,0.4730
295.8000,188.4460,1.0000,439547092500,0.1930,0.4730
295.7140,187.6800,1.0000,439547157400,0.1930,0.4730
295.5860,186.9500,1.0000,439547160800,0.1930,0.4730
295.5000,185.9650,1.0000,439547162600,0.1930,0.4730
295.4140,184.9070,1.0000,439563388900,0.1930,0.4730
295.3710,183.7760,1.0000,439563455100,0.1930,0.4730
295.2860,182.6080,1.0000,439579610000,0.1930,0.4730
295.2000,181.4040,1.0000,439579675200,0.1930,0.4730
295.0710,180.0540,1.0000,439579677700,0.1930,0.4730
294.9000,178.0840,1.0000,439579679300,0.1930,0.4730
294.7710,176.4420,1.0000,439579681000,0.1930,0.4730
294.5140,175.0920,1.0000,439595566900,0.1930,0.4730
294.3000,173.8150,1.0000,439595664100,0.1930,0.4730
294.1710,172.6110,1.0000,439611833100,0.1930,0.4730
294.0000,171.3700,1.0000,439611893900,0.1930,0.4730
293.7860,170.2390,1.0000,439611897800,0.1930,0.4730
293.4860,169.0350,1.0000,439611900400,0.1930,0.4730
293.1860,167.9040,1.0000,439628830400,0.1930,0.4730
293.0140,166.7730,1.0000,439628923800,0.1930,0.4730
292.7140,165.6420,1.0000,439628934300,0.1930,0.4730
292.5000,164.5470,1.0000,439628937600,0.1930,0.4730
292.2860,163.4890,1.0000,439645046500,0.1930,0.4730
292.1140,162.4310,1.0000,439645229200,0.1930,0.4730
291.9000,161.3000,1.0000,439645235900,0.1930,0.4730
291.6860,160.3510,1.0000,439661956500,0.1930,0.4730
291.5140,159.5120,1.0000,439662047800,0.1930,0.4730
291.3860,158.6730,1.0000,439662056600,0.1930,0.4730
291.3000,158.0160,1.0000,439662059700,0.1930,0.4730
291.1710,157.3590,1.0000,439677955100,0.1930,0.4730
291.0860,156.5930,1.0000,439678005000,0.1930,0.4730
290.9140,156.0820,1.0000,439678008500,0.1930,0.4730
290.7860,155.3890,1.0000,439694028200,0.1930,0.4730
290.7000,154.8050,1.0000,439694114200,0.1930,0.4730
290.7000,154.1850,1.0000,439694120000,0.1930,0.4730
290.6140,153.6010,1.0000,439710922700,0.1930,0.4730
290.5710,152.9810,1.0000,439710989400,0.1930,0.4730
290.5710,152.4700,1.0000,439710994100,0.1930,0.4730
290.4860,151.9590,1.0000,439710996500,0.1930,0.4730
290.4000,151.4120,1.0000,439727016500,0.1930,0.4730
290.3140,150.9740,1.0000,439727102500,0.1930,0.4730
290.2710,150.5360,1.0000,439743990900,0.1930,0.4730
290.1860,149.9890,1.0000,439744056600,0.1930,0.4730
290.1860,149.4050,1.0000,439744059000,0.1930,0.4730
290.1000,148.9680,1.0000,439744060700,0.1930,0.4730
290.0570,148.4200,1.0000,439744062100,0.1930,0.4730
289.9710,147.8370,1.0000,439760130700,0.1930,0.4730
289.9710,147.2160,1.0000,439760195000,0.1930,0.4730
289.8860,146.6320,1.0000,439760198100,0.1930,0.4730
289.8000,146.0120,1.0000,439760200500,0.1930,0.4730
289.7570,145.4280,1.0000,439776302100,0.1930,0.4730
289.7570,144.8450,1.0000,439776370600,0.1930,0.4730
289.6710,144.2240,1.0000,439792577200,0.1930,0.4730
289.5000,143.7140,1.0000,439792666700,0.1930,0.4730
289.5000,143.1660,1.0000,439792670700,0.1930,0.4730
289.5000,142.6550,1.0000,439792673100,0.1930,0.4730
289.4570,142.2180,1.0000,439808682400,0.1930,0.4730
289.4570,141.7430,1.0000,439808753600,0.1930,0.4730
289.3710,141.3780,1.0000,439808757900,0.1930,0.4730
289.2860,140.7220,1.0000,439825761700,0.1930,0.4730
289.2860,140.3930,1.0000,439825839300,0.1930,0.4730
289.2000,140.1010,1.0000,439825858000,0.1930,0.4730
289.2000,139.5180,1.0000,439842641300,0.1930,0.4730
289.1570,139.2990,1.0000,439842733300,0.1930,0.4730
289.1570,138.7510,1.0000,439858757800,0.1930,0.4730
289.0710,138.2410,1.0000,439858822500,0.1930,0.4730
289.0710,137.9490,1.0000,439874887500,0.1930,0.4730
288.9860,137.4010,1.0000,439874976700,0.1930,0.4730
288.9860,136.8910,1.0000,439891884600,0.1930,0.4730
288.9860,136.5990,1.0000,439891948200,0.1930,0.4730
288.9000,136.1970,1.0000,439908257000,0.1930,0.4730
288.9000,135.7590,1.0000,439908348400,0.1930,0.5070
288.8570,135.1760,1.0000,439908352400,0.1930,0.5070
288.9000,134.7740,1.0000,439924320600,0.1930,0.5070
289.0710,134.6280,0.9780,439940447300,0.1930,0.5070
290.3140,134.4820,0.8330,439940508600,0.1930,0.4900
