708.3430,167.3930,0.1560,449638200900,0.1230,0.4550
707.8290,167.8310,0.5980,449735668500,0.1230,0.4550
707.6140,167.9770,0.6250,449735734500,0.1230,0.4550
707.3140,168.0500,0.6490,449752175800,0.1230,0.4550
706.9290,168.1960,0.6730,449752250000,0.1230,0.4550
706.7140,168.2690,0.6840,449768227500,0.1230,0.4550
706.2430,168.3420,0.7040,449784648600,0.1230,0.4550
705.9430,168.4150,0.7130,449784719700,0.1230,0.4550
705.6000,168.4880,0.7220,449784724300,0.1230,0.4550
705.2140,168.5970,0.7310,449784727900,0.1230,0.4550
704.7430,168.7430,0.7390,449784730800,0.1230,0.4550
704.2290,168.8160,0.7460,449801615500,0.1230,0.4550
703.7140,168.8890,0.7530,449801694800,0.1230,0.4550
703.2000,169.0350,0.7600,449818623400,0.1230,0.4550
702.6430,169.1080,0.7660,449818683900,0.1230,0.4550
702.2140,169.1080,0.7710,449818701100,0.1230,0.4550
701.8280,169.1810,0.7760,449818702800,0.1230,0.4550
701.4860,169.2540,0.7810,449834729300,0.1230,0.4550
701.1000,169.2540,0.7860,449834773500,0.1230,0.4550
700.8860,169.3270,0.7900,449834774600,0.1230,0.4550
700.5860,169.4000,0.7940,449850719700,0.1230,0.4550
700.0290,169.4000,0.8020,449850756100,0.1230,0.4550
699.6000,169.3270,0.8090,449866851200,0.1230,0.4550
699.1290,169.1810,0.8160,449882975700,0.1230,0.4550
698.9140,169.1080,0.8200,449883004900,0.1230,0.4550
698.7000,168.9620,0.8230,449883006100,0.1230,0.4550
698.3140,168.5970,0.8290,449899100500,0.1230,0.4550
698.1000,168.4880,0.8310,449899141700,0.1230,0.4550
697.7140,168.1960,0.8330,449899142900,0.1230,0.4550
697.5000,167.9040,0.8350,449899143700,0.1230,0.4550
697.1140,167.6850,0.8370,449899144400,0.1230,0.4550
696.9000,167.3930,0.8390,449915449100,0.1230,0.4550
696.6860,167.1740,0.8400,449915504500,0.1230,0.4550
696.4290,166.9190,0.8420,449931849000,0.1230,0.4550
696.3000,166.7730,0.8430,449931884800,0.1230,0.4550
695.9140,166.4080,0.8450,449931886600,0.1230,0.4550
695.7860,166.1890,0.8460,449947866500,0.1230,0.4550
695.5290,165.8240,0.8470,449964055300,0.1230,0.4550
695.4860,165.5690,0.8480,449964124100,0.1230,0.4550
695.2290,164.9850,0.8480,449964128800,0.1230,0.4550
695.2290,164.8390,0.8480,449964130900,0.1230,0.4550
695.1860,164.5470,0.8480,449980487400,0.1230,0.4550
695.1860,164.1460,0.8480,449980577300,0.1230,0.4550
695.1860,163.6350,0.8480,449980581500,0.1230,0.4550
695.1860,162.9780,0.8480,449997497000,0.1230,0.4550
695.1860,162.5770,0.8480,450014479300,0.1230,0.4550
695.2290,161.9200,0.8480,450014542400,0.1230,0.4550
695.2290,161.3730,0.8480,450030890900,0.1230,0.4550
695.3140,160.8620,0.8480,450047634900,0.1230,0.4550
695.4000,160.2050,0.8470,450047705800,0.1230,0.4550
695.5290,159.7310,0.8470,450064422700,0.1230,0.4550
695.5290,159.5850,0.8480,450064561600,0.1230,0.4550
695.6140,159.2930,0.8480,450080517700,0.1230,0.4550
695.7000,159.0010,0.8500,450097403500,0.1230,0.4550
695.7860,158.4540,0.8530,450113807000,0.1230,0.4550
695.8280,158.2350,0.8540,450130747000,0.1230,0.4550
696.0000,157.9430,0.8550,450130812600,0.1230,0.4550
696.0860,157.7240,0.8560,450163563100,0.1230,0.4550
696.3000,158.3080,0.8550,450179888200,0.1230,0.4550
696.4290,158.5270,0.8550,450196731100,0.1230,0.4550
696.5140,158.7820,0.8560,450212823900,0.1230,0.4550
696.7290,159.1470,0.8570,450212884900,0.1230,0.4550
696.9000,159.3660,0.8580,450212887200,0.1230,0.4550
696.9860,159.5850,0.8590,450212890100,0.1230,0.4550
697.1140,159.8040,0.8590,450229197000,0.1230,0.4550
697.2860,160.0960,0.8600,450229260600,0.1230,0.4550
697.5000,160.4970,0.8610,450246023700,0.1230,0.4550
697.8000,160.9350,0.8610,450246063300,0.1230,0.4550
698.0140,161.3730,0.8620,450246065800,0.1230,0.4550
698.3140,161.7740,0.8630,450246074300,0.1230,0.4550
698.5290,162.2120,0.8630,450263036400,0.1230,0.4550
698.8290,162.7230,0.8640,450263105900,0.1230,0.4550
699.0860,163.1970,0.8650,450279104600,0.1230,0.4550
699.3860,163.7080,0.8650,450279167700,0.1230,0.4550
699.6000,164.1460,0.8660,450279169800,0.1230,0.4550
699.8140,164.6200,0.8660,450279171400,0.1230,0.4550
700.1140,164.9850,0.8670,450279172800,0.1230,0.4550
700.3290,165.4960,0.8670,450295619100,0.1230,0.4550
700.5000,165.9700,0.8680,450295690400,0.1230,0.4550
700.7140,166.3350,0.8680,450312480400,0.1230,0.4550
700.9290,166.7000,0.8690,450312552300,0.1230,0.4550
701.1000,166.9920,0.8690,450312556000,0.1230,0.4550
701.3140,167.3930,0.8700,450312558000,0.1230,0.4550
701.6140,167.8310,0.8700,450312560100,0.1230,0.4550
701.8280,168.1230,0.8700,450329657800,0.1230,0.4550
702.1290,168.4880,0.8710,450329725600,0.1230,0.4550
702.3430,168.8890,0.8710,450329728800,0.1230,0.4550
702.6430,169.2540,0.8720,450329730800,0.1230,0.4550
702.9430,169.6190,0.8720,450346163700,0.1230,0.4550
703.2000,170.0200,0.8720,450346239000,0.1230,0.4550
703.5000,170.3850,0.8730,450346242600,0.1230,0.4550
703.7140,170.7500,0.8730,450362585600,0.1230,0.4550
704.0140,171.1150,0.8740,450362659100,0.1230,0.4550
704.2290,171.5160,0.8740,450362663200,0.1230,0.4550
704.4000,171.8810,0.8740,450362665400,0.1230,0.4550
704.5290,172.1730,0.8750,450378699100,0.1230,0.4550
704.7430,172.3920,0.8750,450378763200,0.1230,0.4550
704.8290,172.6840,0.8750,450394817800,0.1230,0.4550
705.0000,173.0120,0.8760,450394879700,0.1230,0.4550
705.0430,173.2310,0.8760,450394881800,0.1230,0.4550
705.2140,173.3770,0.8760,450394883400,0.1230,0.4550
705.3000,173.6690,0.8770,450394884900,0.1230,0.4550
705.4290,173.8880,0.8770,450411150500,0.1230,0.4550
705.5140,174.1070,0.8770,450411212600,0.1230,0.4550
705.6430,174.3620,0.8770,450411216000,0.1230,0.4550
705.9000,174.7270,0.8770,450427133700,0.1230,0.4550
705.9430,174.9460,0.8770,450427198600,0.1230,0.4550
706.0290,175.1650,0.8770,450443221600,0.1230,0.4550
706.2000,175.3110,0.8770,450443284500,0.1230,0.4550
706.4140,175.7120,0.8780,450443288300,0.1230,0.4550
706.5000,175.9310,0.8780,450459469900,0.1230,0.4550
706.6290,176.2960,0.8780,450459535300,0.1230,0.4550
706.7140,176.4420,0.8780,450475587300,0.1230,0.4550
706.8000,176.8070,0.8790,450475681400,0.1230,0.4550
706.8430,176.9890,0.8790,450475684800,0.1230,0.4550
706.9290,177.2080,0.8790,450491677400,0.1230,0.4550
707.0140,177.5000,0.8800,450508666600,0.1230,0.4550
707.0140,177.7920,0.8800,450508730100,0.1230,0.4550
707.1000,178.1570,0.8810,450525593700,0.1230,0.4550
707.0140,178.6310,0.8840,450542570300,0.1230,0.4550
706.8430,178.9230,0.8860,450542634000,0.1230,0.4550
706.7140,179.1420,0.8900,450558801200,0.1230,0.4550
706.5430,179.3610,0.8910,450558861000,0.1230,0.4550
706.2430,179.6530,0.8940,450558864800,0.1230,0.4550
705.9000,179.9080,0.8970,450575754500,0.1230,0.4550
705.6430,180.0540,0.8980,450591833100,0.1400,0.4550
705.4290,180.2000,0.8990,450591896700,0.1400,0.4550
705.2140,180.4190,0.9010,450591899100,0.1570,0.4550
705.0000,180.5650,0.9020,450591900700,0.1570,0.4550
704.7000,180.5650,0.9030,450591902400,0.1570,0.4550
704.4430,180.7840,0.9040,450607943800,0.1570,0.4550
704.0140,181.0030,0.9050,450608013500,0.1570,0.4550
703.6290,181.2580,0.9070,450624845600,0.1570,0.4550
703.2430,181.4040,0.9090,450624929300,0.1570,0.4550
702.9430,181.5500,0.9110,450624932800,0.1570,0.4550
702.6430,181.6960,0.9120,450624935100,0.1570,0.4550
702.3430,181.7690,0.9140,450640924100,0.1570,0.4550
701.9140,181.9150,0.9160,450640987400,0.1570,0.4550
701.5290,182.0610,0.9180,450640989800,0.1570,0.4550
701.1000,182.2070,0.9200,450657175200,0.1570,0.4550
700.6290,182.3530,0.9220,450657247300,0.1570,0.4550
700.1140,182.4990,0.9240,450657250600,0.1570,0.4550
699.6000,182.6810,0.9260,450657253000,0.1570,0.4550
699.0000,182.8270,0.9280,450673627200,0.1570,0.4550
698.4000,182.9730,0.9300,450673712800,0.1570,0.4550
697.8000,182.9730,0.9320,450690529300,0.1570,0.4550
697.2000,183.1190,0.9340,450690619700,0.1570,0.4550
696.6000,183.2650,0.9360,450690624400,0.1570,0.4550
696.0000,183.3380,0.9380,450690627500,0.1570,0.4550
695.4000,183.4110,0.9400,450690631700,0.1750,0.4550
694.8860,183.4840,0.9420,450706792000,0.1750,0.4550
694.3280,183.5570,0.9440,450706851500,0.1750,0.4550
693.7290,183.6300,0.9460,450706853900,0.1750,0.4550
693.3860,183.7030,0.9480,450706855300,0.1750,0.4550
692.9140,183.7760,0.9500,450723703200,0.1750,0.4550
692.4860,183.7760,0.9520,450723770100,0.1750,0.4550
692.1860,183.8490,0.9550,450739868600,0.1750,0.4550
691.8000,183.8490,0.9570,450739934800,0.1750,0.4550
691.5000,183.9220,0.9590,450739938900,0.1750,0.4550
691.1140,183.9220,0.9620,450739940900,0.1750,0.4550
690.4710,183.9220,0.9670,450755949100,0.1750,0.4550
689.8710,184.0310,0.9700,450756014700,0.1750,0.4550
689.4000,184.0310,0.9730,450772033400,0.1750,0.4550
688.9710,184.0310,0.9790,450772093500,0.1750,0.4550
688.5000,183.9220,0.9820,450772097000,0.1750,0.4550
688.1140,183.9220,0.9850,450772099000,0.1750,0.4550
687.7710,183.8490,0.9890,450789138500,0.1750,0.4550
687.3860,183.8490,0.9930,450789207900,0.1750,0.4550
687.0860,183.7760,0.9960,450805190400,0.1750,0.4550
686.4000,183.7030,1.0000,450805247400,0.1750,0.4550
686.1000,183.6300,1.0000,450805249800,0.1750,0.4550
685.8000,183.5570,1.0000,450805251100,0.1750,0.4550
685.0710,183.4110,1.0000,450822186400,0.1750,0.4550
684.6000,183.2650,1.0000,450822283100,0.1750,0.4550
684.3000,183.1190,1.0000,450822287800,0.1750,0.4550
683.5710,182.8270,1.0000,450838919700,0.1750,0.4550
683.1000,182.6810,1.0000,450838974000,0.1750,0.4550
682.8000,182.4260,1.0000,450855255200,0.1750,0.4550
682.2000,182.1340,1.0000,450855325500,0.1750,0.4550
681.9860,181.9150,1.0000,450855328700,0.1750,0.4550
681.6000,181.6960,1.0000,450871671400,0.1750,0.4550
681.0000,181.2580,1.0000,450888572200,0.1750,0.4550
680.6570,180.9300,1.0000,450888626000,-0.1570,0.4550
680.2710,180.5650,1.0000,450888628600,-0.1400,0.4550
679.8860,180.4190,1.0000,450888630100,-0.1220,0.4560
679.6710,180.1270,1.0000,450905140300,-0.1050,0.4550
679.1570,179.5070,1.0000,450905222200,-0.0700,0.4550
678.9000,179.2150,1.0000,450905226500,-0.0520,0.4550
678.6000,178.8500,1.0000,450905229500,-0.0340,0.4550
678.3860,178.4850,1.0000,450920808400,-0.0340,0.4550
678.0860,178.0840,1.0000,450920868900,-0.0340,0.4550
677.8710,177.6460,1.0000,450936972700,-0.0340,0.4550
677.5710,177.2080,1.0000,450937035000,-0.0340,0.4550
677.2710,176.6610,1.0000,450937038000,-0.0340,0.4550
677.0570,176.2230,1.0000,450937040400,-0.0340,0.4550
676.7570,175.7120,1.0000,450953270800,-0.0340,0.4550
676.5430,175.0920,1.0000,450953384600,-0.0340,0.4550
675.9860,174.4350,1.0000,450969352200,-0.0340,0.4550
675.6860,173.7420,1.0000,450969443300,-0.0340,0.4550
675.2570,173.0120,1.0000,450969448200,-0.0340,0.4550
674.8710,172.1730,1.0000,450969451200,-0.0340,0.4550
674.5710,171.5160,1.0000,450986346600,-0.0340,0.4550
674.2710,170.8960,1.0000,450986410000,-0.0340,0.4550
673.9710,170.3120,1.0000,450986414000,-0.0340,0.4550
673.7570,169.7650,1.0000,451002352300,-0.0340,0.4550
673.5430,169.2540,1.0000,451002412700,-0.0340,0.4550
673.2860,168.8160,1.0000,451002415200,-0.0340,0.4550
673.0710,168.2690,1.0000,451002416700,-0.0340,0.4550
672.8570,167.8310,1.0000,451002419500,-0.0340,0.4550
672.6430,167.2470,1.0000,451019343900,-0.0340,0.4550
672.3860,166.6270,1.0000,451019432900,-0.0340,0.4550
672.2570,166.0430,1.0000,451019437200,-0.0340,0.4550
672.0430,165.4230,1.0000,451019439500,-0.0340,0.4550
671.8710,164.8390,1.0000,451035565400,-0.0340,0.4550
671.7430,164.1460,1.0000,451035657800,-0.0340,0.4550
671.4430,163.2700,1.0000,451051630200,-0.0340,0.4550
671.2710,162.2850,1.0000,451051684000,-0.0340,0.4550
671.0570,161.3000,1.0000,451051686600,-0.0340,0.4550
670.8430,160.3510,1.0000,451051688100,-0.0340,0.4550
670.5860,159.3660,1.0000,451051689500,-0.0340,0.4550
670.3710,158.3810,1.0000,451068690100,-0.0340,0.4550
670.2430,157.5780,1.0000,451068756000,-0.0340,0.4550
670.0710,156.5930,1.0000,451085603800,0.0180,0.4550
669.9430,155.6810,1.0000,451085661400,0.0350,0.4550
669.7710,154.7320,1.0000,451085665900,0.0530,0.4550
669.6430,153.9660,1.0000,451085668200,0.0700,0.4550
669.5570,153.2370,1.0000,451085670500,0.0700,0.4550
669.4290,152.5430,1.0000,451102133200,0.0880,0.4540
669.3430,151.8140,1.0000,451102408100,0.0880,0.4540
669.2570,151.1200,1.0000,451118293800,0.0880,0.4540
669.1290,150.1350,1.0000,451118356500,0.0880,0.4540
668.9570,149.3320,1.0000,451118359300,0.0880,0.4540
668.8710,148.4930,1.0000,451118361000,0.0880,0.4540
668.8290,147.7640,1.0000,451135288100,0.0880,0.4540
668.7430,146.9970,1.0000,451135376700,0.0880,0.4540
668.6570,146.2680,1.0000,451151524800,0.0880,0.4540
668.5710,145.5010,1.0000,451151588800,0.0880,0.4540
668.4430,144.4430,1.0000,451151592600,0.0880,0.4540
668.3570,143.5680,1.0000,451151594700,0.0880,0.4540
668.2290,142.7280,1.0000,451151596800,0.0880,0.4540
668.1430,142.0720,1.0000,451168483300,0.0880,0.4540
668.0570,141.3050,1.0000,451168556300,0.0880,0.4540
668.0570,140.6490,1.0000,451168560500,0.0880,0.4540
667.9290,139.9550,1.0000,451185526100,0.0880,0.4720
667.9290,139.3720,1.0000,451185608300,0.0880,0.4720
667.8430,138.7510,1.0000,451185611800,0.0880,0.4720
667.7570,138.0950,1.0000,451185614000,0.0880,0.4720
667.7570,137.4010,1.0000,451201587600,0.0880,0.4720
667.6720,136.8910,1.0000,451201679700,0.0880,0.4720
667.6290,136.1970,1.0000,451218537800,0.0880,0.4720
667.6290,135.6130,1.0000,451218600300,0.0880,0.4720
667.5430,135.0300,1.0000,451218602500,0.0880,0.4720
667.4570,134.3360,1.0000,451218604000,0.0880,0.4720
667.3710,133.6800,1.0000,451218605400,0.0880,0.4720
667.3710,132.9870,1.0000,451235550100,0.0880,0.4720
667.3710,132.3300,1.0000,451235640600,0.0880,0.4720
667.3290,131.6360,1.0000,451235644400,0.0880,0.4720
667.3290,130.9800,1.0000,451235647100,0.1050,0.4710
667.2430,130.2140,1.0000,451252523500,0.1050,0.4710
667.2430,129.4840,1.0000,451252586200,0.1050,0.4710
667.1570,128.7180,1.0000,451252589100,0.1050,0.4710
667.0710,128.0610,1.0000,451269439500,0.1050,0.4710
667.0290,127.3680,1.0000,451269606300,0.1050,0.4710
667.0290,126.7840,1.0000,451269610200,0.1050,0.4710
667.0290,126.1640,1.0000,451269612100,0.1050,0.4710
666.8570,125.5800,1.0000,451285654700,0.1050,0.4710
666.8570,125.0320,1.0000,451285720600,0.1050,0.4710
666.8570,124.5220,1.0000,451301814500,0.1050,0.4710
666.7710,124.0840,1.0000,451301880600,0.1050,0.4710
666.7710,123.7190,1.0000,451301883600,0.1050,0.4710
666.7290,123.3180,1.0000,451301886300,0.1050,0.4710
666.7290,122.9530,1.0000,451301888400,0.1050,0.4710
666.7290,122.5880,1.0000,451318778200,0.1050,0.4710
666.7290,122.1860,1.0000,451318858400,0.1050,0.4710
666.7290,121.8220,1.0000,451318862400,0.1050,0.4710
666.7290,121.1650,1.0000,451334776300,0.1050,0.4710
666.7290,120.7640,1.0000,451334821500,0.1050,0.4710
666.7290,120.4720,1.0000,451350930100,0.1050,0.4710
666.6430,119.8880,1.0000,451350966500,0.1050,0.4710
666.6430,119.5960,1.0000,451350968000,0.1050,0.4710
666.6430,119.0490,1.0000,451367019600,0.1050,0.4710
666.6430,118.7570,1.0000,451367064000,0.1050,0.4710
666.5570,118.2460,1.0000,451383114800,0.1050,0.4710
666.5570,117.9180,1.0000,451383160100,0.1050,0.4710
666.5570,117.5530,1.0000,451399358800,0.1050,0.4710
666.4710,117.1880,1.0000,451416390000,0.1050,0.4710
666.4710,116.8230,1.0000,451416452800,0.1050,0.4710
675.7710,147.5450,0.0650,451947152100,0.0000,0.4010
675.6860,147.1430,0.1630,451947180900,0.0000,0.4190
675.5570,146.7780,0.2380,451963236500,0.0000,0.4190
675.4710,146.4130,0.2980,451963269100,0.0000,0.4190
675.3860,145.9390,0.3510,451979393100,0.0000,0.4190
675.3430,145.6470,0.4040,451979439000,0.0000,0.4190
675.2570,145.2090,0.4870,451995629800,0.0000,0.4190
675.1720,144.9180,0.5430,452011664700,0.0000,0.4190
675.1720,144.4430,0.6450,452027808500,0.0000,0.4190
675.2570,144.1510,0.7600,452060255000,0.0000,0.4190
675.8570,144.5160,0.8810,452108562200,0.0000,0.4190
675.9860,144.7720,0.8980,452125484100,0.0000,0.4190
676.1570,144.9910,0.9190,452125524600,0.0000,0.4190
676.2430,145.2820,0.9310,452141489900,0.0000,0.4190
676.2860,145.5740,0.9400,452157660900,0.0000,0.4190
676.3710,145.7930,0.9480,452157694000,0.0000,0.4190
676.4570,146.1950,0.9550,452174650700,0.0000,0.4190
676.4570,146.5590,0.9610,452174697800,0.0000,0.4190
676.5430,146.8510,0.9650,452191577800,0.0000,0.4190
676.5430,147.1430,0.9690,452191630800,0.0000,0.4190
676.5860,147.4350,0.9730,452207601700,0.0000,0.4190
676.6720,147.6910,0.9790,452207643000,0.0000,0.4190
676.8430,147.9090,0.9780,452224637500,0.0000,0.4190
676.8430,148.2010,0.9290,452241670400,0.0000,0.4190
676.8860,148.4930,0.8520,452258533200,0.0000,0.4190
676.8860,149.0410,0.5570,452275553800,0.0000,0.4190
676.8860,149.2590,0.4650,452275595400,0.0000,0.4190
687.4710,146.8510,0.0720,452659871100,0.0000,0.3840
687.3860,146.5590,0.1680,452659905200,0.0000,0.3840
687.3860,146.0120,0.3580,452675994900,0.0000,0.3840
687.3860,145.5740,0.5190,452693011500,0.0000,0.4190
687.3000,145.2820,0.6740,452725324600,0.0000,0.4190
687.2140,146.4130,0.8550,452774742900,0.0000,0.4190
687.2140,146.7050,0.8660,452774805100,0.0000,0.4190
687.3860,147.2160,0.8860,452774808600,0.0000,0.4190
687.3860,147.4350,0.8940,452791708500,0.0000,0.4190
687.4710,147.7640,0.9020,452791796000,0.0000,0.4190
687.5140,148.2010,0.9150,452808579300,0.0000,0.4190
687.6000,148.4930,0.9210,452808645600,0.0000,0.4190
687.6860,148.7120,0.9260,452808648000,0.0000,0.4190
687.8140,149.1130,0.9350,452825605200,0.0000,0.4190
687.9000,149.3320,0.9400,452825671200,0.0000,0.4190
687.9860,149.6970,0.9470,452841950200,0.0000,0.4190
688.0710,149.9890,0.9470,452842009800,0.0000,0.4190
688.1140,150.1350,0.9390,452842012100,0.0180,0.4200
688.2000,150.5360,0.8850,452874313400,0.0710,0.4190
688.2000,150.7550,0.7080,452874390900,0.1050,0.4190
649.1140,177.1350,1.0000,454095940000,0.0880,0.4720
648.7290,175.7120,0.0110,454144913200,0.0880,0.4720
648.6000,175.3110,0.0650,454160888500,0.0880,0.4720
648.4290,175.0190,0.1290,454160921900,0.0880,0.4720
648.4290,174.5810,0.1960,454176991800,0.0880,0.4720
648.3430,174.2890,0.2650,454193905200,0.0880,0.4720
648.3000,173.8880,0.3340,454193937700,0.0880,0.4720
648.2140,173.5230,0.4040,454210080000,0.0880,0.4720
648.1290,173.0850,0.5030,454226210000,0.0880,0.4720
648.0430,172.7930,0.5630,454226246400,0.0880,0.4720
648.0000,172.3920,0.6390,454243243700,0.0880,0.4720
647.9140,172.0270,0.7150,454260161700,0.0880,0.4720
648.3000,172.8660,0.8440,454343173800,0.0880,0.4720
648.3430,173.0850,0.8500,454343207700,0.0880,0.4720
648.4290,173.3040,0.8550,454343208600,0.0880,0.4720
648.5140,173.5960,0.8600,454343209200,0.0880,0.4720
648.6000,173.8150,0.8640,454343209800,0.0880,0.4720
648.6430,174.1070,0.8690,454359277600,0.0880,0.4720
648.9000,174.5810,0.8730,454359316800,0.0880,0.4720
649.1140,174.9460,0.8760,454359318200,0.0880,0.4720
649.3280,175.3110,0.8800,454359319100,0.0880,0.4720
649.5430,175.7850,0.8830,454375512000,0.0880,0.4720
649.8000,176.1500,0.8860,454375554700,0.0880,0.4720
650.0140,176.5880,0.8890,454391570700,0.0880,0.4720
650.3140,176.9890,0.8910,454391617100,0.0880,0.4720
650.5290,177.4270,0.8940,454391624100,0.0880,0.4720
650.7430,177.8650,0.8960,454391625500,0.0880,0.4720
651.0000,178.1570,0.8980,454407616300,0.0880,0.4720
651.1290,178.4850,0.8990,454407678700,0.0880,0.4720
651.3000,178.7040,0.9010,454407681500,0.0880,0.4720
651.4290,178.9960,0.9020,454424032400,0.0880,0.4720
651.5140,179.1420,0.9040,454424100500,0.0880,0.4720
651.7290,179.5800,0.9060,454424104700,0.0880,0.4720
651.8140,179.8350,0.9070,454441034600,0.0880,0.4720
651.9430,179.9810,0.9080,454441126700,0.0880,0.4720
652.1140,180.3460,0.9100,454458018000,0.0880,0.4720
652.2430,180.7110,0.9110,454458088400,0.0880,0.4720
652.4140,180.8570,0.9120,454458091200,0.0880,0.4720
652.5430,181.1850,0.9130,454474931700,0.0880,0.4720
652.6290,181.4770,0.9140,454475000700,0.0880,0.4720
652.8000,181.7690,0.9150,454491234800,0.0880,0.4720
652.8000,182.1340,0.9170,454508115200,0.0880,0.4720
652.7140,182.6080,0.9220,454508288200,0.0880,0.4720
652.6290,182.9000,0.9270,454525162000,0.0880,0.4720
652.4140,183.1190,0.9330,454541572600,0.0880,0.4720
652.1140,183.4110,0.9390,454541642100,0.0880,0.4720
651.9000,183.5570,0.9420,454541645600,0.1050,0.4710
651.6430,183.7030,0.9460,454557643500,0.1050,0.4710
651.3000,183.8490,0.9490,454557701800,0.1050,0.4710
650.7430,184.1040,0.9520,454557709500,0.1050,0.4710
650.2290,184.3230,0.9550,454557715400,0.1230,0.4720
649.5430,184.4690,0.9580,454574597500,0.1230,0.4720
648.9000,184.6880,0.9610,454574665300,0.1230,0.4720
647.9140,184.9070,0.9640,454590680300,0.1230,0.4720
647.0140,185.1260,0.9670,454590742100,0.1230,0.4720
645.9430,185.2720,0.9690,454590744800,0.1230,0.4720
645.0860,185.5270,0.9720,454590746500,0.1230,0.4720
644.2290,185.6730,0.9740,454590748100,0.1230,0.4720
643.5000,185.8190,0.9770,454606714600,0.1230,0.4720
642.9000,185.8920,0.9800,454606780200,0.1230,0.4720
642.3000,186.0380,0.9820,454623710700,0.1230,0.4720
641.6140,186.1110,0.9840,454623776800,0.1230,0.4720
641.0140,186.1840,0.9860,454623780700,0.1230,0.4720
640.5000,186.2570,0.9880,454623783000,0.1230,0.4720
639.9000,186.3300,0.9900,454640609100,0.1230,0.4720
639.4290,186.4760,0.9930,454640675100,0.1230,0.4720
638.9140,186.4760,0.9960,454656944600,0.1230,0.4720
638.4860,186.5490,0.9980,454657033200,0.1230,0.4720
638.0140,186.5490,1.0000,454657038200,0.1230,0.4720
637.4140,186.5490,1.0000,454657042400,0.1230,0.4720
636.9860,186.5490,1.0000,454657046800,0.1230,0.4720
636.5140,186.5490,1.0000,454673245800,0.1230,0.4720
636.0860,186.5490,1.0000,454673326500,0.1230,0.4720
635.7000,186.5490,1.0000,454673334600,0.1230,0.4720
635.1000,186.5490,1.0000,454690100000,0.1230,0.4720
634.5000,186.5490,1.0000,454690163600,0.1230,0.4720
633.9860,186.5490,1.0000,454690166200,0.1230,0.4720
633.4710,186.5490,1.0000,454690167600,0.1230,0.4720
632.8710,186.4760,1.0000,454706484200,0.1230,0.4720
632.2710,186.4760,1.0000,454706664600,0.1230,0.4720
631.6720,186.4030,1.0000,454706668200,0.1230,0.4720
631.2000,186.3300,1.0000,454706670500,0.1230,0.4720
630.7710,186.2570,1.0000,454722671500,0.1230,0.4720
630.3860,186.2570,1.0000,454722728800,0.1230,0.4720
630.0860,186.1840,1.0000,454738880700,0.1230,0.4720
629.4860,186.0380,1.0000,454738942700,0.1230,0.4720
629.1000,185.9650,1.0000,454738945600,0.1230,0.4720
628.8000,185.8920,1.0000,454738948000,0.1230,0.4720
628.5000,185.8190,1.0000,454755836400,0.1230,0.4720
628.1570,185.6730,1.0000,454755871700,0.1230,0.4720
627.7710,185.5270,1.0000,454772389900,0.1230,0.4720
627.4710,185.2720,1.0000,454772440900,0.1230,0.4720
627.0860,185.1260,1.0000,454772443000,0.1230,0.4720
626.6570,184.8340,1.0000,454772444400,0.1230,0.4720
626.1860,184.6150,1.0000,454788692500,0.1230,0.4720
625.8000,184.3230,1.0000,454788780800,0.1230,0.4720
625.5000,184.0310,1.0000,454788784400,0.1230,0.4720
625.2000,183.6300,1.0000,454788786700,0.1230,0.4720
624.8570,183.3380,1.0000,454788788900,0.1230,0.4720
624.4710,182.9730,1.0000,454805686100,0.1230,0.4720
624.0860,182.6080,1.0000,454805738700,0.1230,0.4720
623.8710,182.2070,1.0000,454821872300,0.1230,0.4720
623.5710,181.7690,1.0000,454821953800,0.1230,0.4720
623.3570,181.4040,1.0000,454821962000,0.1230,0.4720
623.1000,180.9300,1.0000,454821965100,0.1230,0.4720
622.8000,180.4920,1.0000,454838106200,0.1230,0.4720
622.5860,180.0540,1.0000,454838201000,0.1230,0.4720
622.2860,179.5070,1.0000,454838205100,0.1230,0.4720
622.0710,178.9960,1.0000,454854159400,0.1230,0.4720
621.8570,178.4850,1.0000,454854342500,0.1230,0.4720
621.5570,177.8650,1.0000,454854347900,0.1230,0.4720
621.3860,177.3540,1.0000,454854349900,0.1230,0.4720
621.1710,176.7340,1.0000,454870210600,0.1230,0.4720
620.9570,176.2230,1.0000,454870395000,0.1230,0.4720
620.7430,175.5300,1.0000,454887152300,0.1230,0.4720
620.4860,174.9460,1.0000,454887214100,0.1230,0.4720
620.3570,174.3620,1.0000,454887217100,0.1230,0.4720
620.1430,173.7420,1.0000,454887219300,0.1230,0.4720
619.8860,173.1580,1.0000,454903391300,0.1230,0.4720
619.6710,172.5380,1.0000,454903503900,0.1230,0.4720
619.5430,171.9540,1.0000,454903508300,0.1230,0.4720
619.3710,171.3700,1.0000,454903510700,0.1230,0.4720
619.2430,170.6770,1.0000,454903513100,0.1230,0.4720
618.9860,170.0930,1.0000,454919771000,0.1230,0.4720
618.8570,169.4000,1.0000,454919856200,0.1230,0.4720
618.6860,168.8160,1.0000,454936634700,0.1230,0.4720
618.4710,168.1960,1.0000,454936723800,0.1230,0.4720
618.3430,167.5390,1.0000,454936728000,0.1230,0.4720
618.0860,166.5540,1.0000,454936730400,0.1230,0.4720
617.9570,165.7150,1.0000,454953111800,0.1230,0.4720
617.7430,164.9850,1.0000,454953207600,0.1230,0.4720
617.5710,164.4010,1.0000,454953212400,0.1230,0.4720
617.4430,163.7080,1.0000,454969228300,0.1230,0.4720
617.2710,162.7230,1.0000,454969303200,0.1230,0.4720
617.0570,161.7740,1.0000,454969306600,0.1230,0.4720
616.9710,160.9350,1.0000,454969328900,0.1230,0.4720
616.8430,160.0960,1.0000,454985428100,0.1230,0.4720
616.5860,159.2200,1.0000,454985522200,0.1230,0.4720
616.5430,158.3810,1.0000,455001562000,0.1230,0.4720
616.2860,157.6510,1.0000,455001633100,0.1230,0.4720
616.1570,156.9580,1.0000,455001638300,0.1230,0.4720
616.1570,156.2280,1.0000,455001640600,0.1230,0.4720
615.9860,155.1700,1.0000,455018540200,0.1230,0.4720
615.7710,154.1850,1.0000,455018574300,0.1230,0.4720
615.6430,153.3090,1.0000,455018575800,0.1230,0.4720
615.4710,152.3970,1.0000,455018576700,0.1230,0.4720
615.3430,151.6310,1.0000,455018577600,0.1230,0.4720
615.2570,150.9010,1.0000,455034612900,0.1230,0.4720
615.1720,150.1350,1.0000,455034658100,0.1230,0.4720
614.9570,149.1860,1.0000,455051516700,0.1230,0.4720
614.8710,148.3470,1.0000,455051545800,0.1230,0.4720
614.7430,147.3620,1.0000,455051547400,0.1230,0.4720
614.5710,146.4860,1.0000,455051548200,0.1230,0.4720
614.4860,145.7200,1.0000,455068499200,0.1230,0.4720
614.3570,144.7720,1.0000,455068541200,0.1230,0.4720
614.1860,143.7860,1.0000,455068543200,0.1230,0.4720
614.0570,142.8740,1.0000,455084544600,0.1230,0.4720
613.8430,141.8160,1.0000,455084575400,0.1230,0.4720
613.6710,140.9410,1.0000,455084576900,0.1230,0.4720
613.5860,140.1740,1.0000,455084578000,0.1230,0.4720
613.3710,139.1530,1.0000,455084579000,0.1230,0.4720
613.3710,138.2410,1.0000,455100934500,0.1230,0.4720
613.1570,137.3280,1.0000,455100984300,0.1230,0.4720
613.0710,136.4530,1.0000,455117934000,0.1230,0.4900
612.9430,135.6860,1.0000,455118000600,0.1220,0.5060
612.8570,135.0300,1.0000,455118003100,0.1220,0.5060
612.7290,134.2640,1.0000,455118004600,0.1220,0.5060
612.6430,133.6070,1.0000,455134835100,0.1220,0.5060
612.5570,132.8410,1.0000,455134904400,0.1220,0.5060
612.4710,132.1840,1.0000,455134907700,0.1220,0.5060
612.2570,131.2720,1.0000,455134909900,0.1220,0.5060
612.1710,130.4320,1.0000,455150906600,0.1220,0.5060
612.1290,129.7030,1.0000,455150969700,0.1220,0.5060
612.1290,129.0090,1.0000,455150971900,0.1220,0.5060
611.9570,128.4260,1.0000,455167422800,0.1220,0.5060
611.8710,127.8050,1.0000,455167507200,0.1220,0.5060
611.8280,127.2220,1.0000,455167511300,0.1220,0.5060
611.7430,126.6380,1.0000,455167513700,0.1220,0.5060
611.6570,126.0910,1.0000,455184366100,0.1220,0.5060
611.5710,125.5800,1.0000,455184438100,0.1220,0.5060
611.5710,125.1420,1.0000,455200587400,0.1220,0.5060
611.5290,124.6680,1.0000,455200660000,0.1220,0.5060
611.3570,124.2300,1.0000,455200663500,0.1220,0.5060
611.2710,123.7920,1.0000,455200665800,0.1220,0.5060
611.2290,123.3910,1.0000,455200667900,0.1220,0.5060
611.0570,122.9530,1.0000,455216754300,0.1220,0.5060
610.9710,122.5150,1.0000,455216838200,0.1220,0.5060
610.9710,122.1130,1.0000,455233759300,0.1220,0.5060
610.9290,121.7490,1.0000,455233838000,0.1220,0.5060
610.8430,121.2380,1.0000,455233841800,0.1220,0.5060
610.7570,120.6180,1.0000,455233844400,0.1220,0.5060
610.6710,120.1800,1.0000,455249991100,0.1220,0.5060
610.6290,119.5960,1.0000,455250052300,0.1220,0.5060
610.5430,118.9760,1.0000,455250054500,0.1220,0.5060
610.4570,118.3920,1.0000,455250055900,0.1220,0.5060
610.3710,117.7720,1.0000,455250057500,0.1220,0.5060
610.3290,117.1880,1.0000,455266106000,0.1220,0.5060
610.1570,116.6770,1.0000,455266162200,0.1220,0.5060
610.0710,116.1300,1.0000,455282405800,0.1220,0.5060
610.0710,115.6190,1.0000,455282469700,0.1220,0.5060
610.0290,115.2180,1.0000,455282473300,0.1220,0.5060
610.0290,114.8530,1.0000,455282475600,0.1220,0.5060
610.0290,114.4880,1.0000,455298684900,0.1220,0.5060
609.9430,114.1960,1.0000,455298747300,0.1220,0.5060
609.7710,113.6490,1.0000,455315581400,0.1220,0.5060
609.7710,113.3570,1.0000,455315649900,0.1220,0.5060
609.7290,112.8460,1.0000,455315653200,0.1220,0.5060
609.7290,112.3720,1.0000,455331998400,0.1220,0.5060
609.7290,112.0070,1.0000,455348854200,0.1220,0.5060
609.7290,111.6420,1.0000,455348945400,0.1220,0.5060
609.8570,111.3500,1.0000,455365845700,0.1220,0.5060
610.0710,112.1530,0.9840,455381948800,0.1220,0.5060
610.2430,112.7730,0.9570,455398967600,0.1220,0.5060
610.4570,113.7220,0.9210,455399031200,0.1220,0.5060
611.0570,115.4000,0.8760,455399033500,0.1220,0.5060
611.3570,116.8960,0.8160,455399035000,0.1220,0.5060
611.8280,118.7570,0.6800,455399036400,0.1220,0.5060
612.9430,122.4420,0.8330,455415014600,0.1220,0.5060
613.3710,124.1570,0.6940,455432040600,-0.1050,0.5070
623.7860,162.0660,0.0170,455796584400,0.0000,0.5060
624.0000,161.9200,0.1030,455812554100,0.0000,0.5060
624.1720,161.7010,0.1920,455812584200,0.0000,0.5060
624.3860,161.3730,0.3080,455845711000,0.0000,0.5060
624.5570,161.1540,0.4170,455845747600,0.0000,0.5060
624.6860,161.0080,0.5190,455861814000,0.0000,0.5060
624.8570,160.7890,0.6110,455878816300,0.0000,0.5060
624.9860,160.5700,0.7730,455912184700,0.0000,0.5060
625.2860,161.0810,0.8700,455945314300,0.0360,0.5070
625.3710,161.2270,0.8780,455945374600,0.0540,0.5080
625.5860,161.5550,0.8890,455961491800,0.0880,0.5060
625.6710,161.7010,0.8910,455961574300,0.1060,0.5070
625.8860,161.9930,0.8720,455977670800,0.1220,0.5060
626.0570,162.1390,0.8470,455977730800,0.1220,0.5060
626.1860,162.5040,0.7870,455994676300,0.1220,0.5060
626.2710,162.7230,0.5460,455994736400,0.1220,0.5060
588.0000,166.3350,0.0280,457215705300,0.0350,0.0000
587.9140,166.1160,0.0650,457215716200,0.0350,0.0000
587.7860,165.8240,0.1470,457232562800,0.0350,0.0000
587.5290,165.5690,0.2280,457248607000,0.0350,0.0000
587.4000,165.2040,0.3370,457248641800,0.0350,0.0000
587.2290,164.9850,0.4330,457281829400,0.0350,0.0000
587.1860,164.6200,0.5700,457298310600,0.0350,0.0000
587.1860,165.5690,0.7580,457347053300,0.0350,0.0000
587.2290,166.1160,0.7750,457363073500,0.0350,0.0000
587.3140,166.4080,0.7830,457363132200,0.0350,0.0000
587.4000,166.7000,0.7910,457363134400,0.0350,0.0000
587.4860,166.9920,0.7970,457379970900,0.0350,0.0000
587.6140,167.3930,0.8030,457380033500,0.0350,0.0000
587.7860,167.8310,0.8090,457380037000,0.0350,0.0000
587.8290,168.1960,0.8140,457396415000,0.0350,0.0000
587.9140,168.5970,0.8200,457396475700,0.0350,0.0000
588.0000,168.8890,0.8240,457396477900,0.0360,0.0180
588.0860,169.1810,0.8290,457396479600,0.0350,0.0700
588.1290,169.4730,0.8330,457412463500,0.0350,0.1230
588.2140,169.7650,0.8370,457412495800,0.0350,0.1590
588.2140,170.0930,0.8410,457428659700,0.0350,0.1920
588.3860,170.5310,0.8440,457428721900,0.0350,0.2280
588.4290,170.9690,0.8470,457428725500,0.0350,0.2630
588.5140,171.3700,0.8490,457428727500,0.0350,0.2810
588.6000,171.6620,0.8520,457428729500,0.0360,0.2980
588.6000,171.9540,0.8540,457444724400,0.0350,0.3140
588.6860,172.1730,0.8560,457444788300,0.0350,0.3320
588.6860,172.5380,0.8580,457444790900,0.0350,0.3490
588.7290,172.8660,0.8600,457444792300,0.0350,0.3670
588.7290,173.1580,0.8610,457461787900,0.0350,0.3840
588.8140,173.3770,0.8630,457461847400,0.0360,0.4020
588.8140,173.7420,0.8640,457478837500,0.0350,0.4190
588.8140,174.0340,0.8660,457478898000,0.0350,0.4190
588.9000,174.3620,0.8680,457478901000,0.0350,0.4190
588.9430,174.5810,0.8700,457478902900,0.0350,0.4190
588.9430,175.0920,0.8760,457494883200,0.0350,0.4190
589.0290,175.3110,0.8790,457495007600,0.0350,0.4190
588.9430,175.7850,0.8860,457495032900,0.0350,0.4190
588.9430,176.1500,0.8920,457510948800,0.0350,0.4190
588.9000,176.5880,0.8980,457527137800,0.0350,0.4190
588.7290,176.9890,0.9040,457527199700,0.0350,0.4190
588.6860,177.2080,0.9070,457543172800,0.0350,0.4190
588.6000,177.4270,0.9090,457543271400,0.0350,0.4190
588.3860,177.7920,0.9140,457559493100,0.0350,0.4190
588.2140,178.0110,0.9160,457559549600,0.0530,0.4200
588.0860,178.1570,0.9180,457559555400,0.0710,0.4190
587.7000,178.5580,0.9200,457559557500,0.0710,0.4190
587.4000,178.8500,0.9220,457575574500,0.0710,0.4190
587.1000,179.0690,0.9250,457575639500,0.0710,0.4190
586.7140,179.3610,0.9270,457591994900,0.0710,0.4190
586.3290,179.5800,0.9290,457592050000,0.0710,0.4190
585.9860,179.8350,0.9310,457592052500,0.0710,0.4190
585.6000,180.0540,0.9340,457592054800,0.0710,0.4190
585.2140,180.2730,0.9360,457592056200,0.0710,0.4190
584.7860,180.4190,0.9380,457608072500,0.0710,0.4190
584.4000,180.5650,0.9410,457608256600,0.0710,0.4190
583.9290,180.7840,0.9430,457608263300,0.0710,0.4190
583.5860,180.9300,0.9450,457608265500,0.0710,0.4190
583.0290,181.0760,0.9460,457625101600,0.0710,0.4190
582.6000,181.2580,0.9480,457625156800,0.0710,0.4190
582.1290,181.4040,0.9490,457642057700,0.0880,0.4200
581.7000,181.5500,0.9510,457642112900,0.0880,0.4200
581.2290,181.6960,0.9520,457642115100,0.0880,0.4200
580.7140,181.7690,0.9530,457642116500,0.0880,0.4200
580.2860,181.9150,0.9540,457642117900,0.0880,0.4200
579.8140,182.0610,0.9560,457658124400,0.0880,0.4200
579.4710,182.1340,0.9570,457658180900,0.0880,0.4200
579.0860,182.2070,0.9580,457675004500,0.0880,0.4200
578.7860,182.2800,0.9590,457675091100,0.0880,0.4200
578.4000,182.3530,0.9600,457675097600,0.0880,0.4200
577.9710,182.4990,0.9610,457675099600,0.0880,0.4200
577.5000,182.6810,0.9620,457691191500,0.0880,0.4200
576.9860,182.7540,0.9630,457691247500,0.0880,0.4200
576.4710,182.9000,0.9640,457707510000,0.0880,0.4200
575.9140,182.9730,0.9650,457707571100,0.1050,0.4190
575.4000,183.1190,0.9660,457707574000,0.1050,0.4190
574.8860,183.1920,0.9670,457707575900,0.1050,0.4190
574.3710,183.3380,0.9680,457707577800,0.1050,0.4190
573.7710,183.4110,0.9690,457723766700,0.1050,0.4190
573.1710,183.5570,0.9700,457723836000,0.1050,0.4190
572.5710,183.7030,0.9710,457723839400,0.1050,0.4190
571.9710,183.8490,0.9720,457723880300,0.1050,0.4190
571.3710,183.9220,0.9730,457739898700,0.1050,0.4190
570.8570,184.1040,0.9740,457739956300,0.1050,0.4190
570.3860,184.1770,0.9740,457756982800,0.1050,0.4190
569.7860,184.1770,0.9750,457757039400,0.1050,0.4190
569.3570,184.3960,0.9770,457757041500,0.1050,0.4190
568.8860,184.4690,0.9790,457757042900,0.1050,0.4190
568.5000,184.5420,0.9800,457757044100,0.1050,0.4190
568.2000,184.6150,0.9810,457773880200,0.1050,0.4190
567.8570,184.6150,0.9820,457773940600,0.1050,0.4190
567.3000,184.6880,0.9840,457789931300,0.1050,0.4190
566.9570,184.7610,0.9860,457789972600,0.1050,0.4190
566.3570,184.8340,0.9880,457789975200,0.1050,0.4190
566.0570,184.8340,0.9900,457806948500,0.1050,0.4190
565.7570,184.8340,0.9910,457807003900,0.1050,0.4190
565.3710,184.9070,0.9920,457823140100,0.1050,0.4190
564.9860,184.9070,0.9930,457823207100,0.1230,0.4190
564.6000,184.9070,0.9940,457823211000,0.1230,0.4190
563.9570,184.9070,0.9960,457839328600,0.1230,0.4190
563.5710,184.9070,0.9970,457839531900,0.1230,0.4190
563.1860,184.9070,0.9970,457839537700,0.1230,0.4190
562.8860,184.9070,0.9980,457839540000,0.1230,0.4190
562.1570,184.8340,1.0000,457855716800,0.1230,0.4190
561.8570,184.7610,1.0000,457855770700,0.1230,0.4190
561.4710,184.7610,1.0000,457872706800,0.1230,0.4190
561.0860,184.6880,1.0000,457872763400,0.1230,0.4190
560.7860,184.6150,1.0000,457872766200,0.1230,0.4190
560.1430,184.3960,1.0000,457889783900,0.1230,0.4190
559.6710,184.1770,1.0000,457889849100,0.1230,0.4190
559.2860,184.0310,1.0000,457905878400,0.1230,0.4190
558.8570,183.7760,1.0000,457905939700,0.1230,0.4190
558.4710,183.5570,1.0000,457905942700,0.1230,0.4190
558.0430,183.2650,1.0000,457905944400,0.1230,0.4190
557.6570,182.9730,1.0000,457905946300,0.1230,0.4190
557.2710,182.6810,1.0000,457922070400,0.1230,0.4190
556.8430,182.4260,1.0000,457922128300,0.1230,0.4190
556.5430,182.1340,1.0000,457939009600,0.1230,0.4190
556.1570,181.7690,1.0000,457939080100,0.1230,0.4190
555.8570,181.4040,1.0000,457939091100,0.1230,0.4190
555.5570,181.0760,1.0000,457939094800,0.1230,0.4190
555.1720,180.7110,1.0000,457955186500,0.1230,0.4190
554.8290,180.3460,1.0000,457955267700,0.1230,0.4190
554.5290,179.9810,1.0000,457955271700,0.1230,0.4370
554.2710,179.5800,1.0000,457955273600,0.1230,0.4370
554.0570,179.1420,1.0000,457971757000,0.1230,0.4370
553.8430,178.7770,1.0000,457971879200,0.1230,0.4550
553.6710,178.3030,1.0000,457971936200,0.1230,0.4550
553.5430,178.0110,1.0000,457988757200,0.1230,0.4550
553.2430,177.5730,1.0000,457988800600,0.1230,0.4550
553.0290,177.2080,1.0000,457988802900,0.1230,0.4550
552.8570,176.8070,1.0000,457988804500,0.1230,0.4550
552.6430,176.3690,1.0000,458004911100,0.1230,0.4550
552.4710,176.0040,1.0000,458004986300,0.1230,0.4550
552.3430,175.7120,1.0000,458004990200,0.1230,0.4550
552.1290,175.3840,1.0000,458021346200,0.1230,0.4550
551.9570,175.0190,1.0000,458021681200,0.1230,0.4550
551.8280,174.7270,1.0000,458021692900,0.1230,0.4550
551.6570,174.4350,1.0000,458021695500,0.1230,0.4550
551.3570,174.0340,1.0000,458037473500,0.1230,0.4550
551.1430,173.6690,1.0000,458037554900,0.1230,0.4550
551.0570,173.3770,1.0000,458037558200,0.1230,0.4550
550.7570,173.0120,1.0000,458037560400,0.1230,0.4550
550.6290,172.6840,1.0000,458054495500,0.1230,0.4550
550.4570,172.4650,1.0000,458054626000,0.1230,0.4550
550.3290,172.1730,1.0000,458071446600,0.1230,0.4550
550.0710,172.0270,1.0000,458071585800,0.1230,0.4550
549.7710,171.5890,1.0000,458071634000,0.1230,0.4550
549.6430,171.4430,1.0000,458071637200,0.1230,0.4550
549.4710,171.1150,1.0000,458087735900,0.1230,0.4550
549.2570,170.7500,1.0000,458103895600,0.1230,0.4550
549.1290,170.4580,1.0000,458104137500,0.1230,0.4550
549.0430,170.1660,1.0000,458120288500,0.1230,0.4550
548.8710,169.9110,1.0000,458136454200,0.1230,0.4550
548.7430,169.6190,1.0000,458136575800,0.1230,0.4550
548.5710,169.3270,0.9990,458152843500,0.1230,0.4550
548.3570,169.1080,0.9980,458152959900,0.1230,0.4550
548.1430,168.9620,0.9970,458168899500,0.1230,0.4550
547.7570,168.8890,0.9940,458185761800,0.1230,0.4550
547.1140,169.1810,0.9920,458201835800,0.1230,0.4550
546.9430,169.2540,0.9920,458218725600,0.1230,0.4550
546.7290,169.4000,0.9910,458218796200,0.1230,0.4550
546.3430,169.7650,0.9900,458218800200,0.1230,0.4550
545.9570,170.0930,0.9900,458235135000,0.1230,0.4550
545.6140,170.4580,0.9900,458235196900,0.1230,0.4550
545.3140,170.8230,0.9890,458252064700,0.1230,0.4550
545.0570,171.1880,0.9890,458252301200,0.1230,0.4550
544.7140,171.5890,0.9890,458252356200,0.1230,0.4550
544.5430,171.9540,0.9890,458252361000,0.1230,0.4550
544.1570,172.3920,0.9880,458252363600,0.1230,0.4550
543.9430,172.8660,0.9880,458268112100,0.1230,0.4550
543.7290,173.3040,0.9880,458268174200,0.1230,0.4550
543.4290,173.6690,0.9870,458284126700,0.1230,0.4550
543.2140,174.1070,0.9870,458284267400,0.1230,0.4550
543.0430,174.5080,0.9870,458284308900,0.1230,0.4550
542.8290,174.8730,0.9870,458284316400,0.1230,0.4550
542.6140,175.3110,0.9860,458284318800,0.1230,0.4550
542.3570,175.7120,0.9860,458300381000,0.1230,0.4550
542.3140,176.0770,0.9860,458300455200,0.1230,0.4550
542.0570,176.2960,0.9860,458300459000,0.1230,0.4550
542.0140,176.5880,0.9860,458300461200,0.1230,0.4550
541.9290,176.8800,0.9860,458317369000,0.1230,0.4550
541.7570,177.1350,0.9870,458317437100,0.1230,0.4550
541.6290,177.5730,0.9870,458333831200,-0.1220,0.4560
541.5430,177.7920,0.9870,458333892000,-0.1050,0.4550
541.4140,178.0110,0.9870,458333894500,-0.0870,0.4550
541.2430,178.4850,0.9870,458350715900,-0.0520,0.4550
541.1570,178.7040,0.9880,458350774500,-0.0340,0.4550
541.0290,178.9230,0.9880,458366758100,-0.0340,0.4550
540.8140,179.2880,0.9880,458366804400,-0.0340,0.4550
540.8140,179.5070,0.9880,458366806400,-0.0340,0.4550
540.6430,179.7260,0.9880,458366807900,-0.0340,0.4550
540.5140,180.1270,0.9890,458382849200,-0.0340,0.4550
540.3430,180.4920,0.9890,458399116600,-0.0340,0.4550
540.3000,180.8570,0.9900,458399173500,-0.0340,0.4550
540.1290,181.0030,0.9900,458415441600,-0.0340,0.4550
539.8290,181.3310,0.9910,458431717900,-0.0340,0.4550
539.7000,181.5500,0.9910,458431779600,-0.0340,0.4550
539.4000,181.7690,0.9920,458431784300,-0.0340,0.4550
539.1430,181.9880,0.9930,458431786400,-0.0340,0.4550
538.8430,182.2800,0.9930,458447782500,-0.0340,0.4550
538.5430,182.4990,0.9930,458447849600,-0.0340,0.4550
538.2000,182.6810,0.9940,458464808900,0.0000,0.4540
537.9430,182.9000,0.9940,458464875100,0.0000,0.4540
537.5140,183.1190,0.9950,458464878600,0.0000,0.4540
537.0430,183.2650,0.9950,458464880600,0.0000,0.4540
536.7430,183.4110,0.9950,458481022700,0.0000,0.4540
536.4430,183.5570,0.9960,458481099600,0.0000,0.4540
536.1430,183.7030,0.9960,458481103500,0.0000,0.4540
535.8430,183.7760,0.9960,458481105300,0.0000,0.4540
535.5000,184.0310,0.9960,458481107200,0.0000,0.4540
535.1140,184.1770,0.9970,458497142500,0.0000,0.4540
534.8140,184.1770,0.9970,458497202600,0.0000,0.4540
534.4290,184.3960,0.9970,458513194400,0.0000,0.4540
534.1290,184.4690,0.9970,458513304600,0.0000,0.4540
533.7000,184.6150,0.9970,458513354900,0.0000,0.4540
533.1430,184.7610,0.9970,458513359200,0.0000,0.4540
532.6290,184.9070,0.9970,458529539100,0.0000,0.4540
532.2000,185.0530,0.9970,458529605100,0.0000,0.4540
531.6000,185.1990,0.9970,458545519500,0.0000,0.4540
531.0000,185.3450,0.9970,458545593000,0.0000,0.4540
530.4000,185.5270,0.9980,458545596300,0.0000,0.4540
529.8000,185.6730,0.9980,458545601500,0.0000,0.4540
529.2860,185.8190,0.9980,458545603400,0.0000,0.4540
528.5140,185.8920,0.9980,458561751000,0.0000,0.4540
528.0000,186.0380,0.9980,458561813300,0.0000,0.4540
527.3140,186.1110,0.9980,458578654900,0.0000,0.4540
526.8000,186.1840,0.9980,458578720700,0.0000,0.4540
526.3290,186.2570,0.9990,458578724200,0.0000,0.4540
525.8140,186.3300,0.9990,458578726100,0.0000,0.4540
525.3000,186.4030,0.9990,458594895500,0.0000,0.4540
524.9140,186.4760,0.9990,458594966000,0.0000,0.4540
524.5290,186.4760,1.0000,458594979200,0.0000,0.4540
524.1860,186.5490,1.0000,458594981500,0.0000,0.4540
523.8860,186.5490,1.0000,458594983900,0.0000,0.4540
523.5860,186.5490,1.0000,458611212400,0.0000,0.4540
523.0710,186.5490,1.0000,458628166400,0.0350,0.4550
522.5140,186.5490,1.0000,458628231000,0.0700,0.4550
522.3000,186.5490,1.0000,458628233100,0.0880,0.4540
521.9140,186.5490,1.0000,458644176900,0.1050,0.4550
521.3140,186.5490,1.0000,458644244800,0.1050,0.4550
520.8860,186.5490,1.0000,458660765300,0.1230,0.4550
520.5860,186.5490,1.0000,458660827000,0.1230,0.4550
520.2860,186.4760,1.0000,458660829700,0.1230,0.4550
519.6000,186.4030,1.0000,458677662600,0.1230,0.4550
519.3000,186.4030,1.0000,458677754700,0.1230,0.4550
519.0000,186.3300,1.0000,458677759200,0.1230,0.4550
518.4000,186.2570,1.0000,458693763100,0.1230,0.4550
518.1860,186.1840,1.0000,458693823600,0.1230,0.4550
517.7140,186.0380,1.0000,458710620500,0.1230,0.4550
517.5000,185.8920,1.0000,458710675500,0.1230,0.4550
517.0710,185.6730,1.0000,458710678800,0.1230,0.4550
516.8140,185.3450,1.0000,458710680700,0.1230,0.4550
516.6860,185.2720,1.0000,458726747700,0.1230,0.4550
516.3860,184.9800,1.0000,458743655500,0.1230,0.4550
516.0860,184.6880,1.0000,458743721200,0.1230,0.4550
515.8710,184.3230,1.0000,458743727200,0.1230,0.4550
515.5710,183.9220,1.0000,458743729900,0.1230,0.4550
515.2710,183.4840,1.0000,458743731900,0.1230,0.4550
515.0570,182.9730,1.0000,458759672100,0.1230,0.4550
514.7570,182.6810,1.0000,458759734100,0.1230,0.4550
514.4570,182.2070,1.0000,458776588400,0.1230,0.4550
514.2000,181.7690,1.0000,458776673400,0.1230,0.4550
513.9860,181.4040,1.0000,458776678100,0.1230,0.4550
513.6860,180.9300,1.0000,458776680300,0.1230,0.4550
513.5570,180.4190,1.0000,458776682200,0.1230,0.4550
513.2570,179.9810,1.0000,458792734600,0.1230,0.4550
513.0000,179.3610,1.0000,458792797900,0.1230,0.4550
512.8710,178.8500,1.0000,458809739700,0.1230,0.4550
512.6570,178.3030,1.0000,458809803700,0.1230,0.4550
512.4000,177.7190,1.0000,458809806700,0.1230,0.4550
512.4000,176.9890,1.0000,458809809000,0.1230,0.4550
512.2710,176.4420,1.0000,458825745400,0.1230,0.4550
512.1000,175.7120,1.0000,458825817300,0.1230,0.4550
512.0570,174.9460,1.0000,458825821000,0.1230,0.4550
511.9710,174.2160,1.0000,458825857600,0.1230,0.4550
511.8860,173.3040,1.0000,458825865900,0.1230,0.4550
511.6720,172.3190,1.0000,458841847000,0.1230,0.4720
511.5860,171.4430,1.0000,458841909000,0.1230,0.4720
511.5000,170.6770,1.0000,458858816600,0.1230,0.4720
511.2860,170.0930,1.0000,458858871400,0.1230,0.4720
511.2000,169.4000,1.0000,458858875200,0.1230,0.4720
510.9860,168.8160,1.0000,458858877400,0.1230,0.4720
510.8570,168.1960,1.0000,458874903000,0.1230,0.4720
510.6860,167.6850,1.0000,458874964800,0.1230,0.4720
510.5570,167.1740,1.0000,458874967000,0.1230,0.4720
510.3000,166.6270,1.0000,458890982100,0.1230,0.4720
510.1720,166.1890,1.0000,458891066000,0.1230,0.4720
510.0000,165.8970,1.0000,458891070700,0.1230,0.4720
509.8710,165.5690,1.0000,458891072600,0.1230,0.4720
509.7000,165.2770,1.0000,458907220700,0.1230,0.4720
509.5710,164.9850,1.0000,458907291800,0.1230,0.4720
509.1860,164.6930,1.0000,458924135800,0.1230,0.4720
508.8860,164.6200,1.0000,458924213500,0.1230,0.4720
508.7570,164.4740,1.0000,458924217200,0.1230,0.4720
508.4570,164.4010,1.0000,458924219200,0.1230,0.4720
507.6430,164.4010,1.0000,458940168100,0.1230,0.4720
507.0860,164.4740,0.9990,458940233300,0.1230,0.4720
506.4430,164.5470,0.9990,458957102200,0.1230,0.4720
505.8430,164.6930,0.9980,458957163900,0.1230,0.4720
505.1570,164.8390,0.9980,458957167200,0.1230,0.4720
504.5570,164.9850,0.9970,458973378300,0.1230,0.4720
504.0430,165.2770,0.9970,458973552000,0.1230,0.4720
503.4860,165.5690,0.9960,458973556000,0.1230,0.4720
503.0570,165.8970,0.9950,458973557900,0.1230,0.4720
502.5860,166.3350,0.9940,458973559900,0.1230,0.4720
502.2430,166.7000,0.9930,458990308800,0.1230,0.4720
501.9430,167.1740,0.9920,458990381500,0.1230,0.4720
501.6430,167.6120,0.9910,459006546400,0.1230,0.4720
501.5570,168.0500,0.9900,459006616700,0.1230,0.4720
501.4710,168.4150,0.9900,459006620900,0.1230,0.4720
501.5570,168.8160,0.9890,459006623300,0.1230,0.4720
501.8570,169.2540,0.9880,459022580300,0.1230,0.4720
502.2860,169.5460,0.9870,459022655600,0.1230,0.4720
502.7570,169.9110,0.9870,459038589800,0.1230,0.4720
503.3570,170.1660,0.9870,459038659200,0.1230,0.4720
504.3430,170.4580,0.9870,459038662500,0.1230,0.4720
505.2430,170.7500,0.9870,459038664600,0.1230,0.4720
505.9710,170.8960,0.9860,459038666500,0.1230,0.4720
506.7430,170.9690,0.9840,459054835700,0.1230,0.4720
507.3430,170.9690,0.9790,459054889800,0.1230,0.4720
507.8570,171.1150,0.9710,459054892300,0.1230,0.4720
508.4570,171.1150,0.9590,459054896500,0.1230,0.4720
509.0570,171.1150,0.9420,459071728300,0.1230,0.4720
509.6570,171.1150,0.9150,459071807000,0.1230,0.4720
510.2570,171.1150,0.8950,459088287900,0.1230,0.4720
510.8570,170.9690,0.8580,459088416800,0.1230,0.4720
511.4570,170.8960,0.7150,459088422100,0.1230,0.4720
512.4000,170.6770,0.5950,459088441800,0.1230,0.4720
513.3000,170.3850,0.4960,459088446400,0.1230,0.4720
556.8860,154.0390,0.0610,459546692600,-0.1050,0.4550
556.6720,153.7470,0.1970,459562582500,-0.1050,0.4550
556.5430,153.6010,0.2720,459562611700,-0.1050,0.4550
556.3290,153.3820,0.3350,459579625500,-0.1050,0.4550
556.1570,153.1640,0.4540,459595829300,-0.1050,0.4550
556.6720,152.8350,0.6630,459645220000,-0.1050,0.4550
557.0570,152.7620,0.6850,459645253700,-0.1050,0.4550
557.7430,152.6890,0.7060,459645258500,-0.1050,0.4550
558.8570,152.6160,0.7250,459645259200,-0.1050,0.4550
560.1430,152.4700,0.7440,459645260200,-0.1050,0.4550
562.1570,152.3240,0.7610,459661299000,-0.1050,0.4550
564.1720,152.1050,0.7780,459661334500,-0.1050,0.4550
566.2710,151.9590,0.7930,459661335900,-0.1050,0.4550
568.2860,151.7410,0.8080,459677437700,-0.1050,0.4550
569.8710,151.5580,0.8220,459677462300,-0.1050,0.4550
571.2000,151.4120,0.8350,459677463600,0.0880,0.4540
572.2710,151.3390,0.8480,459693427900,0.0880,0.4540
573.3000,151.1930,0.8600,459693460900,0.0880,0.4540
574.1140,151.1200,0.8710,459693461700,0.0880,0.4540
574.8860,151.0470,0.8810,459693462400,0.0880,0.4540
575.4000,150.9740,0.8910,459693462900,0.0880,0.4540
575.9140,150.9010,0.9000,459710406600,0.0880,0.4540
576.3860,150.8280,0.9090,459710442000,0.0880,0.4540
576.7710,150.7550,0.9170,459726441000,0.0880,0.4540
577.1140,150.6090,0.9240,459726496300,0.0880,0.4540
577.4140,150.6090,0.9310,459726499100,0.0880,0.4540
577.8860,150.6090,0.9410,459742517600,0.0880,0.4540
578.1860,150.4640,0.9320,459759562400,0.0880,0.4540
576.6000,150.6090,0.5740,459776547500,0.0880,0.4540
575.5710,150.7550,0.4780,459776627100,0.0880,0.4540
521.9140,197.8590,0.7310,460276310400,0.0880,0.4030
521.9140,198.3340,0.7850,460276346900,0.0880,0.4030
522.0000,198.5530,0.8090,460276348100,0.0880,0.4030
522.0000,198.9180,0.8320,460276348900,0.0880,0.4030
522.1710,199.2090,0.8530,460292320000,0.0880,0.4030
522.3000,199.7570,0.8720,460292352600,0.0880,0.4030
522.3860,200.1950,0.8890,460309322300,0.0880,0.4030
522.6000,200.7050,0.9050,460309350900,0.0880,0.4030
522.7710,201.1070,0.9200,460309360500,0.0880,0.4030
522.7710,201.4720,0.9330,460309361600,0.0880,0.4030
522.8140,201.8360,0.9430,460325403800,0.0880,0.4030
522.9000,202.0550,0.9510,460325434100,0.0880,0.4030
522.9860,202.3110,0.9540,460325434900,0.0880,0.4030
523.0710,202.8950,0.9070,460341506700,0.0880,0.4030
522.8140,203.1130,0.5970,460357580100,0.0880,0.4030
477.9430,141.1590,0.0130,461178639600,0.0000,0.4190
477.9000,140.8680,0.0400,461178669700,0.0000,0.4190
477.9000,140.3200,0.1090,461195522200,0.0000,0.4190
477.7290,140.0280,0.1450,461195557000,0.0000,0.4190
477.9000,139.4450,0.2150,461211538800,0.0000,0.4190
477.9000,139.1530,0.2490,461211581800,0.0000,0.4190
477.9000,138.8240,0.2820,461211582900,0.0000,0.4190
477.9430,138.2410,0.3440,461227989000,0.0000,0.4360
477.9430,137.8760,0.3740,461228013400,0.0000,0.4540
477.9430,137.5470,0.4030,461244021700,0.0000,0.4540
478.0290,136.9640,0.4580,461244050000,0.0000,0.4540
477.9430,136.6720,0.4840,461244051000,0.0000,0.4540
478.0290,136.3800,0.5090,461260032600,0.0000,0.4540
478.0290,135.7590,0.5570,461260064800,0.0000,0.4540
478.0290,135.4680,0.5800,461276110300,0.0000,0.4540
478.0290,135.1760,0.6030,461276142800,0.0000,0.4540
478.0290,134.7010,0.6480,461276144100,0.0000,0.4710
478.0290,134.2640,0.6880,461292283500,0.0000,0.4710
477.9430,133.8260,0.7240,461292309800,0.0000,0.4710
478.0290,133.5340,0.7540,461308483600,0.0000,0.4710
477.9430,133.1320,0.8000,461324488700,0.0000,0.4710
477.9430,134.2640,0.8440,461358419200,0.0000,0.4710
478.0290,134.8470,0.8510,461358470100,0.0000,0.4710
478.1140,135.5410,0.8570,461358473000,0.0000,0.4710
478.2000,136.1970,0.8640,461375408000,0.0000,0.4710
478.2430,137.3280,0.8700,461375471200,0.0000,0.4710
478.4140,138.4600,0.8760,461392398000,0.0000,0.4710
478.5000,139.6640,0.8820,461392448700,0.0000,0.4710
478.5430,140.8680,0.8880,461392452600,0.0000,0.4710
478.6290,142.1450,0.8930,461392454800,0.0000,0.4710
478.7140,143.4220,0.8990,461392456700,0.0000,0.4710
478.7140,144.7720,0.9040,461408668800,0.0000,0.4710
478.8000,146.0120,0.9090,461408733000,0.0000,0.4710
478.8430,147.3620,0.9140,461408735600,0.0000,0.4710
478.8430,148.6390,0.9190,461408737000,0.0000,0.4710
478.8430,149.8430,0.9230,461425606700,0.0000,0.4710
478.8430,151.0470,0.9270,461425691200,0.0000,0.4710
478.8000,152.1780,0.9310,461441593200,0.0000,0.4710
478.8430,153.3090,0.9350,461441728000,0.0000,0.4710
478.8000,154.1850,0.9380,461441730800,0.0180,0.4730
478.7140,155.0970,0.9410,461441732300,0.0360,0.4720
478.7140,155.9360,0.9430,461441733700,0.0530,0.4730
478.7140,156.7390,0.9460,461458596700,0.0710,0.4730
478.7140,157.5780,0.9480,461458672000,0.0880,0.4720
478.8000,158.6730,0.9500,461474765300,0.0880,0.4720
478.8430,159.8770,0.9520,461474820500,0.0880,0.4720
478.8430,160.9350,0.9530,461474822900,0.0880,0.4720
479.0140,162.0660,0.9550,461474824500,0.0880,0.4720
479.1000,163.0510,0.9560,461474826000,0.1050,0.4710
479.1000,163.9270,0.9580,461490860300,0.1050,0.4710
479.1000,164.6930,0.9590,461507843900,0.1050,0.4710
479.1430,165.4960,0.9600,461507907300,0.1050,0.4710
479.1430,166.1890,0.9620,461507909700,0.1050,0.4710
479.2290,167.0650,0.9630,461507911400,0.1050,0.4710
479.3140,167.7580,0.9640,461507912900,0.1050,0.4710
479.3140,168.4880,0.9650,461524762500,0.1050,0.4710
479.3140,169.2540,0.9670,461524856500,0.1050,0.4710
479.3140,169.9110,0.9680,461524860900,0.1050,0.4710
479.3140,170.6770,0.9690,461524862900,0.1050,0.4710
479.3140,171.3700,0.9700,461540830800,0.1050,0.4710
479.3140,172.1000,0.9720,461540894500,0.1050,0.4710
479.3140,172.8660,0.9730,461540897600,0.1050,0.4710
479.3140,173.5230,0.9740,461557091200,0.1050,0.4710
479.2290,174.2890,0.9750,461557153600,0.1050,0.4710
479.2290,174.9460,0.9750,461557158000,0.1050,0.4710
479.2290,175.6390,0.9770,461557159500,0.1050,0.4710
479.1430,176.3690,0.9780,461574030000,0.1230,0.4720
479.2290,176.9890,0.9790,461574119500,0.1230,0.4720
479.1430,177.7190,0.9800,461574125100,0.1230,0.4720
479.1430,178.3030,0.9810,461590412800,0.1230,0.4720
479.2290,178.9960,0.9810,461590474000,0.1230,0.4720
479.2290,179.5800,0.9820,461590477700,0.1230,0.4720
479.2290,180.2000,0.9830,461606684500,0.1230,0.4720
479.2290,180.8570,0.9840,461606747400,0.1230,0.4720
479.3140,181.4040,0.9850,461606750800,0.1230,0.4720
479.2290,181.9150,0.9860,461606752900,0.1230,0.4720
479.1430,182.4990,0.9880,461623232400,0.1230,0.4720
479.1430,182.9730,0.9900,461623286000,0.1230,0.4720
479.1430,183.4110,0.9910,461623288700,0.1230,0.4720
479.0140,183.9220,0.9930,461640239000,0.1230,0.4720
478.8430,184.3960,0.9950,461640302400,0.1230,0.4720
478.8430,184.7610,0.9970,461640304700,0.1230,0.4720
478.8430,185.1260,0.9980,461640306400,0.1230,0.4720
478.8430,185.5270,1.0000,461657290700,0.1230,0.4720
478.8000,185.8190,1.0000,461657353600,0.1230,0.4720
478.7140,186.1110,1.0000,461673453100,0.1230,0.4720
478.7140,186.5490,1.0000,461673516900,0.1230,0.4720
478.6290,186.9500,1.0000,461673520200,0.1230,0.4720
478.5430,187.4610,1.0000,461689605300,0.1230,0.4720
478.5000,187.6800,1.0000,461689704900,0.1230,0.4720
478.5000,188.1180,1.0000,461689708900,0.1230,0.4720
478.4140,188.3730,1.0000,461705598400,0.1230,0.4720
478.3280,188.7380,1.0000,461705650200,0.1230,0.4720
478.2000,189.1760,1.0000,461721810000,0.1230,0.4720
478.0290,189.3220,1.0000,461721862900,0.1230,0.4720
477.6430,189.7230,1.0000,461738747600,0.1230,0.4720
477.3430,189.9420,1.0000,461738812800,0.1230,0.4720
477.0000,190.1610,1.0000,461754891300,0.1230,0.4720
476.6140,190.4530,1.0000,461755110000,0.1230,0.4720
476.2290,190.6720,1.0000,461755113700,0.1230,0.4720
475.8000,190.8910,1.0000,461755115800,0.1230,0.4720
475.2860,191.0730,1.0000,461770954900,0.1230,0.4720
474.8140,191.2920,1.0000,461771025700,0.1230,0.4720
474.3860,191.5110,1.0000,461771029600,0.1230,0.4720
473.7860,191.6570,1.0000,461787432200,0.1230,0.4720
473.3140,191.8760,1.0000,461787492800,0.1230,0.4720
472.7140,192.0220,1.0000,461787495900,0.1230,0.4720
472.1140,192.1680,1.0000,461787497900,0.1230,0.4720
471.6000,192.4230,1.0000,461804401500,0.1230,0.4720
470.9140,192.5690,1.0000,461804476100,0.1230,0.4720
470.3140,192.5690,1.0000,461804480400,0.1230,0.4720
469.2860,192.8610,1.0000,461804484100,0.1230,0.4720
468.5140,193.0070,1.0000,461820501800,0.1230,0.4720
467.7000,193.0800,1.0000,461820548800,0.1230,0.4720
467.1000,193.2260,1.0000,461820551100,0.1230,0.4720
466.3710,193.2990,1.0000,461836674100,0.1230,0.4720
465.6860,193.3720,1.0000,461836762500,0.1230,0.4720
465.0000,193.5180,1.0000,461836766400,0.1230,0.4720
464.2710,193.5910,1.0000,461836769000,0.1230,0.4720
463.5860,193.6640,1.0000,461853275000,0.1230,0.4720
462.8140,193.7360,1.0000,461853378400,0.1230,0.4720
462.0860,193.9190,1.0000,461869140000,0.1230,0.4720
461.4000,194.0650,1.0000,461869204100,0.1230,0.4720
460.7140,194.1380,1.0000,461869206400,0.1230,0.4720
460.0710,194.2110,1.0000,461869208300,0.1230,0.4720
459.3000,194.3570,1.0000,461869209700,0.1230,0.4720
458.5710,194.5030,1.0000,461885240700,0.1230,0.4720
457.8860,194.5760,1.0000,461885308800,0.1230,0.4720
457.2000,194.6490,1.0000,461901588100,0.1230,0.4720
456.4710,194.7220,1.0000,461901658400,0.1230,0.4720
455.7000,194.8680,1.0000,461901662100,0.1230,0.4720
454.8860,194.9410,1.0000,461901664200,0.1230,0.4720
454.2860,194.9410,1.0000,461901667800,0.1230,0.4720
453.6860,194.9410,1.0000,461917679300,0.1230,0.4720
452.9570,195.0860,1.0000,461917745100,0.1230,0.4720
452.4000,195.1590,1.0000,461933766300,0.1230,0.4720
451.6720,195.2690,1.0000,461933869900,0.1230,0.4720
450.9860,195.2690,1.0000,461933875300,0.1230,0.4720
450.3430,195.3420,1.0000,461933877600,0.1230,0.4720
449.6570,195.4150,1.0000,461950652100,0.1230,0.4720
449.1430,195.4150,1.0000,461950777700,0.1230,0.4720
448.5430,195.4150,1.0000,461966819600,0.1230,0.4720
447.9860,195.4150,1.0000,461966878900,0.1230,0.4720
447.5570,195.4150,1.0000,461966881400,0.1230,0.4720
447.0860,195.4150,1.0000,461966883000,0.1230,0.4720
446.5710,195.4150,1.0000,461966884600,0.1230,0.4720
446.1430,195.4150,1.0000,461982815000,0.1230,0.4720
445.6710,195.3420,1.0000,461982884100,0.1230,0.4720
445.2430,195.3420,1.0000,461982887700,0.1230,0.4720
444.7710,195.2690,1.0000,461999814600,0.1230,0.4720
444.3860,195.1590,1.0000,461999878600,0.1230,0.4720
443.7430,195.0860,1.0000,462016761200,0.1230,0.4720
443.4430,194.9410,1.0000,462016823000,0.1230,0.4720
443.1430,194.9410,1.0000,462016826200,0.1230,0.4720
442.5430,194.7950,1.0000,462016828500,0.1230,0.4720
442.2430,194.7220,1.0000,462033762400,0.1230,0.4720
441.9430,194.6490,1.0000,462033852000,0.1230,0.4720
441.4290,194.5760,1.0000,462049868300,0.1230,0.4720
441.1290,194.5030,1.0000,462049934600,0.1230,0.4720
440.6570,194.3570,1.0000,462049938300,0.1230,0.4720
440.3570,194.2840,1.0000,462066032300,0.1230,0.4720
439.9290,194.1380,1.0000,462082292200,0.1230,0.4720
439.6710,193.9920,1.0000,462082356100,0.1230,0.4720
439.3710,193.7360,1.0000,462082358500,0.1230,0.4720
439.1570,193.6640,1.0000,462082360100,0.1230,0.4720
438.7290,193.3720,1.0000,462099291700,0.1230,0.4720
438.4290,193.1530,1.0000,462099355500,0.1230,0.4720
438.1290,192.9340,1.0000,462099365200,0.1230,0.4720
437.8710,192.5690,1.0000,462116198000,0.1230,0.4720
437.6570,192.3140,1.0000,462116310000,0.1230,0.4720
437.4430,192.0220,1.0000,462116316300,0.1230,0.4720
437.1430,191.6570,1.0000,462132446400,0.1230,0.4720
436.9290,191.3650,1.0000,462132510500,0.1230,0.4720
436.8430,190.8910,1.0000,462132512900,0.1230,0.4720
436.6720,190.5260,1.0000,462132514300,0.1230,0.4720
436.6720,190.0880,1.0000,462148653800,0.1230,0.4720
436.6290,189.6500,1.0000,462148728200,0.1230,0.4720
436.6720,189.1030,1.0000,462148733400,0.1230,0.4720
436.8430,188.4460,1.0000,462164676100,0.1230,0.4720
436.9290,187.7530,1.0000,462164736500,0.1230,0.4720
437.1430,187.0960,1.0000,462164739700,0.1230,0.4720
437.2710,186.4760,1.0000,462164742000,0.1230,0.4720
437.5290,185.8920,1.0000,462181747500,0.1230,0.4720
437.6570,185.2720,1.0000,462181796600,0.1230,0.4720
437.8710,184.6880,1.0000,462181798700,0.1230,0.4720
438.0430,184.1770,1.0000,462181800000,0.1230,0.4720
438.1290,183.7030,1.0000,462197810100,0.1230,0.4720
438.1290,183.3380,1.0000,462197853700,0.1230,0.4720
438.2570,182.9730,1.0000,462213862100,0.1230,0.4720
438.2570,182.7540,0.9820,462213906300,0.1230,0.4720
438.2570,182.3530,0.7310,462213909200,0.1230,0.4720
444.0430,180.5650,0.2330,462398413100,0.1050,0.4710
443.6570,180.4190,0.4430,462414491200,0.1050,0.4710
443.4430,180.2730,0.5410,462431494600,0.1050,0.4710
443.2290,180.1270,0.6080,462431546700,0.1230,0.4720
443.5710,179.5800,0.7080,462464753600,0.1230,0.4720
444.0430,179.3610,0.7240,462464783700,0.1230,0.4720
444.6860,179.2150,0.7380,462464784600,0.1230,0.4720
445.5860,178.9230,0.7520,462464785200,0.1230,0.4720
446.4860,178.7040,0.7660,462480808000,0.1230,0.4720
447.6430,178.4120,0.7780,462480827700,0.1230,0.4720
448.8430,178.1570,0.7900,462496825800,0.1230,0.4720
449.8710,177.9380,0.8010,462496856800,0.1230,0.4720
450.9430,177.7190,0.8120,462496858100,0.1230,0.4720
451.8000,177.5000,0.8230,462496858800,0.1230,0.4720
452.4000,177.3540,0.8340,462496859600,0.1230,0.4720
453.0000,177.2810,0.8440,462512923800,0.1230,0.4720
453.5570,177.1350,0.8550,462512974700,0.1230,0.4720
453.9000,176.9890,0.8660,462529536800,0.1230,0.4720
454.4570,176.8070,0.8770,462529590500,0.1230,0.4720
454.7570,176.5880,0.8870,462529592800,0.1230,0.4720
455.0570,176.4420,0.8970,462529594500,0.1230,0.4720
455.2710,176.2960,0.9060,462546421800,0.1230,0.4720
455.4000,176.0770,0.9150,462546480900,0.1230,0.4720
455.5710,175.7850,0.9230,462562434300,0.1230,0.4720
455.7860,175.3840,0.9370,462562480700,0.1230,0.4720
455.7860,175.1650,0.9430,462562482300,0.1230,0.4720
455.5710,174.5810,0.9540,462579392800,0.1230,0.4720
455.4860,174.1070,0.9580,462579428200,0.1230,0.4720
455.1000,173.6690,0.9630,462579429900,0.1230,0.4720
454.8000,173.2310,0.9670,462579431000,0.1230,0.4720
454.2860,172.6110,0.9700,462579432000,0.1230,0.4720
453.6000,172.0270,0.9730,462595677400,0.1230,0.4720
452.7860,171.4430,0.9780,462595730700,0.1230,0.4720
452.0570,170.8230,0.9800,462612675500,0.1230,0.4720
450.6860,170.0930,0.9820,462612744600,0.1230,0.4720
449.1860,169.2540,0.9840,462612747300,0.1230,0.4720
447.6430,168.5970,0.9850,462612749300,0.1230,0.4720
446.4430,168.0500,0.9870,462628814600,0.1230,0.4720
445.2860,167.5390,0.9880,462628871900,0.1230,0.4720
444.3430,167.1740,0.9890,462628873900,0.1230,0.4720
443.4430,166.7730,0.9900,462645801900,0.1230,0.4720
442.6720,166.4080,0.9910,462645855000,0.1230,0.4720
442.0710,166.1160,0.9920,462645856800,0.1230,0.4720
441.4710,165.8970,0.9920,462645857900,0.1230,0.4720
441.0430,165.7150,0.9930,462662845000,0.1230,0.4720
440.6570,165.4960,0.9930,462662892600,0.1230,0.4720
440.4430,165.2770,0.9930,462662894300,0.1230,0.4720
440.3570,164.9850,0.9930,462662895600,0.1230,0.4720
440.5290,164.4740,0.9930,462679735200,0.1230,0.4720
440.9570,163.9270,0.9930,462679782900,0.1230,0.4720
441.7710,163.3430,0.9920,462695801100,0.1230,0.4720
442.6720,162.7960,0.9920,462695849200,0.1230,0.4720
444.0860,161.9200,0.9920,462695851700,0.1230,0.4720
445.6710,161.1540,0.9930,462695853100,0.1230,0.4720
447.0430,160.3510,0.9930,462711855100,0.1230,0.4720
448.2860,159.7310,0.9940,462711908500,0.1230,0.4720
449.3570,159.1470,0.9950,462727879900,0.1230,0.4720
450.0430,158.6000,0.9960,462727933600,0.1230,0.4720
450.7710,158.1620,0.9970,462727935800,0.1230,0.4720
451.3710,157.7240,0.9980,462727937000,0.1230,0.4720
452.0570,157.4320,0.9990,462727938100,0.1230,0.4720
452.4860,157.1040,1.0000,462744775700,0.1230,0.4720
453.0000,156.8120,1.0000,462744836500,0.1230,0.4720
453.5570,156.5200,1.0000,462760868300,0.1230,0.4720
453.9860,156.3010,1.0000,462760932700,0.1230,0.4720
454.5000,156.0090,1.0000,462760936100,0.1230,0.4720
454.8860,155.6810,1.0000,462760938600,0.1230,0.4720
455.4860,155.3890,1.0000,462777593200,0.1230,0.4720
455.7860,155.2430,1.0000,462777654200,0.1230,0.4720
456.1710,155.0240,1.0000,462777657000,0.1230,0.4720
456.6000,154.7320,1.0000,462777658600,0.1230,0.4720
457.0710,154.4040,1.0000,462793639200,0.1230,0.4720
457.5000,154.1120,1.0000,462810567400,0.1230,0.4720
457.8860,153.8930,1.0000,462810610600,0.1230,0.4720
458.4860,153.6010,0.9400,462843043300,0.1230,0.4720
458.4860,153.6740,0.9090,462843095200,0.1050,0.4710
458.7860,154.0390,0.7170,462843098300,0.1050,0.4550
458.8710,154.1850,0.5970,462843099400,0.0880,0.4540
459.0000,154.4040,0.4980,462859105200,0.0700,0.4550
395.7860,179.5800,0.0120,463812769400,0.1750,0.4550
395.8710,179.2150,0.0950,463828808300,0.1750,0.4550
395.8710,178.9230,0.1970,463845038300,-0.1750,0.4550
395.7860,178.4850,0.3370,463861407400,-0.1220,0.4560
395.8710,178.1570,0.4540,463878435500,-0.0700,0.4550
395.8710,177.7920,0.6000,463894495600,-0.0340,0.4550
395.6570,178.7770,0.8180,463958818200,-0.0340,0.4550
395.5710,179.1420,0.8380,463958849400,-0.0340,0.4550
395.4860,179.5800,0.8540,463974925200,-0.0340,0.4550
395.4860,179.8350,0.8610,463974961200,-0.0340,0.4550
395.4000,180.1270,0.8680,463974962600,-0.0340,0.4550
395.4000,180.7110,0.8790,463991041200,-0.0340,0.4550
395.3570,181.0760,0.8840,463991072700,-0.0340,0.4550
395.3570,181.4040,0.8890,464007057700,-0.0340,0.4550
395.3570,182.0610,0.8980,464007085100,-0.0340,0.4550
395.2710,182.3530,0.9020,464007085900,-0.0340,0.4550
395.2710,182.7540,0.9060,464007086600,-0.0340,0.4550
395.1860,182.9730,0.9100,464024038600,-0.0340,0.4550
395.1000,183.4110,0.9140,464024069800,-0.0340,0.4550
394.9710,184.1040,0.9210,464040128200,-0.0340,0.4550
394.9710,184.3960,0.9250,464040157800,-0.0340,0.4550
394.8860,184.8340,0.9280,464040158800,-0.0340,0.4550
394.8430,185.2720,0.9310,464056147000,-0.0340,0.4550
394.7570,185.6000,0.9330,464056210300,-0.0340,0.4550
394.6710,185.9650,0.9360,464073169400,-0.0340,0.4550
394.5860,186.5490,0.9410,464073234000,-0.0340,0.4550
394.5860,186.8770,0.9430,464073236500,-0.0340,0.4550
394.5430,187.1690,0.9440,464073238500,-0.0340,0.4550
394.3710,187.6800,0.9480,464089483700,-0.0340,0.4550
394.3710,187.9720,0.9490,464106461000,-0.0340,0.4550
394.2430,188.5190,0.9520,464106528500,-0.0340,0.4550
394.2430,188.7380,0.9530,464106532400,-0.0340,0.4550
394.0710,189.1760,0.9550,464122608600,-0.0340,0.4550
394.0710,189.5400,0.9570,464122669400,-0.0340,0.4550
393.9860,189.7960,0.9580,464122674600,-0.0340,0.4550
393.7710,190.1610,0.9600,464138617500,-0.0340,0.4550
393.7710,190.3800,0.9620,464154957200,-0.0340,0.4550
393.6430,190.7450,0.9640,464155023700,-0.0340,0.4550
393.4710,191.0000,0.9660,464155027100,-0.0340,0.4550
393.3430,191.2920,0.9690,464170941300,0.0350,0.4550
393.1710,191.6570,0.9710,464188028600,0.0350,0.4550
393.0430,191.8030,0.9720,464188319200,0.0350,0.4550
392.7860,192.0950,0.9740,464188344600,0.0350,0.4550
392.5710,192.4230,0.9770,464204936600,0.0350,0.4550
392.4430,192.5690,0.9780,464205025200,0.0350,0.4550
392.1430,192.7880,0.9800,464221309600,0.0350,0.4550
391.8860,192.9340,0.9810,464221443000,0.0350,0.4550
391.7570,193.0800,0.9820,464237757000,0.0530,0.4550
391.4570,193.2260,0.9840,464237838000,0.0700,0.4550
391.0710,193.4450,0.9860,464237852200,0.0880,0.4540
390.6860,193.6640,0.9870,464237855400,0.0880,0.4540
390.1720,193.7360,0.9880,464254921700,0.0880,0.4540
389.7430,193.9920,0.9890,464254998800,0.0880,0.4540
389.2710,194.0650,0.9900,464255003400,0.0880,0.4540
388.7570,194.2840,0.9910,464255007200,0.0880,0.4540
388.2430,194.4300,0.9910,464270934000,0.0880,0.4540
387.7710,194.5760,0.9920,464271010900,0.1050,0.4550
387.2570,194.6490,0.9930,464287110400,0.1050,0.4550
386.6570,194.7950,0.9930,464287178300,0.1050,0.4550
386.2290,194.9410,0.9940,464287182500,0.1050,0.4550
385.7570,195.0860,0.9940,464287184200,0.1050,0.4550
385.3290,195.1590,0.9940,464287186400,0.1230,0.4550
384.7710,195.3420,0.9950,464303277200,0.1230,0.4550
384.2570,195.4150,0.9950,464303377400,0.1230,0.4550
383.8710,195.5610,0.9950,464319269700,0.1230,0.4550
383.5290,195.6340,0.9950,464319339300,0.1230,0.4550
383.1430,195.7070,0.9960,464319342300,0.1230,0.4550
382.8430,195.7800,0.9960,464319344100,0.1230,0.4550
382.5430,195.8530,0.9960,464335520400,0.1230,0.4550
382.1570,195.9260,0.9960,464335618700,0.1230,0.4550
381.7710,195.9990,0.9960,464351804400,0.1230,0.4550
381.4710,195.9990,0.9970,464351871800,0.1230,0.4550
381.1710,196.0720,0.9970,464351874300,0.1230,0.4550
380.7430,196.1450,0.9970,464351876200,0.1230,0.4550
380.2710,196.2910,0.9970,464351877700,0.1230,0.4550
379.9290,196.2910,0.9970,464368821800,0.1230,0.4550
379.4570,196.3640,0.9970,464368894000,0.1230,0.4550
379.1570,196.3640,0.9980,464368897200,0.1230,0.4550
378.8570,196.4360,0.9980,464368899000,0.1230,0.4550
378.2140,196.5090,0.9990,464384851800,0.1230,0.4550
377.9140,196.5090,0.9990,464401137800,0.1230,0.4550
377.6140,196.6190,1.0000,464401200500,0.1230,0.4550
377.0140,196.6190,1.0000,464401206300,0.1230,0.4550
376.6290,196.6190,1.0000,464401207800,0.1230,0.4550
376.3290,196.6190,1.0000,464417159200,0.1230,0.4550
375.7290,196.6190,1.0000,464433162900,0.1230,0.4550
375.4290,196.6190,1.0000,464433210700,0.1230,0.4550
375.1290,196.6190,1.0000,464433213200,0.1230,0.4550
374.5290,196.6190,1.0000,464433214900,0.1230,0.4550
374.2290,196.5090,1.0000,464449236200,0.1230,0.4550
373.6290,196.4360,1.0000,464465312600,0.1230,0.4550
373.3280,196.3640,1.0000,464465403000,0.1230,0.4550
373.0290,196.2910,1.0000,464465408000,0.1400,0.4550
372.7290,196.1450,1.0000,464465410500,0.1400,0.4550
372.2570,195.9990,1.0000,464465412600,0.1570,0.4550
371.9140,195.8530,1.0000,464481584900,0.1570,0.4550
371.4430,195.5610,1.0000,464481681300,0.1570,0.4550
371.0140,195.3420,1.0000,464497652400,0.1570,0.4550
370.7140,194.9410,1.0000,464497724800,0.1570,0.4550
370.3290,194.7220,1.0000,464497728200,0.1570,0.4550
369.9000,194.3570,1.0000,464497730500,0.1570,0.4550
369.6000,194.0650,1.0000,464514722100,0.1570,0.4550
369.3000,193.5910,1.0000,464514789600,0.1570,0.4550
369.0000,193.2260,1.0000,464514792400,0.1570,0.4550
368.6140,192.8610,1.0000,464530799800,0.1570,0.4550
368.3140,192.4230,1.0000,464530883200,0.1570,0.4550
368.1000,192.0220,1.0000,464530887600,0.1570,0.4550
367.8000,191.6570,1.0000,464530890000,0.1570,0.4550
367.4140,191.2920,1.0000,464546881400,0.1570,0.4550
367.2430,190.8180,1.0000,464546960800,0.1570,0.4550
367.0290,190.4530,1.0000,464563816400,0.1570,0.4550
366.8140,190.0880,1.0000,464563885600,0.1570,0.4550
366.6000,189.7230,1.0000,464563889100,0.1570,0.4550
366.3430,189.3220,1.0000,464563900200,0.1570,0.4550
366.2140,188.9570,1.0000,464563902500,0.1570,0.4550
366.0000,188.6650,1.0000,464580059300,0.1570,0.4550
365.8280,188.3730,1.0000,464580124800,0.1570,0.4550
365.7430,188.1180,1.0000,464580127600,0.1570,0.4550
365.6140,187.7530,1.0000,464580129400,0.1570,0.4550
365.3140,187.3880,1.0000,464596527200,0.1570,0.4550
365.1000,187.1690,1.0000,464612613900,0.1570,0.4550
364.9290,186.6950,1.0000,464612680700,0.1570,0.4550
364.8000,186.5490,1.0000,464612683100,0.1570,0.4550
364.6290,186.3300,1.0000,464612684900,0.1570,0.4550
364.4140,185.9650,1.0000,464629579100,0.1570,0.4550
364.3280,185.7460,1.0000,464645768500,0.1570,0.4550
364.1140,185.3450,1.0000,464645834000,0.1570,0.4550
363.9430,185.1260,1.0000,464645836800,0.1570,0.4550
363.7290,184.7610,1.0000,464661984900,0.1570,0.4550
363.6000,184.5420,1.0000,464662079400,0.1570,0.4550
363.3430,184.1770,1.0000,464678059000,0.1570,0.4550
363.2140,183.8490,1.0000,464678125600,0.1570,0.4550
363.0430,183.7030,1.0000,464695078100,0.1570,0.4550
362.9140,183.4840,1.0000,464695144900,0.1570,0.4550
362.7000,183.2650,1.0000,464712038200,0.1570,0.4550
362.6140,182.9730,1.0000,464712106200,0.1570,0.4550
362.4000,182.9000,1.0000,464728247800,0.1570,0.4550
361.9290,182.9000,1.0000,464746502400,0.1570,0.4550
361.5860,183.1190,1.0000,464762342300,0.1570,0.4550
361.2000,183.3380,1.0000,464778551100,0.1570,0.4550
361.0290,183.5570,1.0000,464778616800,0.1570,0.4550
360.9000,183.7030,1.0000,464778619600,0.1570,0.4550
360.6860,183.9220,1.0000,464794601500,0.1570,0.4550
360.3000,184.1770,1.0000,464794681800,0.1570,0.4550
360.0860,184.6150,1.0000,464810672100,0.1570,0.4550
359.7860,184.9800,1.0000,464810745100,0.1570,0.4550
359.4860,185.3450,1.0000,464810747800,0.1570,0.4550
359.2290,185.7460,1.0000,464810750800,0.1570,0.4550
358.8860,186.1110,1.0000,464810752400,0.1570,0.4550
358.6290,186.4760,1.0000,464827617200,0.1570,0.4550
358.3280,186.9500,1.0000,464827717900,0.1570,0.4550
358.1140,187.3880,1.0000,464843809000,0.1570,0.4550
357.8140,187.7530,1.0000,464843876200,0.1750,0.4550
357.5140,188.2270,1.0000,464843878900,0.1750,0.4550
357.3000,188.5920,1.0000,464843880500,0.1750,0.4550
357.0860,188.9570,1.0000,464843882200,0.1750,0.4550
356.8280,189.3950,1.0000,464860148000,0.1750,0.4550
356.6140,189.7960,1.0000,464860228500,0.1750,0.4550
356.4000,190.0880,1.0000,464876222400,0.1750,0.4550
356.2290,190.4530,1.0000,464876287500,0.1750,0.4550
356.1000,190.7450,1.0000,464876290800,0.1750,0.4550
355.9290,191.0000,1.0000,464876292900,0.1750,0.4550
355.8000,191.2920,1.0000,464892405100,0.1750,0.4550
355.5000,191.6570,1.0000,464892470900,0.1750,0.4550
355.3290,192.0220,1.0000,464892473400,0.1750,0.4550
355.0290,192.4230,1.0000,464908606000,0.1750,0.4550
354.8140,192.7880,1.0000,464908674200,0.1750,0.4550
354.6000,193.1530,1.0000,464908677900,0.1750,0.4550
354.2140,193.5180,1.0000,464908680000,0.1750,0.4550
354.0860,193.7360,1.0000,464924654200,0.1750,0.4550
353.8710,194.1380,1.0000,464924720500,0.1750,0.4550
353.5710,194.3570,1.0000,464941605100,0.1750,0.4550
353.3140,194.5760,1.0000,464941684200,0.1750,0.4550
353.0140,194.7950,1.0000,464941688300,0.1750,0.4550
352.9710,194.9410,1.0000,464941690900,0.1750,0.4550
352.7140,195.1590,1.0000,464941695800,0.1750,0.4550
352.5000,195.3420,1.0000,464957818400,0.1750,0.4550
352.2000,195.4880,1.0000,464957884900,0.1750,0.4550
351.9860,195.5610,1.0000,464957888000,0.1750,0.4550
351.7710,195.7070,1.0000,464957889900,0.1750,0.4550
351.4710,195.8530,1.0000,464973894600,0.1750,0.4550
351.2140,195.9990,1.0000,464973962400,0.1750,0.4550
350.7000,196.1450,1.0000,464990009400,0.1750,0.4550
350.3140,196.2910,1.0000,464990074600,0.1750,0.4550
349.8000,196.4360,1.0000,464990077300,0.1750,0.4550
349.2860,196.6190,1.0000,464990079300,0.1750,0.4550
348.7710,196.7650,1.0000,464990080800,0.1750,0.4550
348.2140,196.9110,1.0000,465006086900,0.1750,0.4550
347.7000,196.9840,1.0000,465006165600,0.1750,0.4550
347.1860,197.1300,1.0000,465023085300,0.1750,0.4550
346.6720,197.2030,1.0000,465023171100,0.1930,0.4550
346.2860,197.2760,1.0000,465023176000,0.1930,0.4550
345.8570,197.3490,1.0000,465023178100,0.1930,0.4550
345.5570,197.3490,1.0000,465039020400,0.1930,0.4550
344.9570,197.3490,1.0000,465039063200,0.1930,0.4550
344.6570,197.3490,1.0000,465055142300,0.1930,0.4550
344.1000,197.2030,1.0000,465055177700,0.1930,0.4550
343.8000,197.0570,1.0000,465055179300,0.1930,0.4550
343.4570,196.9110,1.0000,465071135700,0.1930,0.4550
343.0710,196.6920,1.0000,465071174300,0.1930,0.4550
342.6000,196.3640,1.0000,465087208600,0.1930,0.4550
342.2570,196.0720,1.0000,465087252600,0.1930,0.4550
341.8710,195.7800,1.0000,465087254500,0.1930,0.4550
341.4860,195.4150,1.0000,465087255900,0.1930,0.4550
341.0570,195.0860,1.0000,465087257200,0.1930,0.4550
340.7570,194.7950,1.0000,465103964700,0.1930,0.4550
340.3710,194.4300,1.0000,465104044600,0.1930,0.4550
340.0710,194.1380,1.0000,465120945100,0.1930,0.4550
339.7710,193.7360,1.0000,465121023500,0.1930,0.4550
339.5570,193.5180,1.0000,465121027800,0.1930,0.4550
339.2570,193.2260,1.0000,465121030100,0.1930,0.4550
339.0860,192.9340,1.0000,465138022400,0.1930,0.4550
338.8710,192.7150,1.0000,465138156500,0.1930,0.4550
338.6570,192.4960,1.0000,465138159600,0.1930,0.4550
338.5710,192.1680,1.0000,465138162000,0.1930,0.4550
338.4860,191.8760,1.0000,465138164200,0.1930,0.4550
338.3570,191.5840,1.0000,465154089300,0.1930,0.4550
338.1860,191.0730,1.0000,465170499500,0.1930,0.4550
338.0570,190.7450,1.0000,465170569900,0.1930,0.4550
337.8860,190.4530,1.0000,465170573600,0.1930,0.4550
337.7570,189.9420,1.0000,465170576000,0.1930,0.4550
337.5860,189.7230,1.0000,465187493800,0.1930,0.4550
337.3710,189.2490,1.0000,465203646400,0.1930,0.4550
337.2430,189.1030,1.0000,465203716300,0.1930,0.4550
336.9860,188.7380,1.0000,465203720000,0.1930,0.4550
336.8570,188.5920,1.0000,465203722200,0.1930,0.4550
336.6860,188.3000,1.0000,465219815700,0.1930,0.4550
336.3430,188.1180,1.0000,465236404800,0.1930,0.4550
336.0860,188.0450,0.9990,465252250900,0.1930,0.4550
335.6570,188.2270,0.9970,465252321100,0.1930,0.4550
335.2710,188.4460,0.9960,465268341900,0.1930,0.4550
335.0570,188.5920,0.9960,465285289200,0.1930,0.4550
334.8860,188.7380,0.9960,465285366000,0.1930,0.4550
334.3710,189.2490,0.9950,465285371600,0.1930,0.4550
333.9430,189.6500,0.9960,465285512700,0.1930,0.4550
333.6430,190.0150,0.9960,465301352100,0.1930,0.4550
333.1710,190.4530,0.9960,465301434700,0.1930,0.4550
332.4860,191.0730,0.9960,465317473400,0.1930,0.4550
331.7570,191.5840,0.9970,465317538800,0.1930,0.4550
331.0710,192.1680,0.9970,465317541500,0.1930,0.4550
330.2570,192.7150,0.9970,465317543100,0.1930,0.4550
329.4430,193.2260,0.9980,465333581600,0.1930,0.4550
328.6290,193.7360,0.9990,465333675800,0.1930,0.4550
327.8570,194.2110,0.9990,465333680900,0.1930,0.4550
327.1290,194.5760,1.0000,465350061400,0.1930,0.4550
326.4430,194.9410,1.0000,465350105000,0.1930,0.4550
325.9290,195.2690,1.0000,465350108200,0.1930,0.4550
325.3710,195.4880,1.0000,465350110000,0.1930,0.4550
324.8570,195.7070,1.0000,465366153700,0.1930,0.4550
324.2570,195.8530,1.0000,465366223400,0.1930,0.4550
323.8710,195.9990,1.0000,465366227600,0.1930,0.4550
323.3570,196.1450,1.0000,465366230000,0.1930,0.4550
322.9290,196.2910,1.0000,465382199800,0.1930,0.4550
322.4140,196.3640,1.0000,465382278800,0.1930,0.4550
321.8570,196.4360,1.0000,465382282700,0.1930,0.4550
321.3430,196.5090,1.0000,465398564600,0.1930,0.4550
320.9140,196.5090,1.0000,465398649000,0.1930,0.4550
320.4430,196.5090,1.0000,465398652000,0.1930,0.4550
320.0140,196.5090,1.0000,465398654200,0.1930,0.4550
319.5430,196.5090,1.0000,465415516400,0.1930,0.4550
319.2430,196.5090,1.0000,465415583800,0.1930,0.4550
318.8570,196.5090,1.0000,465432504600,0.1930,0.4550
318.2140,196.3640,1.0000,465432571200,0.1930,0.4550
317.9140,196.3640,1.0000,465432574000,0.1930,0.4550
317.6140,196.2910,1.0000,465432575700,0.1930,0.4550
317.3140,196.1450,1.0000,465448631600,0.1930,0.4550
316.7570,195.9260,1.0000,465464727100,0.1930,0.4550
316.5430,195.7800,1.0000,465464793200,0.1930,0.4550
316.2430,195.4880,1.0000,465464795500,0.1930,0.4550
315.8570,195.1590,1.0000,465464797300,0.1930,0.4550
315.6430,194.8680,1.0000,465481720800,0.1930,0.4550
315.4290,194.5030,1.0000,465481831600,0.1930,0.4550
315.1290,194.1380,1.0000,465481836800,0.1930,0.4550
314.9140,193.7360,1.0000,465481839400,0.1930,0.4550
314.6570,193.3720,1.0000,465481841600,0.1930,0.4550
314.4000,193.0070,1.0000,465498748500,0.1930,0.4550
314.1430,192.5690,1.0000,465498815700,0.1930,0.4550
313.8430,192.2410,1.0000,465515738400,0.1930,0.4550
313.6290,191.8760,1.0000,465515802100,0.1930,0.4550
313.4140,191.5840,1.0000,465515805700,0.1930,0.4550
313.2430,191.3650,1.0000,465515807500,0.1930,0.4550
313.1140,191.1460,1.0000,465532628300,0.1930,0.4550
312.9430,190.8910,1.0000,465532712400,0.1930,0.4550
312.8140,190.6720,1.0000,465532716800,0.1930,0.4550
312.6000,190.3070,1.0000,465548711400,0.1930,0.4550
312.3430,190.0150,0.9990,465548778700,0.1930,0.4550
312.2140,189.7230,0.9980,465565628600,0.1930,0.4550
312.1290,189.3950,0.9970,465581927000,0.1930,0.4550
312.0000,189.1760,0.9960,465581991200,0.1930,0.4550
311.7430,188.8840,0.9950,465614022300,0.1930,0.4550
311.6140,188.6650,0.9930,465614092700,0.1930,0.4550
311.1000,189.1030,0.9910,465663339400,0.1930,0.4550
311.0140,189.3220,0.9910,465663412800,0.1930,0.4550
310.8430,189.4680,0.9910,465663416700,0.1930,0.4550
310.7140,189.7230,0.9910,465663419100,0.1930,0.4550
310.5000,190.0880,0.9920,465663422600,0.1930,0.4550
310.2000,190.4530,0.9930,465680236900,0.1930,0.4550
309.8140,190.8180,0.9930,465680287600,0.1930,0.4550
309.4290,191.2190,0.9940,465696319600,0.1930,0.4550
308.8290,191.8030,0.9940,465696386800,0.1930,0.4550
308.2290,192.3140,0.9950,465696389400,0.1930,0.4550
307.7140,192.7880,0.9950,465696391600,0.1930,0.4550
307.2000,193.1530,0.9960,465713312300,0.1930,0.4550
306.5140,193.6640,0.9960,465713372500,0.1930,0.4550
306.0000,194.0650,0.9960,465713376300,0.1930,0.4550
305.4860,194.4300,0.9970,465713378600,0.1930,0.4550
305.0140,194.7220,0.9970,465713380800,0.1930,0.4550
304.6290,194.9410,0.9980,465729438700,0.1930,0.4550
304.2000,195.2690,0.9980,465729551200,0.1930,0.4550
303.8140,195.5610,0.9980,465746411200,0.1930,0.4550
303.3860,195.7800,0.9990,465746475300,0.1930,0.4550
303.0000,195.9990,0.9990,465746478100,0.1930,0.4550
302.5290,196.1450,1.0000,465746479700,0.1930,0.4550
302.1000,196.5090,1.0000,465746481300,0.1930,0.4550
301.5000,196.7650,1.0000,465762538600,0.1930,0.4550
301.0290,196.9840,1.0000,465762605900,0.1930,0.4550
300.6000,197.1300,1.0000,465779479800,0.1930,0.4550
300.0860,197.3490,1.0000,465779544800,0.1930,0.4550
299.5290,197.5680,1.0000,465779548300,0.1930,0.4550
299.0140,197.7140,1.0000,465779550600,0.1930,0.4550
298.5000,197.9320,1.0000,465795665300,0.1930,0.4550
297.9000,198.1150,1.0000,465795767800,0.1930,0.4550
297.5140,198.1880,1.0000,465812600800,0.1930,0.4550
297.0000,198.3340,1.0000,465812680500,0.1930,0.4550
296.6140,198.4070,1.0000,465812686800,0.1930,0.4550
296.1860,198.5530,1.0000,465812689400,0.2110,0.4550
295.8860,198.5530,1.0000,465812691600,0.2110,0.4550
295.5000,198.5530,1.0000,465828721400,0.2110,0.4550
295.2000,198.6990,1.0000,465828791100,0.2110,0.4550
294.9000,198.7720,1.0000,465828795400,0.2110,0.4550
294.3000,198.8450,1.0000,465845582500,0.2110,0.4550
293.9140,198.8450,1.0000,465845659700,0.2110,0.4550
293.5710,198.9180,1.0000,465845663900,0.2110,0.4550
293.0140,198.9180,1.0000,465861827100,0.2110,0.4550
292.4140,198.9910,1.0000,465861889400,0.2110,0.4550
291.8140,198.9910,1.0000,465861892000,0.2110,0.4550
291.1710,199.0640,1.0000,465861895400,0.2110,0.4550
290.5710,199.0640,1.0000,465877911300,0.2110,0.4550
289.9710,199.1360,1.0000,465877979200,0.2110,0.4550
289.2860,199.1360,1.0000,465894022500,0.2110,0.4550
288.6860,199.2090,1.0000,465894066400,0.2110,0.4550
288.0860,199.2090,1.0000,465894074300,0.2110,0.4550
287.5710,199.2820,1.0000,465894076600,0.2110,0.4550
287.1000,199.2820,1.0000,465894078700,0.2110,0.4550
286.7570,199.2820,1.0000,465910252400,0.2110,0.4550
286.3710,199.2820,1.0000,465910334500,0.2110,0.4550
285.9000,199.2820,1.0000,465926310400,0.2110,0.4550
285.6000,199.2820,1.0000,465926383500,0.2110,0.4550
284.9570,199.2090,1.0000,465926386600,0.2110,0.4550
284.6570,199.2090,1.0000,465942403900,0.2110,0.4550
283.9710,199.1360,1.0000,465942472700,0.2110,0.4550
283.5860,199.1360,1.0000,465958621300,0.2110,0.4550
283.3710,199.0640,1.0000,465958699200,0.2110,0.4550
282.6860,198.9180,1.0000,465958703200,0.2110,0.4550
282.3000,198.8450,1.0000,465974674300,0.2110,0.4550
282.0860,198.7720,1.0000,465974739300,0.2110,0.4550
281.7860,198.6990,1.0000,465990747600,0.2110,0.4550
281.4860,198.5530,1.0000,465990824100,0.2110,0.4550
281.1430,198.4800,1.0000,465990827500,0.2110,0.4550
280.9710,198.3340,1.0000,465990829800,0.2110,0.4550
280.6710,198.1880,1.0000,465990832100,0.2110,0.4550
280.3710,198.0420,1.0000,466006874200,0.2110,0.4550
279.9430,197.7140,1.0000,466006959500,0.2110,0.4550
279.6860,197.3490,1.0000,466006964200,0.2110,0.4550
279.3860,197.1300,1.0000,466006967900,0.2110,0.4550
279.1710,196.7650,1.0000,466023755100,0.2110,0.4550
278.9570,196.4360,1.0000,466023836600,0.2110,0.4550
278.7430,195.9990,1.0000,466023850500,0.2110,0.4550
278.4860,195.6340,1.0000,466039934700,0.2110,0.4550
278.2710,195.1590,1.0000,466039983800,0.2110,0.4550
278.1430,194.7220,1.0000,466039986200,0.2110,0.4550
277.8430,194.2840,1.0000,466039987800,0.2110,0.4550
277.6720,193.7360,1.0000,466056894900,0.2110,0.4550
277.5430,193.3720,1.0000,466056965100,0.2110,0.4550
277.2860,192.9340,1.0000,466072891100,0.2110,0.4550
277.1570,192.4960,1.0000,466072968900,0.2110,0.4550
276.9860,191.9490,1.0000,466072972800,0.2110,0.4550
276.7710,191.5110,1.0000,466072975200,0.2110,0.4550
276.6430,191.0730,1.0000,466072977400,0.2110,0.4550
276.3860,190.5990,1.0000,466089257000,0.2110,0.4550
276.3430,190.0880,1.0000,466089318700,0.2110,0.4550
276.0860,189.6500,1.0000,466105729800,0.2110,0.4550
276.0430,189.1030,1.0000,466105848000,0.2110,0.4550
275.8710,188.5920,1.0000,466105857900,0.2110,0.4550
275.7430,187.9720,1.0000,466105863000,0.2110,0.4550
275.5710,187.4610,1.0000,466121745300,0.2110,0.4550
275.4860,186.9500,1.0000,466121956900,0.2110,0.4550
275.3570,186.3300,1.0000,466138507500,0.2110,0.4550
275.2710,185.7460,1.0000,466138573000,0.2110,0.4550
275.1430,185.1260,1.0000,466138575600,0.2110,0.4550
275.0570,184.5420,1.0000,466138577200,0.2110,0.4550
274.8860,183.9220,1.0000,466138578700,0.2110,0.4550
274.8430,183.3380,1.0000,466155632600,0.2110,0.4550
274.7570,182.6810,1.0000,466155708600,0.2110,0.4550
274.5860,182.0610,1.0000,466155779100,0.2110,0.4550
274.4570,181.4770,1.0000,466172514800,0.2110,0.4550
274.3710,180.8570,1.0000,466172557800,0.2110,0.4550
274.2430,180.2730,1.0000,466172560800,0.2110,0.4550
274.0290,179.7260,1.0000,466172562400,0.2110,0.4550
273.9430,179.1420,1.0000,466189539800,0.2110,0.4550
273.9430,178.6310,1.0000,466189624400,0.2110,0.4550
273.8570,178.0110,1.0000,466205665400,0.2110,0.4550
273.7290,177.4270,1.0000,466205705700,0.2110,0.4550
273.7290,176.8070,1.0000,466205708700,0.2110,0.4550
273.6430,176.2230,1.0000,466205710400,0.2110,0.4550
273.5570,175.5300,1.0000,466205712000,0.2110,0.4550
273.5570,174.8000,1.0000,466221968700,0.2110,0.4550
273.5570,173.9610,1.0000,466222052600,0.2110,0.4550
273.5570,172.7930,1.0000,466222058300,0.2110,0.4550
273.4710,171.6620,1.0000,466222063500,0.2110,0.4550
273.5570,170.5310,1.0000,466238079500,0.2110,0.4550
273.5570,169.4000,1.0000,466238245300,0.2110,0.4730
273.5570,168.4150,1.0000,466254955500,0.2110,0.4730
273.6430,167.5390,1.0000,466255036200,0.2110,0.4730
273.6430,166.7000,1.0000,466255041000,0.2110,0.4730
273.6430,165.9700,1.0000,466255045200,0.2110,0.4730
273.6430,165.1310,1.0000,466255048400,0.2110,0.4730
273.5570,164.4010,1.0000,466271115800,0.2110,0.4730
273.5570,163.6350,1.0000,466271207100,0.2110,0.4730
273.5570,162.8690,1.0000,466287282200,0.2110,0.4730
273.4710,162.1390,1.0000,466287349400,0.2110,0.4730
273.4710,161.3730,1.0000,466287352100,0.2110,0.4730
273.4710,160.7890,1.0000,466287353800,0.2110,0.4730
273.4710,160.0960,1.0000,466303448300,0.2110,0.4730
273.4290,159.4390,1.0000,466303550000,0.2110,0.4730
273.4290,158.8550,1.0000,466303554800,0.2110,0.4730
273.4290,158.1620,1.0000,466319489900,0.2110,0.4730
273.4290,157.5780,1.0000,466319701600,0.2110,0.4730
273.4290,156.8850,1.0000,466319706000,0.2110,0.4730
273.4290,156.1550,1.0000,466319708500,0.2110,0.4730
273.3430,155.3890,1.0000,466336442900,0.2110,0.4730
273.3430,154.7320,1.0000,466336685700,0.2110,0.4730
273.2570,153.9660,1.0000,466336696200,0.2110,0.4730
273.2570,153.1640,1.0000,466336699800,0.2110,0.4730
273.2570,152.3970,1.0000,466336702500,0.2110,0.4730
273.1710,151.6310,1.0000,466352779500,0.2110,0.4730
273.1290,150.9010,1.0000,466352972600,0.2110,0.4730
273.0430,150.1350,1.0000,466368963300,0.2110,0.4730
272.9570,149.4050,1.0000,466369039500,0.2110,0.4730
272.8710,148.6390,1.0000,466369043400,0.2110,0.4730
272.7430,147.9820,1.0000,466369045700,0.2110,0.4730
272.6570,147.2890,1.0000,466385050700,0.2110,0.4730
272.5710,146.6320,1.0000,466385115900,0.2110,0.4730
272.5290,145.9390,1.0000,466401115900,0.2110,0.4730
272.4430,145.2820,1.0000,466401181200,0.2110,0.4730
272.2710,144.5890,1.0000,466401183700,0.2110,0.4730
272.2290,144.0050,1.0000,466401185500,0.2110,0.4730
272.0570,143.3490,1.0000,466401187000,0.2110,0.4730
271.9290,142.6550,1.0000,466418064500,0.2110,0.4730
271.8430,141.9990,1.0000,466418114900,0.2110,0.4730
271.6290,141.3050,1.0000,466435062100,0.2110,0.4730
271.5430,140.5760,1.0000,466435129100,0.2110,0.4730
271.3710,139.8090,1.0000,466435135100,0.2110,0.4730
271.2430,138.9700,1.0000,466435137500,0.2110,0.4730
271.0290,138.1680,1.0000,466452117900,0.2100,0.4890
270.8570,137.4010,1.0000,466452183300,0.2100,0.4890
270.7710,136.7450,1.0000,466452186300,0.2100,0.4890
270.6430,136.0510,1.0000,466452188100,0.2100,0.5060
270.4710,135.3950,1.0000,466452189600,0.2100,0.5060
270.3430,134.7740,1.0000,466468379800,0.2100,0.5060
270.1720,134.1910,1.0000,466468445900,0.2100,0.5060
270.1290,133.6070,1.0000,466484421200,0.2100,0.5060
269.8710,133.0590,1.0000,466484487300,0.2100,0.5060
269.8290,132.5490,1.0000,466484489900,0.2100,0.5060
269.7430,132.0010,1.0000,466484491600,0.2100,0.5060
269.6570,131.5640,1.0000,466484493300,0.2100,0.5060
269.5290,131.1990,1.0000,466501348500,0.2100,0.5060
269.5290,130.8340,1.0000,466501411800,0.2100,0.5060
269.4430,130.5050,1.0000,466517406300,0.2100,0.5060
269.2290,129.9220,1.0000,466517473600,0.2100,0.5060
269.1430,129.7030,1.0000,466517476100,0.2100,0.5060
269.1430,129.4110,1.0000,466533660900,0.2100,0.5060
268.9710,128.8640,1.0000,466533759000,0.2100,0.5060
268.9290,128.3530,1.0000,466550051900,0.2100,0.5060
268.9290,128.1340,1.0000,466550118900,0.2100,0.5060
268.7570,127.5130,1.0000,466566975500,0.2100,0.5060
268.6710,127.2950,1.0000,466567067500,0.2100,0.5060
268.6290,126.7840,1.0000,466567074200,0.2100,0.5060
268.5430,126.4920,1.0000,466583030700,0.2100,0.5060
268.4570,126.1640,1.0000,466583097400,0.2100,0.5060
268.3710,125.8720,1.0000,466583100200,0.2100,0.5060
268.3280,125.4340,1.0000,466599939000,0.2100,0.5060
268.2430,125.1420,1.0000,466600005000,0.2100,0.5060
268.1570,124.6680,1.0000,466616002800,0.2100,0.5060
268.0710,124.4490,1.0000,466616075300,0.2100,0.5060
267.9430,124.0840,1.0000,466632912200,0.2100,0.5060
267.9430,123.7920,1.0000,466632974600,0.2100,0.5060
267.9430,123.3910,1.0000,466648937300,0.2100,0.5060
267.8570,122.9530,1.0000,466664999400,0.2100,0.5060
267.9430,122.5150,1.0000,466665065300,0.2100,0.5060
268.4570,122.3690,0.9840,466681066100,0.2100,0.5060
269.1430,122.1860,0.9640,466681148700,0.2100,0.5060
270.3430,122.1860,0.9270,466697196400,0.2100,0.5060
272.5710,122.5150,0.7730,466697270300,0.2100,0.5060
275.2710,122.4420,0.8330,466697277300,0.1930,0.5070
275.9570,122.2960,0.6940,466713334500,0.1750,0.4890
