707.1710,89.2920,0.0100,1057961284799,0.1750,0.3320
707.2140,88.8180,0.0720,1057975186800,0.1750,0.3320
707.3000,88.4530,0.1450,1057992116100,0.1750,0.3320
707.3860,88.1610,0.2120,1057992167000,0.1750,0.3320
707.3860,87.8690,0.2700,1058008209200,0.1750,0.3320
707.5140,87.6500,0.3390,1058025116500,0.1750,0.3320
707.9860,88.4530,0.4060,1058041286100,0.1750,0.3320
708.1140,89.0730,0.4190,1058041394000,0.1750,0.3320
708.4140,90.0950,0.4310,1058041403400,0.1750,0.3320
708.6710,91.2260,0.4420,1058057239600,0.1750,0.3320
708.8000,92.5030,0.4530,1058057341400,0.1750,0.3320
709.0140,94.8380,0.4620,1058057353100,0.1750,0.3320
709.1000,97.2090,0.4720,1058073295900,0.1750,0.3320
709.2710,99.8360,0.4810,1058073418300,0.1750,0.3320
709.2710,102.7550,0.4910,1058089540100,0.1750,0.3320
708.9710,108.3010,0.5010,1058089621800,0.1750,0.3320
708.7140,112.4240,0.5110,1058089627099,0.1750,0.3320
708.4140,115.7450,0.5210,1058089629900,0.1750,0.3320
707.7710,120.8890,0.5300,1058089632400,0.1750,0.3320
707.3860,124.5740,0.5400,1058105679400,0.1750,0.3320
707.0000,127.5660,0.5490,1058105852400,0.1750,0.3320
706.7000,130.1200,0.5570,1058105866299,0.1750,0.3320
706.3570,132.5280,0.5640,1058105871700,0.1750,0.3320
706.0570,134.9000,0.5710,1058121875099,0.1750,0.3320
705.8000,137.0890,0.5770,1058121981300,0.1750,0.3320
705.5000,139.1690,0.5830,1058121992600,0.1750,0.3320
705.2860,140.7380,0.5880,1058137974900,0.1750,0.3320
705.1570,142.0880,0.5930,1058138284500,0.1750,0.3320
705.0710,143.1460,0.5970,1058138293900,0.1750,0.3320
704.9860,144.0580,0.6000,1058138298900,0.1750,0.3320
704.9000,144.7880,0.6020,1058153826400,0.1750,0.3320
704.8570,145.4810,0.6020,1058153954200,0.1750,0.3320
704.7710,145.9920,0.5980,1058153964000,0.1750,0.3320
704.6860,146.5390,0.5910,1058170801900,0.1750,0.3320
704.6860,146.9040,0.5790,1058170914900,0.1750,0.3320
704.6000,147.1960,0.5610,1058170926700,0.1750,0.3320
704.5570,147.4150,0.5370,1058170933400,0.1750,0.3320
704.3860,147.6340,0.4330,1058186949800,0.1750,0.3320
674.7290,124.9390,0.0070,1058373172000,0.2100,0.3330
674.5140,124.7930,0.0300,1058389994800,0.2100,0.3330
674.0430,124.5740,0.0610,1058390046900,0.2100,0.3330
673.7430,124.5010,0.0950,1058406902900,0.2100,0.3330
673.6140,124.3550,0.1300,1058406965800,0.2100,0.3330
673.3140,124.1370,0.1640,1058406969100,0.2100,0.3330
673.0140,124.0270,0.1980,1058406971200,0.2100,0.3330
672.6290,124.0270,0.2290,1058423347700,0.2100,0.3330
672.3280,123.9540,0.2580,1058423412100,0.2100,0.3330
671.6430,124.0270,0.3110,1058423416700,0.2100,0.3330
671.4290,124.1370,0.3350,1058423418800,0.2100,0.3500
670.9140,124.2820,0.3570,1058440325100,0.2100,0.3670
670.3140,124.5010,0.3780,1058440375200,0.2100,0.3850
669.6290,124.6470,0.3960,1058457345200,0.2100,0.3850
669.0290,124.7930,0.4130,1058457398100,0.2100,0.3850
668.3430,125.0120,0.4290,1058457410300,0.2100,0.3850
667.4000,125.2310,0.4430,1058457411700,0.2100,0.3850
666.2860,125.3040,0.4560,1058473385700,0.2100,0.3850
665.0860,125.5590,0.4680,1058473444499,0.2100,0.3850
663.9290,125.7780,0.4790,1058489482600,0.2100,0.3850
662.7290,125.7780,0.4890,1058489513400,0.2100,0.3850
661.5290,125.7780,0.4980,1058489515400,0.2100,0.3850
660.3290,125.7050,0.5060,1058489516800,0.2100,0.3850
659.3000,125.6320,0.5130,1058489517799,0.2100,0.3850
658.2290,125.3040,0.5200,1058505564600,0.2100,0.3850
657.2000,125.0850,0.5260,1058505608900,0.2100,0.3850
656.4710,124.5740,0.5320,1058505611200,0.2100,0.3850
655.6140,124.0270,0.5370,1058505612299,0.2100,0.3850
654.8000,123.3700,0.5420,1058521672900,0.2100,0.3850
654.2860,122.6040,0.5450,1058521728000,0.2100,0.3850
653.7710,121.7280,0.5480,1058537755200,0.2100,0.3850
653.3000,120.8160,0.5500,1058537811100,0.2100,0.3850
653.0000,119.7580,0.5520,1058537825599,0.2100,0.3850
652.7860,118.8090,0.5530,1058537826700,0.2100,0.3850
652.7860,117.8240,0.5540,1058537827599,0.2100,0.3850
652.8710,116.9120,0.5550,1058554734099,0.2100,0.3850
653.1720,116.0360,0.5550,1058554773099,0.2100,0.3850
653.3000,115.1970,0.5550,1058571716400,0.2100,0.3850
653.6000,114.3220,0.5560,1058571766999,0.2100,0.3850
654.1140,113.5550,0.5560,1058571769200,0.2100,0.3850
654.6710,112.8990,0.5560,1058571770100,0.2100,0.3850
655.3140,112.3510,0.5550,1058588755300,0.2100,0.3850
655.7860,111.9130,0.5550,1058588844800,0.2100,0.3850
656.3860,111.6220,0.5550,1058588855400,0.2100,0.3850
656.9000,111.4760,0.5540,1058605720900,0.2100,0.3850
657.2860,111.2930,0.5540,1058605805800,0.2100,0.3850
657.7140,111.2930,0.5540,1058605814500,0.2100,0.3850
658.4000,111.2930,0.5540,1058605818400,0.2100,0.3850
658.7860,111.4760,0.5540,1058621882299,0.2100,0.3850
659.3000,111.6220,0.5540,1058621948400,0.2100,0.3850
659.7290,111.8410,0.5550,1058621955099,0.2100,0.3850
660.1140,112.1320,0.5550,1058621958900,0.2100,0.3850
660.5860,112.4970,0.5560,1058621962700,0.2100,0.3850
661.0140,112.8990,0.5570,1058638016899,0.2100,0.3850
661.6140,113.3370,0.5580,1058638092100,0.2100,0.3850
661.9140,113.9200,0.5590,1058655042800,0.2100,0.3850
662.3860,114.3950,0.5600,1058655157400,0.2100,0.3850
662.5140,114.8320,0.5610,1058655172300,0.2100,0.3850
662.7290,115.3430,0.5620,1058655177100,0.2100,0.3850
663.0290,115.8910,0.5640,1058671467700,0.2100,0.3850
663.2000,116.3280,0.5660,1058671617700,0.2100,0.3850
663.2860,116.8390,0.5680,1058671631799,0.2100,0.3670
663.2000,117.4590,0.5700,1058688465300,0.2100,0.3670
663.2000,117.9700,0.5730,1058688530500,0.2100,0.3670
662.9000,118.5910,0.5760,1058688534599,0.2100,0.3670
662.5140,119.3200,0.5790,1058688537700,0.2100,0.3670
661.4860,120.4510,0.5820,1058705426499,0.2100,0.3670
660.5000,121.4360,0.5850,1058705482700,0.2100,0.3670
659.6860,122.1660,0.5880,1058705489400,0.2100,0.3670
658.3140,123.2240,0.5910,1058722840299,0.2100,0.3670
656.8140,124.1370,0.5950,1058722937300,0.2100,0.3670
655.1000,125.0120,0.5980,1058722945100,0.2100,0.3670
653.4710,125.8510,0.6020,1058722948800,0.2100,0.3670
651.7140,126.5080,0.6050,1058722953000,0.2100,0.3670
650.0000,127.2740,0.6080,1058739448699,0.2100,0.3670
648.2000,127.8580,0.6100,1058739534000,0.2100,0.3670
646.2710,128.4050,0.6130,1058756399599,0.2100,0.3670
644.4710,128.8430,0.6150,1058756480600,0.2100,0.3670
642.6710,129.2080,0.6180,1058756487899,0.2100,0.3670
641.0860,129.4270,0.6190,1058756491400,0.2100,0.3670
639.7570,129.6820,0.6210,1058756495000,0.2100,0.3670
638.3860,129.7550,0.6220,1058772423400,0.2100,0.3670
637.1430,129.7550,0.6220,1058772485499,0.2100,0.3670
635.8570,129.7550,0.6180,1058772489799,0.2100,0.3670
634.5710,129.7550,0.6120,1058788507100,0.2100,0.3670
632.5570,129.5000,0.6020,1058788580700,0.2100,0.3670
630.9290,129.2810,0.5900,1058788585200,0.2100,0.3670
629.7710,128.9160,0.5720,1058788587300,0.2100,0.3670
628.6570,128.6970,0.5490,1058804714700,0.2100,0.3670
627.6290,128.2230,0.5330,1058804947800,0.2100,0.3670
626.0430,127.4930,0.4440,1058820651500,0.2100,0.3670
624.8430,126.3620,0.3700,1058821180500,0.2100,0.3670
623.8570,125.0120,0.3080,1058821645700,0.2100,0.3670
639.9710,90.4230,0.2780,1058937970100,0.1230,0.3500
640.4430,90.0950,0.4180,1058938030800,0.1230,0.3500
640.8710,89.8760,0.4870,1058938034500,0.1230,0.3500
641.3430,89.6570,0.5120,1058938036700,0.1230,0.3500
641.6430,89.5110,0.5140,1058954040300,0.1230,0.3500
642.2860,89.3650,0.4990,1058954111200,0.1230,0.3500
642.7570,89.2920,0.4870,1058954113900,0.1230,0.3500
643.2710,89.2190,0.4770,1058954115000,0.1230,0.3500
643.7000,89.0730,0.4700,1058970859400,0.1230,0.3500
644.3000,88.8910,0.4670,1058970914100,0.1230,0.3500
644.8570,88.8180,0.4670,1058986959000,0.1230,0.3500
645.2860,88.6720,0.4680,1058987233800,0.1230,0.3500
645.8860,88.5260,0.4700,1058987383599,0.1230,0.3500
646.4000,88.3800,0.4730,1058987412300,0.1230,0.3500
647.0000,88.1610,0.4760,1058987425200,0.1230,0.3500
647.5570,88.0880,0.4790,1059003003000,0.1230,0.3500
648.2860,87.9420,0.4820,1059003131000,0.1230,0.3500
649.3570,87.7960,0.4850,1059019082200,0.1230,0.3500
650.0860,87.5400,0.4870,1059019110499,0.1230,0.3500
651.2000,87.3220,0.4880,1059019112600,0.1230,0.3500
652.1860,87.1030,0.4850,1059019113600,0.1230,0.3500
652.9140,86.8840,0.4780,1059035177300,0.1230,0.3500
653.9000,86.6650,0.4660,1059035220600,0.1230,0.3500
654.5860,86.5190,0.4480,1059035223000,0.1230,0.3500
655.1860,86.3730,0.4210,1059052159600,0.1230,0.3500
655.6140,86.2270,0.3510,1059052212500,0.1230,0.3500
656.0000,86.0450,0.2920,1059052216099,0.1230,0.3500
656.5140,85.7530,0.2440,1059052218500,0.1230,0.3500
628.1430,123.0780,0.0040,1059234562000,0.1750,0.3320
627.6710,123.2970,0.0260,1059234623000,0.1750,0.3320
627.2430,123.5160,0.0570,1059250683400,0.1750,0.3320
626.7290,123.6620,0.0910,1059250798300,0.1750,0.3320
626.1290,123.8080,0.1270,1059250801299,0.1750,0.3320
625.7430,123.9540,0.1630,1059250802800,0.1750,0.3320
625.2290,124.0270,0.1970,1059267672900,0.1750,0.3320
624.8430,124.0270,0.2300,1059267724399,0.1750,0.3320
624.5430,124.0270,0.2610,1059283881300,0.1750,0.3320
624.1570,124.0270,0.2900,1059283932600,0.1750,0.3320
623.5140,123.8810,0.3410,1059283936000,0.1750,0.3320
623.2140,123.8080,0.3640,1059283937200,0.1750,0.3320
622.9140,123.7350,0.3840,1059299908199,0.1750,0.3320
622.4430,123.5160,0.4020,1059299956300,0.1750,0.3320
622.0140,123.2970,0.4190,1059315948600,0.1750,0.3320
621.5430,123.0780,0.4340,1059315999100,0.1750,0.3320
621.1140,122.7860,0.4480,1059316001299,0.1930,0.3320
620.6430,122.4580,0.4610,1059316002500,0.1930,0.3320
620.2140,122.0930,0.4720,1059316003599,0.1930,0.3320
619.7430,121.7280,0.4820,1059331919199,0.1930,0.3320
619.3570,121.2900,0.4900,1059331962400,0.1930,0.3320
618.8430,120.5240,0.4970,1059347940500,0.1930,0.3320
618.4140,119.9410,0.5030,1059347970500,0.1930,0.3320
618.1140,119.2470,0.5070,1059347972900,0.1930,0.3320
617.6430,118.5180,0.5100,1059347974000,0.1930,0.3320
617.4290,117.8240,0.5120,1059363956599,0.1930,0.3320
617.2140,117.2410,0.5140,1059363991500,0.1930,0.3320
617.0000,116.6930,0.5150,1059363993900,0.1930,0.3320
616.7430,116.2550,0.5160,1059380940999,0.1930,0.3320
616.7000,115.8910,0.5170,1059380990500,0.1930,0.3320
616.4430,115.4890,0.5180,1059380993000,0.1930,0.3320
616.4000,115.1970,0.5180,1059380994200,0.1930,0.3320
616.2290,114.9780,0.5170,1059397130500,0.1930,0.3320
616.1000,114.5410,0.5130,1059397207799,0.1930,0.3320
615.9290,114.3950,0.5100,1059397214099,0.1930,0.3320
615.5000,114.4680,0.4830,1059429416200,0.2100,0.3330
615.1140,114.7590,0.4510,1059429495800,0.2100,0.3330
614.9000,115.1240,0.4240,1059429500000,0.2100,0.3330
614.6000,115.4890,0.3540,1059446323500,0.2100,0.3330
614.1290,115.8910,0.2950,1059446445099,0.2100,0.3330
613.7430,116.2550,0.2450,1059462534500,0.2100,0.3330
588.0710,120.6700,0.1880,1059625466300,0.1230,0.2630
587.6860,120.4510,0.2880,1059641226199,0.1230,0.2800
587.3860,120.1590,0.3410,1059641278500,0.1230,0.2800
587.0000,119.9410,0.3690,1059658275800,0.1230,0.2800
586.7000,119.7580,0.3840,1059658325100,0.1230,0.2800
586.4860,119.5390,0.3930,1059658327400,0.1230,0.2800
586.2710,119.3200,0.4000,1059658328700,0.1230,0.2800
585.9710,119.1740,0.4070,1059658330000,0.1230,0.2800
585.8000,118.9550,0.4140,1059674445299,0.1230,0.2800
585.5430,118.5910,0.4280,1059691401399,0.1230,0.2800
585.3710,118.3350,0.4350,1059691508500,0.1230,0.2800
585.2860,118.1160,0.4420,1059691519799,0.1230,0.2800
585.1570,117.7510,0.4550,1059691528300,0.1230,0.2980
585.0710,117.5320,0.4600,1059707390999,0.1230,0.2980
585.2860,116.8390,0.4690,1059724373400,0.1230,0.2980
585.6720,116.4740,0.4720,1059724408000,0.1230,0.2980
586.3570,115.7450,0.4750,1059724410600,0.1230,0.2980
587.6000,114.8320,0.4770,1059724411600,0.1230,0.2980
588.8860,113.8470,0.4770,1059724412699,0.1230,0.2980
590.6860,112.8990,0.4760,1059740402700,0.1230,0.2980
592.4860,111.7680,0.4740,1059740436699,0.1400,0.2970
594.6710,110.7820,0.4710,1059740438999,0.1570,0.3150
596.7710,109.7240,0.4690,1059740440200,0.1750,0.3320
598.7000,108.8490,0.4670,1059756588000,0.1760,0.3500
600.6720,108.0090,0.4640,1059756640000,0.1760,0.3680
602.5140,107.1700,0.4620,1059773520400,0.1760,0.3680
604.1000,106.5860,0.4610,1059773556500,0.1760,0.3680
605.3860,106.0760,0.4600,1059773558700,0.1760,0.3680
606.4140,105.6740,0.4600,1059773559799,0.1760,0.3680
607.1860,105.3820,0.4590,1059789645600,0.1760,0.3680
607.7860,105.0910,0.4580,1059789730600,0.1760,0.3680
608.3860,104.8720,0.4570,1059805889300,0.1760,0.3680
608.7290,104.7260,0.4570,1059805975700,0.1760,0.3680
609.1140,104.5800,0.4570,1059805981100,0.1760,0.3680
609.3290,104.4340,0.4570,1059805983600,0.1760,0.3680
609.5860,104.2510,0.4560,1059805985900,0.1760,0.3680
609.8000,104.1050,0.4560,1059822066600,0.1760,0.3680
609.9290,103.9600,0.4550,1059822149500,0.1760,0.3680
609.7140,104.8720,0.4480,1059904777799,-0.0870,0.3670
609.5860,105.1640,0.4480,1059904906000,-0.0700,0.3680
609.5000,105.5280,0.4480,1059904913900,-0.0520,0.3670
609.2860,106.0760,0.4480,1059921006800,-0.0340,0.3670
609.2000,106.6590,0.4480,1059921099900,-0.0340,0.3670
609.1140,107.3530,0.4490,1059921121700,0.0000,0.3670
608.8140,108.3010,0.4500,1059921129099,0.0000,0.3670
608.5140,109.3590,0.4520,1059938096099,0.0000,0.3670
608.2140,110.4180,0.4540,1059938432900,0.0000,0.3670
607.9140,111.5490,0.4570,1059938448000,0.0000,0.3670
607.5290,113.3370,0.4610,1059938506400,0.0000,0.3670
607.1000,115.0510,0.4640,1059938513900,0.0000,0.3670
606.5000,116.6930,0.4680,1059954030500,0.0000,0.3840
605.9000,118.2620,0.4720,1059954122300,0.0000,0.3840
605.1290,119.8680,0.4760,1059971339500,0.0000,0.3840
604.7860,121.1080,0.4810,1059971698300,0.0000,0.3840
604.2290,122.2390,0.4850,1059971714000,0.0000,0.3840
603.7140,123.2240,0.4900,1059971719899,0.0000,0.3840
603.2860,124.1370,0.4950,1059987016999,0.0000,0.3840
602.9000,125.0850,0.5000,1059987095400,0.0000,0.3840
601.8290,126.3620,0.5060,1059987100900,0.0000,0.3840
601.0140,127.3470,0.5110,1060003191999,0.0000,0.3840
600.2860,128.1500,0.5170,1060003575300,0.0000,0.3840
599.6000,128.8430,0.5230,1060003657900,0.0000,0.3840
599.0000,129.5000,0.5290,1060003667900,0.0000,0.3840
598.2710,130.1200,0.5340,1060019295099,0.0000,0.3840
597.5000,130.7040,0.5400,1060019359100,0.0000,0.3840
596.6000,131.3240,0.5450,1060019377900,0.0000,0.3840
595.7000,131.8350,0.5500,1060036484000,0.0000,0.3840
594.2000,132.5280,0.5550,1060036761399,0.0000,0.3840
593.0860,133.2580,0.5600,1060036774200,0.0000,0.3840
591.5000,133.9510,0.5650,1060036778800,0.0000,0.3840
589.8710,134.6810,0.5690,1060052444100,0.0000,0.3840
588.2000,135.3740,0.5740,1060052523800,0.0000,0.3840
586.4860,135.9580,0.5790,1060052529500,0.0000,0.3840
584.9430,136.6150,0.5850,1060052532100,0.0000,0.3840
583.2710,137.3080,0.5900,1060068431500,0.0000,0.3840
581.6860,137.8920,0.5950,1060068506900,0.0000,0.3840
580.3570,138.4390,0.6010,1060068512200,0.0000,0.3840
579.2430,138.8040,0.6060,1060084447799,0.0000,0.3840
578.3430,139.1690,0.6110,1060084553299,0.0000,0.3840
577.3570,139.4970,0.6160,1060100948100,0.0000,0.3840
576.4570,139.7160,0.6210,1060101039800,0.0000,0.3840
575.6430,140.1540,0.6250,1060101047800,0.0000,0.3840
574.7430,140.4460,0.6290,1060101053899,0.0000,0.3840
574.0570,140.6650,0.6330,1060117826600,0.0000,0.3840
573.3280,140.9200,0.6370,1060117917100,0.0000,0.3840
572.8570,141.0660,0.6410,1060117923200,0.0000,0.3840
572.4290,141.2850,0.6450,1060117926200,0.0000,0.3840
571.8710,141.4310,0.6490,1060117928700,0.0000,0.3840
571.4430,141.5770,0.6520,1060134102300,0.0000,0.3840
570.9290,141.6500,0.6550,1060134194000,0.0000,0.3840
570.5430,141.7230,0.6580,1060151129600,0.0000,0.3840
570.1570,141.7960,0.6600,1060151220600,0.0180,0.3850
569.7290,141.7960,0.6610,1060151226499,0.0350,0.3840
569.4710,141.7960,0.6620,1060151231600,0.0530,0.3850
569.1290,141.7960,0.6630,1060167177800,0.0700,0.3840
568.4430,141.5040,0.6590,1060167291799,0.1050,0.3850
567.9290,141.2850,0.6550,1060183258200,0.1230,0.3840
567.4570,140.9200,0.6500,1060183351500,0.1400,0.3850
566.9430,140.5920,0.6450,1060183362400,0.1580,0.3840
566.5140,140.2270,0.6390,1060183367700,0.1750,0.3840
565.9570,139.7160,0.6330,1060199551600,0.1750,0.3840
565.3570,139.0230,0.6260,1060199618200,0.1750,0.3840
564.7570,138.5120,0.6190,1060199623400,0.1750,0.3840
564.1570,137.8920,0.6130,1060199629300,0.1920,0.3850
563.6430,137.3080,0.6070,1060215580500,0.1920,0.3850
563.2140,136.7970,0.6010,1060215674500,0.1920,0.3850
562.8290,136.3960,0.5960,1060231776400,0.1920,0.3850
562.4430,136.0310,0.5910,1060231862899,0.1920,0.3850
562.2290,135.6660,0.5870,1060231868900,0.1920,0.3850
561.9290,135.3740,0.5830,1060231871400,0.1920,0.3850
561.7140,135.0460,0.5790,1060231873700,0.1920,0.3850
561.5430,134.8270,0.5750,1060247975400,0.1920,0.3850
561.2430,134.4620,0.5670,1060264934500,0.1920,0.3850
561.2000,134.3160,0.5640,1060265027100,0.1920,0.3850
561.6290,133.9510,0.5530,1060281052500,0.1920,0.3850
562.1430,133.6960,0.5520,1060297234800,0.1920,0.3850
562.8290,133.6960,0.5510,1060297325199,0.1920,0.3850
563.7290,133.5500,0.5510,1060297334500,0.1920,0.3850
564.9290,133.4770,0.5520,1060297339499,0.1920,0.3850
566.2140,133.4770,0.5520,1060297344099,0.1920,0.3850
567.6290,133.4040,0.5540,1060313266800,0.1920,0.3850
569.1290,133.4040,0.5550,1060313340800,0.1920,0.3850
571.2290,133.5500,0.5570,1060313346100,0.1920,0.3850
572.8570,133.6230,0.5590,1060313348700,0.1920,0.3850
574.2290,133.6960,0.5600,1060329394500,0.1920,0.3850
575.4290,133.8420,0.5620,1060329607299,0.1920,0.3850
576.6290,134.0970,0.5640,1060345498400,0.1920,0.3850
577.5710,134.3160,0.5660,1060345590700,0.1920,0.3850
578.6430,134.6080,0.5690,1060345596500,0.1920,0.3850
579.5860,134.9000,0.5720,1060345599199,0.1920,0.3850
580.4430,135.3740,0.5750,1060361580800,0.1920,0.3850
581.2570,135.8120,0.5790,1060361691399,0.1920,0.3850
581.6860,136.2500,0.5830,1060361700299,0.1920,0.3850
582.1570,136.7970,0.5880,1060377559100,0.1920,0.3850
582.4570,137.3080,0.5920,1060377633399,0.1920,0.3850
582.6710,137.8920,0.5980,1060377638200,0.1920,0.3850
582.8430,138.5120,0.6030,1060377640800,0.1920,0.3850
582.8430,139.2420,0.6080,1060393666900,0.1920,0.3850
582.7570,140.3000,0.6140,1060393760400,0.1920,0.3850
582.4570,141.3580,0.6190,1060393766299,0.1920,0.3850
581.6860,142.9270,0.6230,1060410521699,0.1920,0.3850
580.8710,144.4960,0.6280,1060410629199,0.1920,0.3850
579.8430,146.0650,0.6320,1060410638000,0.1920,0.3850
578.6860,147.5610,0.6350,1060410642399,0.1920,0.3850
577.4860,149.1300,0.6380,1060427046000,0.1920,0.3850
576.0710,150.6260,0.6390,1060427194400,0.1920,0.3850
574.5290,152.1580,0.6370,1060427212300,0.1920,0.3850
572.9430,153.5810,0.6300,1060427217500,0.1920,0.3850
571.2710,155.0040,0.6200,1060427221900,0.1920,0.3850
569.6430,156.4270,0.6040,1060442961400,0.1920,0.3850
568.0140,157.6680,0.5820,1060443053499,0.2100,0.3850
566.4290,158.8720,0.5670,1060459003500,0.2100,0.3850
564.8430,160.0760,0.5330,1060459085100,0.2100,0.3850
563.5140,161.0610,0.4440,1060459090200,0.2100,0.3850
562.3570,161.7180,0.3700,1060459092900,0.2100,0.3850
561.4140,162.1920,0.3080,1060475006599,0.2100,0.3850
598.6140,147.8530,0.3220,1060590374800,0.1230,0.3320
599.6860,147.7070,0.4840,1060590428199,0.1410,0.3500
600.5000,147.5610,0.5570,1060590431500,0.1580,0.3670
601.1860,147.4880,0.5810,1060606321199,0.1760,0.3680
601.8290,147.5610,0.5830,1060606369200,0.1920,0.3670
602.5140,147.6340,0.5730,1060606371300,0.2100,0.3670
603.0290,147.7070,0.5640,1060606372400,0.2100,0.3670
603.5000,147.7070,0.5580,1060622532100,0.2100,0.3670
603.8860,147.7800,0.5560,1060622580900,0.2100,0.3670
604.1860,147.9620,0.5550,1060638775400,0.2100,0.3670
604.4000,148.0350,0.5560,1060638826800,0.2100,0.3670
604.5290,148.1080,0.5560,1060638844200,0.2100,0.3670
604.8280,148.2540,0.5570,1060638845600,0.2100,0.3670
605.0860,148.3270,0.5570,1060655764500,0.2100,0.3670
605.2140,148.6190,0.5480,1060655829600,-0.1570,0.3670
605.3860,148.7650,0.5330,1060671832600,-0.1220,0.3670
605.5140,148.9110,0.5080,1060671883100,-0.0870,0.3670
605.6000,149.2030,0.4050,1060671886099,-0.0520,0.3670
541.5710,80.9000,0.2620,1060904967200,0.0000,0.3840
540.9710,79.9150,0.3980,1060905089300,0.0000,0.3840
540.6720,79.0760,0.4700,1060919514700,0.0000,0.3840
540.2860,78.4920,0.5070,1060919630700,0.0000,0.3840
539.9860,77.9810,0.5260,1060935567400,0.0000,0.3840
539.7710,77.5070,0.5360,1060935631399,0.0000,0.3840
539.6000,77.2150,0.5410,1060935644900,0.0000,0.3840
539.5140,76.9230,0.5430,1060935646299,0.0000,0.3840
539.3860,76.7040,0.5440,1060951683600,0.0000,0.3840
539.3000,77.9810,0.5530,1060984888700,0.0000,0.3840
539.3000,78.7110,0.5550,1060984935400,0.0000,0.3840
539.3000,80.0610,0.5590,1060984939200,0.0000,0.3840
539.3000,81.4840,0.5630,1060984940999,0.0000,0.3840
539.3000,83.8920,0.5670,1061001078800,0.0000,0.3840
539.2140,86.3730,0.5710,1061001125000,0.0000,0.3840
539.1720,89.1460,0.5760,1061001129000,0.0000,0.3840
539.0860,91.9920,0.5810,1061018030000,0.0000,0.3840
538.8710,94.9840,0.5850,1061018083700,0.0000,0.3840
538.5710,100.5300,0.5900,1061018086999,0.0000,0.3840
538.1860,105.8570,0.5960,1061018088900,0.0000,0.3670
537.5860,110.9280,0.6020,1061035011700,0.0000,0.3490
537.1570,114.7590,0.6080,1061035047800,0.0000,0.3490
536.6000,117.9700,0.6140,1061051052800,0.0000,0.3490
536.1710,120.7430,0.6200,1061051152700,0.0000,0.3490
535.0570,125.9240,0.6270,1061051160499,0.0000,0.3490
533.7710,130.5580,0.6330,1061051163000,0.0000,0.3490
532.9570,134.0240,0.6400,1061051168400,0.0000,0.3490
531.8860,136.7240,0.6470,1061067091899,0.0000,0.3490
530.9860,138.9500,0.6530,1061067122800,0.0000,0.3490
529.1860,142.8540,0.6600,1061083211500,0.0000,0.3490
527.7710,145.5540,0.6670,1061083264599,0.0000,0.3490
526.5710,147.4880,0.6750,1061083268200,0.0000,0.3490
525.4570,149.0570,0.6820,1061083269799,0.0000,0.3490
524.3430,150.4800,0.6900,1061099257400,0.0000,0.3490
523.0570,151.8300,0.6980,1061099285200,0.0000,0.3490
521.9860,152.8880,0.7060,1061099289199,0.0000,0.3490
520.5710,153.8000,0.7140,1061099290400,0.0000,0.3490
519.3710,154.4570,0.7220,1061099291400,0.0000,0.3490
518.4290,154.8220,0.7280,1061116221300,0.0000,0.3490
517.2710,155.1500,0.7350,1061116254399,0.0000,0.3490
516.0710,155.2230,0.7410,1061132251800,0.0000,0.3490
514.9570,155.1500,0.7460,1061132314700,0.0000,0.3490
513.1570,154.7490,0.7510,1061132317000,0.0000,0.3490
511.3140,154.0920,0.7540,1061132318000,0.0000,0.3490
509.5140,153.1070,0.7540,1061148342900,0.0000,0.3490
507.7570,151.9030,0.7500,1061148372500,0.0000,0.3490
505.0140,148.9840,0.7390,1061165370300,0.0000,0.3490
502.6140,145.7000,0.7230,1061165441800,0.0000,0.3490
501.2000,142.8540,0.7010,1061165451500,0.0000,0.3490
500.2140,140.0810,0.6710,1061165455500,0.0000,0.3490
499.0140,135.3010,0.6510,1061165458900,0.0000,0.3490
498.3280,130.2660,0.6120,1061181669000,0.0000,0.3490
498.2000,126.3620,0.5100,1061181747800,0.0000,0.3490
498.2000,123.3700,0.4250,1061198517900,0.0000,0.3490
498.4140,120.7430,0.3540,1061198574000,0.0000,0.3490
478.4000,104.9450,0.2770,1061511507600,0.0000,0.2790
478.6570,104.5070,0.4240,1061511552799,0.0000,0.2970
478.9570,103.9600,0.4990,1061511555200,0.0000,0.2970
479.0860,103.4490,0.5380,1061511556400,0.0000,0.2970
479.2570,102.9740,0.5580,1061511557399,0.0000,0.2970
479.4710,102.5360,0.5670,1061527259700,0.0000,0.2970
479.6000,102.1720,0.5720,1061527319699,0.0000,0.2970
479.6860,101.8800,0.5740,1061543265600,0.0000,0.2970
479.7710,101.5510,0.5740,1061543313800,0.0000,0.2970
479.8570,101.3320,0.5750,1061543348200,0.0000,0.2970
479.9000,100.9680,0.5730,1061559328500,0.0000,0.2970
480.0710,100.7490,0.5730,1061559383900,0.0000,0.2970
480.2000,100.4570,0.5720,1061575534000,0.0000,0.2970
480.2860,100.1280,0.5720,1061575584200,0.0000,0.2970
480.4570,101.0410,0.5770,1061607612900,0.0000,0.2970
480.4570,101.6610,0.5780,1061607644500,0.0000,0.2970
480.4570,102.3910,0.5800,1061623740199,0.0000,0.2970
480.2860,103.5220,0.5810,1061623778100,0.0000,0.2970
480.2000,104.7990,0.5830,1061639968200,0.0000,0.2970
480.0710,106.0030,0.5850,1061640098000,0.0000,0.2970
479.7710,107.9360,0.5870,1061640249500,0.0000,0.2970
479.5570,109.5050,0.5880,1061640267800,0.0000,0.2970
479.2570,111.4760,0.5900,1061656062900,0.0000,0.2970
478.9570,113.3370,0.5920,1061656164900,0.0000,0.2970
478.6570,114.8320,0.5940,1061656175399,0.0000,0.3140
478.3570,116.1090,0.5970,1061672052100,0.0000,0.3320
478.1000,117.2410,0.6000,1061672148400,0.0000,0.3320
477.8000,118.3350,0.6030,1061672158300,0.0000,0.3320
477.4570,119.3200,0.6060,1061672164099,0.0000,0.3320
477.2000,120.4510,0.6090,1061689039400,0.0000,0.3320
476.7710,121.4360,0.6130,1061689116400,0.0000,0.3320
476.4710,122.2390,0.6160,1061689122300,0.0000,0.3320
476.0000,123.1510,0.6190,1061689125400,0.0000,0.3320
475.5710,123.8080,0.6220,1061706038999,0.0000,0.3320
475.0570,124.5740,0.6250,1061706130500,0.0000,0.3320
474.7570,125.0850,0.6280,1061722043100,0.0000,0.3320
474.3710,125.6320,0.6300,1061722113800,0.0000,0.3320
474.0710,125.9970,0.6330,1061722120299,0.0000,0.3320
473.6000,126.3620,0.6360,1061722123400,0.0000,0.3320
473.2570,126.5080,0.6380,1061722126100,0.0000,0.3320
472.7000,126.8000,0.6400,1061738181300,0.0000,0.3320
472.3570,126.9090,0.6420,1061738292100,0.0000,0.3320
471.9710,126.9090,0.6430,1061754311100,0.0000,0.3320
471.4570,126.9090,0.6430,1061754421400,0.0000,0.3320
470.9430,126.7270,0.6430,1061754431500,0.0000,0.3320
470.3430,126.4350,0.6410,1061754437999,0.0000,0.3320
469.7430,125.9240,0.6390,1061770324700,0.0000,0.3320
469.0570,125.2310,0.6380,1061770412900,0.0000,0.3320
468.3710,124.5740,0.6360,1061788589300,0.0000,0.3320
467.7710,123.8810,0.6340,1061789016700,0.0000,0.3320
467.1710,123.2240,0.6330,1061789126899,0.0000,0.3320
466.5710,122.6040,0.6320,1061789163500,0.0000,0.3320
466.1430,122.0930,0.6320,1061789190000,0.0000,0.3320
465.7570,121.6550,0.6310,1061805434000,0.0000,0.3320
465.4570,121.2900,0.6300,1061805549299,0.0000,0.3320
465.1570,120.8890,0.6300,1061805555500,0.0000,0.3320
464.8570,120.5240,0.6290,1061805558100,0.0000,0.3320
464.6430,120.3050,0.6280,1061821616400,0.0000,0.3320
464.4290,120.0860,0.6280,1061821700499,0.0000,0.3320
464.1720,119.9410,0.6270,1061838602099,0.0000,0.3320
464.0430,119.6850,0.6260,1061838679199,0.0000,0.3320
463.6570,119.5390,0.6250,1061838686099,0.0000,0.3320
462.5430,120.1590,0.6230,1061871762700,0.0000,0.3320
462.1570,120.5240,0.6220,1061871863900,0.0000,0.3140
461.7710,120.9620,0.6220,1061871871500,0.0000,0.3140
461.1710,121.6550,0.6220,1061871876100,0.0000,0.3140
460.6570,122.2390,0.6230,1061888752800,0.0000,0.3140
460.0570,122.9320,0.6230,1061888837600,0.0000,0.3140
459.4570,123.5160,0.6230,1061888845700,0.0000,0.3140
458.8570,124.1370,0.6240,1061905700399,0.0000,0.3140
458.2570,124.6470,0.6240,1061905797700,0.0000,0.3140
457.5710,125.1580,0.6250,1061905808700,0.0000,0.3140
456.9710,125.7780,0.6270,1061905813200,0.0000,0.3140
456.4570,126.1430,0.6280,1061921946600,0.0000,0.3140
455.8570,126.5080,0.6290,1061922023099,0.0000,0.3140
455.5140,126.7270,0.6300,1061922028499,0.0000,0.3140
455.0430,126.9820,0.6320,1061922031200,0.0000,0.3140
454.6140,127.1280,0.6330,1061938276700,0.0000,0.3140
454.1430,127.2740,0.6350,1061938387800,0.0000,0.3140
453.7140,127.2740,0.6360,1061954241200,0.0000,0.3140
453.2430,127.2740,0.6380,1061954383100,0.0000,0.3140
452.8570,127.2010,0.6390,1061954406000,0.0000,0.3140
452.4290,127.0550,0.6390,1061954419400,0.0000,0.3140
451.9570,126.7270,0.6390,1061954427299,0.0000,0.3140
451.5290,126.4350,0.6400,1061971290300,0.0000,0.3140
451.0570,126.1430,0.6400,1061971398700,0.0000,0.3140
450.6290,125.7780,0.6400,1061988175600,0.0000,0.3140
450.1570,125.3040,0.6400,1061988255199,0.0000,0.3140
449.8140,124.9390,0.6390,1061988263900,0.0000,0.3140
449.3430,124.5740,0.6390,1061988268800,0.0000,0.3140
449.0430,124.2820,0.6390,1062005183199,0.0000,0.3140
448.6570,123.9540,0.6390,1062005282600,0.0000,0.3140
448.3140,123.6620,0.6380,1062005292000,0.0000,0.3140
448.0140,123.5160,0.6380,1062005297500,0.0000,0.3140
447.7140,123.2970,0.6380,1062021410600,0.0000,0.3140
447.5000,123.2240,0.6380,1062021494600,0.0000,0.3140
447.1140,123.0780,0.6370,1062021499900,0.0000,0.3140
446.8140,123.0780,0.6370,1062038234500,0.0000,0.3140
446.0000,123.1510,0.6370,1062038337000,0.0000,0.3140
445.4000,123.2970,0.6370,1062038344900,0.0000,0.3140
444.8430,123.5160,0.6370,1062054563200,0.0000,0.3140
444.2430,123.7350,0.6370,1062054969699,0.0000,0.3140
443.3430,124.0270,0.6370,1062071653000,0.0000,0.3140
442.5290,124.3550,0.6380,1062071745100,0.0000,0.3140
441.5430,124.7200,0.6380,1062071757300,0.0000,0.3140
440.8140,125.0850,0.6390,1062071763299,0.0000,0.3140
439.9140,125.3040,0.6400,1062071769200,0.0000,0.3140
439.0140,125.7780,0.6410,1062087761600,0.0000,0.3140
438.0290,126.2160,0.6430,1062088070300,0.0000,0.3140
437.0000,126.5080,0.6440,1062103999500,0.0000,0.3140
435.5000,127.2740,0.6450,1062104102700,0.0000,0.3140
434.1290,127.7120,0.6460,1062104110900,0.0000,0.3140
432.9290,128.1500,0.6480,1062104115300,0.0000,0.3140
431.3000,128.7700,0.6490,1062104119500,0.0000,0.3140
429.8860,129.1350,0.6510,1062121057399,0.0000,0.3140
428.6000,129.4270,0.6530,1062121400300,0.0000,0.3140
427.4860,129.6820,0.6560,1062121411099,0.0000,0.3140
426.4140,129.8280,0.6590,1062138113100,0.0000,0.3140
425.3000,129.9010,0.6630,1062138395600,0.0000,0.3140
424.2710,129.9010,0.6690,1062138486300,0.0000,0.3140
423.2000,129.6820,0.6750,1062154874600,0.0000,0.3140
422.0860,129.5000,0.6820,1062154971600,0.0000,0.3140
421.1000,129.1350,0.6900,1062154979500,0.0000,0.2620
419.6860,128.4050,0.6970,1062154984000,0.0000,0.2790
418.4000,127.4200,0.7040,1062154990300,0.0000,0.2790
417.2000,126.1430,0.7110,1062171113200,0.0000,0.2790
416.0860,124.6470,0.7170,1062171298100,0.0000,0.2790
415.0570,122.8590,0.7230,1062187089900,0.0000,0.2790
414.0710,120.7430,0.7280,1062187173699,0.0000,0.2790
412.3570,116.7660,0.7330,1062187179000,0.0000,0.2790
411.2430,113.5550,0.7380,1062187182100,0.0000,0.2970
410.3430,110.7090,0.7420,1062187184500,0.0000,0.2970
408.9710,105.9300,0.7450,1062203321900,0.0000,0.2970
407.7290,101.1860,0.7480,1062203528600,0.0000,0.2970
406.5290,96.4070,0.7490,1062219239100,0.0000,0.3140
405.5430,91.5180,0.7500,1062219308900,0.0000,0.3320
404.5570,86.7380,0.7480,1062219314400,0.0000,0.3320
404.0430,82.8340,0.7460,1062219317300,0.0000,0.3320
403.3570,77.8350,0.7430,1062236453300,0.0000,0.3320
402.8430,74.1500,0.7390,1062236715100,0.0000,0.3320
402.5430,71.2310,0.7350,1062236737700,0.0000,0.3320
402.2430,68.8230,0.7310,1062236742999,0.0000,0.3320
402.0710,66.5970,0.7250,1062252316200,0.0000,0.3320
401.8570,64.4810,0.7190,1062252384800,0.0000,0.3320
401.7710,62.9120,0.7120,1062252389700,0.0000,0.3320
401.7290,61.6350,0.7020,1062268438200,0.0000,0.3320
401.6430,60.5770,0.6880,1062268507300,0.0000,0.3320
401.5570,59.9200,0.6700,1062268513000,0.0000,0.3320
401.5570,59.2270,0.6450,1062268515700,0.0000,0.3320
401.4710,58.7890,0.6150,1062285514200,0.0000,0.3320
401.4710,58.6430,0.5960,1062285604600,0.0000,0.3320
381.9290,109.2860,0.2050,1062469929000,0.0000,0.1920
381.8000,109.5780,0.3070,1062470055300,0.0180,0.2100
381.6290,109.8700,0.3500,1062470060400,0.0350,0.2280
381.5860,110.1990,0.3610,1062470062500,0.0530,0.2440
381.4140,110.5640,0.3490,1062485827600,0.0880,0.2460
381.2860,110.7090,0.3480,1062502754000,0.1050,0.2450
381.1140,111.0740,0.3560,1062502999699,0.1400,0.2450
380.9860,111.2200,0.3640,1062503054999,0.1580,0.2450
380.7290,111.5490,0.3870,1062518812399,0.1750,0.2450
380.5140,111.7680,0.4160,1062535797800,0.1750,0.2450
380.3860,112.0590,0.4470,1062535858199,0.1750,0.2450
380.1290,112.2780,0.4740,1062535861000,0.1750,0.2450
380.0860,112.5700,0.4970,1062552963600,0.1750,0.2450
380.0000,112.9720,0.5160,1062553111300,0.1750,0.2450
379.9140,113.4820,0.5320,1062568870900,0.1750,0.2450
379.9140,113.7740,0.5380,1062584800400,0.1750,0.2450
379.9140,114.1390,0.5450,1062584835100,0.1750,0.2450
379.8290,114.8320,0.5510,1062584837500,0.1750,0.2450
379.7000,115.4890,0.5570,1062584838499,0.1750,0.2450
379.6140,116.1820,0.5630,1062584839599,0.1750,0.2450
379.2290,117.1680,0.5690,1062601776900,0.1750,0.2620
379.0140,118.1160,0.5750,1062601817100,0.1760,0.2810
378.5860,119.1740,0.5800,1062617832800,0.1750,0.2980
377.9000,120.6700,0.5860,1062617882900,0.1930,0.3150
377.0000,122.0200,0.5910,1062617886100,0.1930,0.3320
376.0140,123.3700,0.5960,1062617887700,0.1930,0.3320
374.9000,124.5740,0.6000,1062633826600,0.1930,0.3320
373.6140,125.6320,0.6040,1062633857399,0.1930,0.3320
372.3710,126.6540,0.6090,1062633860100,0.2100,0.3330
371.0000,127.6390,0.6120,1062649819799,0.2100,0.3330
369.5000,128.4780,0.6160,1062649869400,0.2100,0.3330
368.0000,129.2080,0.6190,1062649872499,0.2100,0.3330
366.7570,129.7550,0.6210,1062649874200,0.2100,0.3330
365.4710,130.1200,0.6210,1062666795599,0.2100,0.3330
364.3570,130.3390,0.6180,1062666842600,0.2280,0.3330
363.2000,130.5580,0.6110,1062682863700,0.2460,0.3320
362.0000,130.6310,0.5980,1062682894500,0.2460,0.3320
360.8000,130.7040,0.5790,1062682896600,0.2460,0.3320
359.5570,130.7040,0.5530,1062682897599,0.2460,0.3320
358.4430,130.5580,0.5340,1062682898699,0.2460,0.3320
357.2860,130.3390,0.4450,1062698926000,0.2460,0.3320
356.1710,129.9010,0.3710,1062698971100,0.2460,0.3320
354.8430,128.9160,0.3090,1062698984800,0.2460,0.3320
365.9000,97.5380,0.2810,1062816258800,0.1760,0.2810
366.3710,97.1360,0.4240,1062832030000,0.1930,0.2980
366.8000,96.8450,0.4920,1062832079000,0.1930,0.2980
367.1860,96.5530,0.5140,1062832081000,0.1930,0.2980
367.5710,96.3340,0.5130,1062832081999,0.1930,0.2980
368.0860,96.0420,0.4970,1062849015999,0.1930,0.2980
368.5140,95.7860,0.4850,1062849050900,0.1930,0.2980
369.0710,95.4950,0.4760,1062849052800,0.1930,0.2980
369.5860,95.2030,0.4690,1062865063000,0.1930,0.2980
370.4000,94.8380,0.4660,1062865096600,0.1930,0.2980
371.2140,94.3640,0.4640,1062865098400,0.1930,0.2980
371.9860,93.9990,0.4640,1062865099400,0.1930,0.2980
372.8860,93.5610,0.4660,1062882018600,0.1930,0.2980
373.7000,93.0860,0.4690,1062882070299,0.1930,0.2980
374.6000,92.7220,0.4710,1062882076200,0.1930,0.2980
375.5860,92.3570,0.4740,1062882078200,0.1930,0.2980
376.4860,91.9920,0.4770,1062898093000,0.1930,0.2980
377.4290,91.5910,0.4790,1062898124999,0.1930,0.3150
378.4140,91.2990,0.4800,1062898126900,0.1930,0.3150
379.4860,91.0070,0.4760,1062914153500,0.1930,0.3150
380.3000,90.7880,0.4660,1062914186000,0.2100,0.3150
381.0290,90.5690,0.4510,1062914188199,0.2280,0.3150
381.6290,90.4960,0.4280,1062914189200,0.2460,0.3320
382.2290,90.4230,0.4080,1062931152000,0.2460,0.3320
382.7000,90.3140,0.3400,1062931199899,0.2620,0.3320
383.0000,90.3140,0.2830,1062931202400,0.2800,0.3320
363.9710,123.6620,0.3120,1063062649400,0.1750,0.2270
363.5860,124.1370,0.4720,1063062693600,0.1930,0.2450
363.2000,124.5010,0.5480,1063078392899,0.1930,0.2630
362.9000,124.7930,0.5730,1063078441700,0.2100,0.2800
362.6860,125.0120,0.5680,1063095403100,0.2110,0.2980
362.3860,125.2310,0.5400,1063095450500,0.2100,0.3150
362.3000,125.3040,0.5180,1063095452699,0.2100,0.3330
361.7860,124.8660,0.4680,1063127859799,0.2100,0.3330
361.5710,124.3550,0.4650,1063127907699,0.2100,0.3330
361.4000,123.9540,0.4660,1063127910100,0.2100,0.3330
361.1860,123.5890,0.4680,1063127911200,0.2100,0.3330
360.9710,123.1510,0.4710,1063144052899,0.2100,0.3330
360.8000,122.8590,0.4740,1063144103800,0.2100,0.3330
360.6710,122.4580,0.4770,1063144106000,0.2100,0.3330
360.5000,122.2390,0.4800,1063144107099,0.2100,0.3330
360.3710,122.0200,0.4830,1063160178200,0.2100,0.3330
360.0710,121.5820,0.4880,1063177101100,0.2100,0.3330
359.9860,121.3630,0.4900,1063177135500,0.2100,0.3330
359.8570,121.0350,0.4930,1063177146800,0.2100,0.3330
359.6430,120.7430,0.4960,1063194099800,0.2100,0.3330
359.3430,120.5240,0.4990,1063210325900,0.2100,0.3330
358.7860,120.8890,0.5010,1063226434400,0.2100,0.3330
358.6570,121.1810,0.5020,1063242576100,0.2100,0.3330
358.4860,121.3630,0.5030,1063242651000,0.2100,0.3330
358.3570,121.6550,0.5030,1063242655800,0.2100,0.3330
358.1430,121.9470,0.5040,1063242658400,0.2100,0.3330
357.8430,122.3120,0.5050,1063258642000,0.2100,0.3330
357.4570,122.7140,0.5060,1063258725900,0.2100,0.3330
357.0710,123.1510,0.5070,1063258730600,0.2100,0.3330
356.3860,123.7350,0.5080,1063258733599,0.2100,0.3330
355.8710,124.3550,0.5090,1063275520400,0.2100,0.3330
355.1860,124.9390,0.5110,1063275603800,0.2100,0.3330
354.5860,125.4860,0.5130,1063275610900,0.2100,0.3330
353.9430,125.9970,0.5150,1063292499700,0.2100,0.3330
353.1710,126.4350,0.5170,1063292581700,0.2100,0.3330
352.4860,126.9820,0.5200,1063292590999,0.2100,0.3330
351.8430,127.3470,0.5230,1063292595299,0.2100,0.3330
351.3290,127.6390,0.5260,1063309649500,0.2100,0.3330
350.7290,127.9310,0.5290,1063309760000,0.2100,0.3330
350.1710,128.1500,0.5320,1063326482600,0.2100,0.3330
349.6570,128.3320,0.5340,1063326570600,0.2100,0.3330
349.0570,128.5510,0.5370,1063326578700,0.2100,0.3330
348.5430,128.6240,0.5400,1063326584299,0.2100,0.3330
347.9430,128.7700,0.5440,1063326590700,0.2100,0.3330
347.4290,128.8430,0.5470,1063342592300,0.2100,0.3330
346.8290,128.9160,0.5500,1063342678000,0.2100,0.3330
346.3570,128.9160,0.5540,1063342683000,0.2100,0.3330
345.9290,128.9160,0.5580,1063358794700,0.2100,0.3330
345.5430,128.8430,0.5610,1063358882300,0.2100,0.3330
345.1570,128.7700,0.5640,1063358889700,0.2100,0.3330
344.7290,128.6970,0.5670,1063358893600,0.2100,0.3330
344.2570,128.4780,0.5700,1063374969199,0.2100,0.3330
343.8710,128.2230,0.5730,1063375048700,0.2100,0.3330
343.4430,127.9310,0.5750,1063391016500,0.2100,0.3330
343.0570,127.6390,0.5780,1063391107400,0.2100,0.3330
342.7140,127.2740,0.5790,1063391114200,0.2100,0.3330
342.4140,126.9820,0.5810,1063391118199,0.2100,0.3330
342.0290,126.5080,0.5830,1063391123400,0.2100,0.3330
341.8140,126.2160,0.5840,1063407165200,0.2100,0.3330
341.5140,125.7780,0.5860,1063407261699,0.2100,0.3330
341.2140,125.3040,0.5870,1063407270200,0.2100,0.3330
340.9140,125.0120,0.5880,1063423294799,0.2100,0.3330
340.6570,124.5740,0.5890,1063423396100,0.2100,0.3330
340.4430,124.3550,0.5890,1063423403100,0.2100,0.3330
340.2290,124.1370,0.5900,1063439318700,0.2100,0.3330
340.0570,123.8810,0.5900,1063439414700,0.2100,0.3330
339.7570,123.5890,0.5900,1063439435800,0.2100,0.3330
339.6290,123.4430,0.5900,1063439441499,0.2100,0.3330
339.2430,123.3700,0.5900,1063472313600,0.2100,0.3330
338.8140,123.7350,0.5890,1063488564400,0.2100,0.3330
338.7290,123.9540,0.5890,1063488945500,0.2100,0.3330
338.5140,124.1370,0.5890,1063488959200,0.2100,0.3330
338.3430,124.7200,0.5880,1063504855400,0.2100,0.3330
338.2140,124.9390,0.5880,1063505270100,0.2100,0.3330
338.0430,125.3040,0.5880,1063505281300,0.2100,0.3330
337.8290,125.7780,0.5880,1063520802199,0.2280,0.3330
337.6140,126.1430,0.5880,1063521064100,0.2280,0.3330
337.3570,126.5080,0.5880,1063537787499,0.2280,0.3330
337.0570,126.9820,0.5890,1063537923000,0.2280,0.3330
336.7140,127.4200,0.5890,1063537948100,0.2280,0.3330
336.0290,128.0040,0.5900,1063537962299,0.2460,0.3320
335.5570,128.6240,0.5910,1063537976300,0.2460,0.3320
335.0000,129.1350,0.5920,1063553893400,0.2460,0.3320
334.3140,129.6820,0.5930,1063553989199,0.2460,0.3320
333.6290,130.1200,0.5950,1063553999700,0.2460,0.3320
333.0290,130.5580,0.5960,1063554006000,0.2460,0.3320
332.3430,130.9960,0.5980,1063570883200,0.2460,0.3320
331.6140,131.5430,0.6000,1063570998500,0.2460,0.3320
330.8430,131.9810,0.6030,1063588002100,0.2460,0.3320
330.0290,132.3460,0.6050,1063588142800,0.2460,0.3320
329.3000,132.8200,0.6080,1063588152800,0.2460,0.3320
328.4000,133.2580,0.6100,1063588158200,0.2460,0.3320
327.4140,133.6230,0.6130,1063588294200,0.2460,0.3320
326.4290,134.0970,0.6170,1063604893400,0.2280,0.3330
325.4000,134.4620,0.6200,1063605012499,0.2280,0.3330
324.3290,134.9000,0.6230,1063621865200,0.2280,0.3330
323.3000,135.3010,0.6270,1063622013800,0.2280,0.3330
321.6290,135.9580,0.6300,1063622027599,0.2280,0.3330
320.4290,136.4690,0.6340,1063622032900,0.2280,0.3330
319.2710,136.9430,0.6380,1063622037600,0.2280,0.3330
318.2000,137.2350,0.6420,1063638346799,0.2280,0.3330
317.2140,137.5270,0.6460,1063638426499,0.2280,0.3330
316.1860,137.8190,0.6510,1063638432499,0.2280,0.3330
315.1140,138.1470,0.6550,1063638436000,0.2280,0.3330
314.1710,138.2930,0.6590,1063655100100,0.2280,0.3330
313.1000,138.5120,0.6630,1063655193300,0.2280,0.3330
312.2860,138.5120,0.6680,1063672047500,0.2280,0.3330
311.5140,138.5120,0.6740,1063672130800,0.2280,0.3330
310.8710,138.5120,0.6810,1063672136100,0.2280,0.3330
310.1860,138.4390,0.6870,1063672138899,0.2280,0.3330
309.5000,138.2930,0.6940,1063672141600,0.2280,0.3330
308.6860,138.0380,0.7010,1063688519999,0.2280,0.3330
307.7860,137.6730,0.7070,1063688656200,0.2280,0.3330
306.8860,137.1620,0.7130,1063704227900,0.2280,0.3330
306.0710,136.5420,0.7180,1063704537700,0.2280,0.3330
304.8710,135.4470,0.7240,1063704559699,0.2280,0.3330
303.6710,134.2430,0.7290,1063704570800,0.2280,0.3330
302.5570,132.8200,0.7330,1063721372600,0.2280,0.3330
301.4860,131.1780,0.7370,1063721589199,0.2280,0.3330
300.4570,129.1350,0.7410,1063721608099,0.2280,0.3330
298.6570,125.0850,0.7440,1063737362700,0.2280,0.3330
297.4570,121.8740,0.7480,1063737651900,0.2280,0.3330
296.0860,117.4590,0.7500,1063737882800,0.2280,0.3330
295.1860,113.8470,0.7520,1063738004000,0.2280,0.3330
294.3290,108.9950,0.7530,1063755426200,0.2280,0.3330
293.5570,104.1050,0.7530,1063755510199,0.2280,0.3330
293.1290,100.1280,0.7510,1063755515900,0.2280,0.3330
292.8290,96.8450,0.7480,1063755519000,0.2280,0.3500
292.5710,93.9260,0.7440,1063755521900,0.2280,0.3670
292.5290,91.0070,0.7420,1063772318099,0.2280,0.3670
292.4430,88.1610,0.7390,1063772409900,0.2280,0.3850
292.4430,85.6070,0.7360,1063789328399,0.2280,0.3850
292.5290,83.2720,0.7310,1063789435299,0.2280,0.3850
292.6570,81.2650,0.7250,1063789548000,0.2280,0.3850
292.8290,79.6960,0.7160,1063789615700,0.2280,0.3850
292.8710,78.4920,0.7040,1063789624199,0.2280,0.3850
293.1290,77.5070,0.6900,1063806319200,0.2280,0.3850
293.2570,76.7770,0.6740,1063806392000,0.2280,0.3850
293.4710,76.3030,0.6550,1063822720800,0.2280,0.3850
293.7290,76.0110,0.6300,1063822848999,0.2280,0.3850
293.9430,76.0110,0.6130,1063822859700,0.2280,0.3850
294.3710,76.6310,0.4800,1063822867100,0.2280,0.3850
294.6290,77.2880,0.4000,1063838958399,0.2280,0.3850
294.8430,78.3460,0.3330,1063839071800,0.2280,0.3850
330.0290,147.5610,0.0150,1064037495600,0.2280,0.2970
330.2430,148.1080,0.0420,1064037552700,0.2280,0.2970
330.4140,148.4730,0.0770,1064053041200,0.2450,0.2980
330.5430,148.8380,0.1150,1064053153000,0.1930,0.2980
330.7140,149.2030,0.1540,1064053162500,0.2110,0.2980
330.8000,149.4580,0.1940,1064053165600,0.2110,0.2980
330.8430,149.7500,0.2320,1064069391499,0.2110,0.2980
330.9290,149.9690,0.2680,1064069555500,0.2280,0.2970
331.1000,150.1880,0.3010,1064085415900,0.2450,0.2980
331.2290,150.4800,0.3590,1064085453400,0.2450,0.2980
331.2290,150.8810,0.3830,1064085455299,0.2450,0.2980
331.3140,151.1000,0.4050,1064085456800,0.2450,0.2980
331.4430,151.3190,0.4240,1064101621900,0.2450,0.2980
331.6140,151.6110,0.4370,1064101670700,0.2450,0.2980
331.7000,151.8300,0.4440,1064117791500,0.2450,0.2980
331.7430,152.1580,0.4420,1064117831900,0.2450,0.2980
331.9140,152.5960,0.4210,1064117833800,0.2450,0.2980
332.0000,152.8880,0.3510,1064117835000,0.2450,0.2980
332.0430,153.1800,0.2920,1064133809100,0.2450,0.2980
332.1290,153.3260,0.2430,1064133865500,0.2450,0.2980
283.3570,78.7840,0.1940,1064431001500,0.2090,0.0000
283.3140,78.1270,0.2890,1064431032700,0.2090,0.0000
283.2290,77.3610,0.3320,1064431036100,0.2090,0.0000
283.1430,76.8500,0.3470,1064447647300,0.2090,0.0000
283.0570,76.3030,0.3510,1064447685700,0.2090,0.0000
283.0140,75.7920,0.3500,1064447688000,0.2090,0.0000
282.9290,75.2810,0.3460,1064447689200,0.2090,0.0000
282.8430,74.8070,0.3440,1064463798700,0.2090,0.0000
282.7570,74.4420,0.3440,1064463849000,0.2090,0.0000
282.7140,74.0770,0.3460,1064479830900,0.2090,0.0000
282.6290,73.7120,0.3490,1064479880100,0.2090,0.0000
282.5430,73.4570,0.3540,1064479882200,0.2090,0.0000
282.4570,73.1650,0.3610,1064479883400,0.2090,0.0000
282.3290,72.9460,0.3700,1064479884400,0.2090,0.0000
282.1140,72.5080,0.3900,1064496070400,0.2090,0.0000
282.0290,72.2890,0.4000,1064512212200,0.2090,0.0000
281.8140,71.9610,0.4200,1064512260499,0.2090,0.0000
281.5570,71.7420,0.4380,1064528335100,0.2090,0.0000
280.9570,72.1070,0.4650,1064544547700,0.2090,0.0000
280.9140,72.3620,0.4700,1064544599000,0.2090,0.0000
280.7430,72.8730,0.4760,1064544601200,0.2090,0.0000
280.6140,73.3840,0.4810,1064560581499,0.2090,0.0000
280.5290,74.0040,0.4850,1064560619100,0.2090,0.0000
280.3570,74.6610,0.4900,1064560621099,0.2090,0.0000
280.3140,75.4270,0.4940,1064560622100,0.2090,0.0000
280.3140,76.4850,0.4990,1064576650900,0.2090,0.0000
280.3140,77.6530,0.5040,1064576681100,0.2090,0.0000
280.3140,78.9300,0.5080,1064592718200,0.2090,0.0000
280.3570,80.2800,0.5130,1064592748399,0.2090,0.0000
280.5290,82.3960,0.5180,1064592750500,0.2090,0.0000
280.6570,84.5490,0.5230,1064592751599,0.2090,0.0000
280.8290,86.6650,0.5280,1064609775200,0.2090,0.0000
280.9140,88.8180,0.5330,1064609889900,0.2090,0.0000
281.1290,91.1530,0.5380,1064609899800,0.2090,0.0000
281.2140,93.3420,0.5430,1064609904100,0.2090,0.0000
281.3430,95.5680,0.5470,1064626026700,0.2090,0.0000
281.4290,97.7570,0.5520,1064626115999,0.2090,0.0000
281.5140,99.9820,0.5560,1064626121000,0.2090,0.0000
281.5570,102.0990,0.5600,1064642981100,0.2090,0.0000
281.6430,103.8870,0.5630,1064643075400,0.2090,0.0000
281.7290,106.0030,0.5670,1064643082999,0.2090,0.0000
281.8140,107.7180,0.5710,1064643088000,0.2090,0.0000
281.8140,109.2140,0.5760,1064659036100,0.2090,0.0000
281.8570,110.5640,0.5800,1064659130000,0.2090,0.0000
281.8570,111.9130,0.5840,1064659135100,0.2090,0.0000
281.9430,113.1910,0.5870,1064675300400,0.2090,0.0000
282.0290,114.3220,0.5910,1064675395000,0.2090,0.0000
282.0290,115.4890,0.5940,1064675403400,0.2090,0.0000
282.1140,116.6930,0.5970,1064675407900,0.2090,0.0000
282.1140,117.6780,0.6000,1064691550999,0.2090,0.0000
282.1140,118.5180,0.6030,1064691623900,0.2090,0.0000
282.1140,119.3200,0.6060,1064707594400,0.2090,0.0000
282.1140,120.0860,0.6080,1064707683500,0.2090,0.0000
282.1140,120.8160,0.6100,1064707688900,0.2090,0.0000
282.1140,121.5090,0.6120,1064707691600,0.2090,0.0000
282.1140,122.1660,0.6140,1064724516600,0.2090,0.0000
282.1140,122.8590,0.6160,1064724717399,0.2090,0.0000
282.1140,123.5160,0.6180,1064724787500,0.2090,0.0000
282.1140,124.1370,0.6200,1064724796700,0.2090,0.0000
282.1140,124.7200,0.6220,1064724801500,0.2090,0.0000
282.0290,125.3040,0.6230,1064740521000,0.2090,0.0000
282.0290,125.8510,0.6250,1064740608500,0.2090,0.0000
281.9430,126.2160,0.6270,1064756582499,0.2090,0.0000
281.9430,126.5080,0.6280,1064756691099,0.2090,0.0000
281.8570,126.9090,0.6300,1064756700400,0.2090,0.0000
281.8140,127.4930,0.6340,1064773065700,0.2090,0.0000
281.7290,127.7120,0.6360,1064773155100,0.2090,0.0000
281.6430,128.0040,0.6380,1064773160100,0.2090,0.0000
281.4290,128.4050,0.6420,1064789171500,0.2090,0.0000
281.2570,128.5510,0.6440,1064789260800,0.2090,0.0000
281.1290,128.7700,0.6460,1064789267700,0.2090,0.0000
280.9140,128.9160,0.6470,1064805476400,0.2090,0.0000
280.4430,129.1350,0.6500,1064821670099,0.2090,0.0000
280.2290,129.1350,0.6520,1064821767500,0.2090,0.0000
279.9290,129.2080,0.6530,1064821775200,0.2090,0.0000
279.2430,129.1350,0.6550,1064821781400,0.2090,0.0000
278.8140,128.9160,0.6560,1064837663800,0.2090,0.0000
278.2140,128.8430,0.6570,1064837784399,0.2090,0.0000
277.7000,128.6240,0.6580,1064854696599,0.2090,0.0000
277.1000,128.4050,0.6590,1064854809700,0.2090,0.0000
276.5000,128.1500,0.6590,1064854817800,0.2090,0.0000
275.7290,127.7120,0.6600,1064854821899,0.2090,0.0000
274.9140,127.4200,0.6600,1064870699699,0.2090,0.0000
274.1000,127.1280,0.6600,1064870806899,0.2090,0.0000
273.2430,126.7270,0.6600,1064870814899,0.2090,0.0000
272.4290,126.3620,0.6600,1064870819199,0.2090,0.0000
271.6140,125.9970,0.6610,1064887686399,0.2090,0.0000
270.8000,125.6320,0.6610,1064887811699,0.2090,0.0000
269.9000,125.2310,0.6610,1064887821200,0.2090,0.0000
268.9140,124.7930,0.6620,1064904997899,0.2090,0.0000
267.9290,124.4280,0.6620,1064905136300,0.2090,0.0000
266.9860,123.8810,0.6620,1064905150699,0.2090,0.0000
265.3140,123.1510,0.6620,1064905161299,0.2090,0.0000
263.9000,122.4580,0.6610,1064921678600,0.2090,0.0000
262.3140,121.7280,0.6610,1064921864599,0.2090,0.0000
260.8140,121.1810,0.6610,1064921879499,0.2090,0.0000
259.1860,120.5240,0.6620,1064938688199,0.2090,0.0000
257.6860,120.0140,0.6610,1064938768700,0.2090,0.0000
256.2710,119.4660,0.6610,1064938775500,0.2090,0.0000
254.9860,119.1010,0.6610,1064938781900,0.2090,0.0000
253.3570,118.5910,0.6610,1064954789500,0.2090,0.0000
251.9000,118.1160,0.6610,1064955211900,0.2090,0.0000
250.7000,117.8970,0.6610,1064955222099,0.2090,0.0000
249.5000,117.6780,0.6610,1064971809500,0.2090,0.0000
248.2570,117.4590,0.6600,1064971899599,0.2090,0.0000
247.1000,117.2410,0.6600,1064971909800,0.2090,0.0000
245.9430,117.0950,0.6600,1064971914400,0.2090,0.0000
244.7860,116.9120,0.6600,1064988626099,0.2090,0.0000
243.6710,116.7660,0.6600,1064988741899,0.2090,0.0000
242.6430,116.6200,0.6600,1064988751100,0.2090,0.0000
241.7430,116.4740,0.6600,1065004752399,0.2090,0.0000
240.9710,116.4010,0.6600,1065004916599,0.2090,0.0000
240.2430,116.3280,0.6600,1065004926000,0.2090,0.0000
239.6860,116.2550,0.6600,1065004931400,0.2090,0.0000
239.1710,116.1820,0.6590,1065021880700,0.2090,0.0000
238.6570,116.1090,0.6590,1065021997500,0.2090,0.0000
238.2290,116.1090,0.6580,1065022101500,0.2090,0.0000
237.7570,116.0360,0.6580,1065022110899,0.2090,0.0000
237.2430,116.0360,0.6560,1065037643899,0.2090,0.0000
236.7710,116.0360,0.6530,1065054875300,0.2090,0.0000
236.4710,116.1090,0.6490,1065055320600,0.2090,0.0000
236.3430,116.2550,0.6480,1065055331300,0.2090,0.0000
236.3430,116.6200,0.6440,1065071585400,0.2090,0.0000
236.5570,116.9120,0.6420,1065088872699,0.2090,0.0000
237.0290,117.3860,0.6410,1065088950399,0.2090,0.0000
237.4570,117.7510,0.6410,1065088957200,0.2090,0.0000
237.9710,118.0430,0.6400,1065105563000,0.2090,0.0000
238.6570,118.5910,0.6390,1065105642499,0.2090,0.0000
239.3430,119.0280,0.6380,1065122534899,0.2090,0.0000
240.1570,119.5390,0.6380,1065122585900,0.2090,0.0000
240.8860,120.0860,0.6370,1065122587900,0.2090,0.0000
241.6570,120.5240,0.6370,1065122589000,0.2090,0.0000
242.3860,121.1080,0.6360,1065122590000,0.2090,0.0000
243.0710,121.5820,0.6360,1065139511200,0.2090,0.0000
243.7570,122.0930,0.6360,1065139580400,0.2090,0.0000
244.3570,122.6040,0.6360,1065139583500,0.2090,0.0000
244.9570,123.2240,0.6350,1065156496300,0.2090,0.0000
245.4710,123.6620,0.6350,1065156553999,0.2090,0.0000
245.8570,124.1370,0.6350,1065156557100,0.2090,0.0000
246.1570,124.5740,0.6360,1065156558500,0.2090,0.0000
246.4570,125.0120,0.6360,1065172550900,0.2090,0.0000
246.6710,125.5590,0.6370,1065172612399,0.2090,0.0000
246.8000,125.9240,0.6370,1065172615799,0.2090,0.0000
246.9710,126.4350,0.6390,1065172617900,0.2090,0.0000
247.0570,126.9090,0.6400,1065189501000,0.2090,0.0000
247.0570,127.2740,0.6420,1065189564699,0.2090,0.0000
246.9710,127.7120,0.6430,1065189580199,0.2090,0.0000
246.8860,128.1500,0.6450,1065206490399,0.2090,0.0000
246.5860,128.6970,0.6470,1065206543400,0.2090,0.0000
246.2860,129.2080,0.6480,1065206548200,0.2090,0.0000
245.6430,129.9010,0.6500,1065206551000,0.2090,0.0000
244.8710,130.5580,0.6510,1065206553100,0.2090,0.0000
244.0570,131.1780,0.6530,1065223468400,0.2090,0.0000
243.0710,131.6890,0.6540,1065223523299,0.2090,0.0000
241.5710,132.3460,0.6550,1065240467600,0.2090,0.0000
240.2430,132.8200,0.6560,1065240529900,0.2090,0.0000
238.9570,133.1850,0.6560,1065240536400,0.2090,0.0000
237.9710,133.3310,0.6550,1065240539200,0.2090,0.0000
236.9430,133.4770,0.6500,1065256462399,0.2090,0.0000
235.9570,133.4770,0.6410,1065256529300,0.2090,0.0000
234.9290,133.3310,0.6280,1065256533900,0.2090,0.0000
233.7710,133.1120,0.6090,1065272494000,0.2090,0.0000
232.7430,132.7470,0.5840,1065272550599,0.2090,0.0000
231.7570,132.2000,0.5660,1065272553900,0.2090,0.0000
230.2570,131.3240,0.4720,1065272555700,0.2090,0.0000
229.0140,130.3390,0.3930,1065289447100,0.2090,0.0000
227.8140,129.2080,0.3270,1065289487600,0.2090,0.0000
204.4140,116.0360,0.2610,1065406598300,0.2090,0.0000
203.6860,115.3430,0.3930,1065423406800,0.2090,0.0000
202.9140,114.6860,0.4570,1065423458300,0.2270,0.0000
202.4000,114.2490,0.4850,1065423459899,0.2440,0.0000
201.8860,113.7740,0.4930,1065423461100,0.2440,0.0000
201.5000,113.4820,0.4920,1065423461899,0.2440,0.0000
201.1140,113.1910,0.4840,1065440405800,0.2440,0.0000
200.8140,112.9720,0.4780,1065440462900,0.2440,0.0000
200.6000,112.7160,0.4730,1065457410700,0.2440,0.0000
200.3000,112.5700,0.4690,1065457509300,0.2440,0.0000
200.0000,112.4240,0.4660,1065457513600,0.2440,0.0000
199.7860,112.2780,0.4640,1065457515399,0.2440,0.0000
199.4860,112.1320,0.4650,1065457516900,0.2440,0.0000
199.1860,112.0590,0.4660,1065473376100,0.2440,0.0000
198.4140,111.9860,0.4730,1065490370700,0.2440,0.0000
197.8570,112.1320,0.4780,1065490421600,0.2440,0.0000
197.2570,112.1320,0.4830,1065490437300,0.2440,0.0000
196.5710,112.4240,0.4890,1065490438699,0.2440,0.0000
195.6710,112.7890,0.4950,1065490440099,0.2440,0.0000
194.6860,113.2640,0.5010,1065507455100,0.2440,0.0000
193.2710,114.0660,0.5070,1065507522400,0.2440,0.0000
191.9860,115.0510,0.5120,1065507525400,0.2440,0.0000
190.6570,116.1820,0.5160,1065507527000,0.2440,0.0000
189.3710,117.3860,0.5200,1065507530000,0.2440,0.0000
188.2570,118.5910,0.5240,1065524382699,0.2440,0.0000
187.1860,119.9410,0.5280,1065524413899,0.2440,0.0000
186.2430,121.2900,0.5310,1065540463099,0.2440,0.0000
185.3860,122.6040,0.5340,1065540503000,0.2440,0.0000
184.5710,124.0270,0.5370,1065540505000,0.2440,0.0000
184.0570,125.2310,0.5400,1065540506000,0.2440,0.0000
183.7570,126.2890,0.5420,1065556503900,0.2440,0.0000
183.5430,127.3470,0.5440,1065556542099,0.2440,0.0000
183.4570,128.3320,0.5470,1065572583400,0.2440,0.0000
183.5430,129.4270,0.5490,1065572624700,0.2440,0.0000
183.7570,130.5580,0.5510,1065572626700,0.2440,0.0000
184.2710,132.2000,0.5540,1065572627800,0.1920,0.0000
185.0430,133.8420,0.5560,1065572628700,0.2090,0.0000
185.7710,135.3740,0.5580,1065588727399,0.2270,0.0000
186.7570,136.8700,0.5590,1065588774500,0.2440,0.0000
187.7860,138.2930,0.5610,1065604823400,0.2440,0.0000
188.9860,139.6430,0.5620,1065604868899,0.2440,0.0000
190.0570,140.9200,0.5640,1065604871000,0.2440,0.0000
191.2570,142.0880,0.5650,1065604872100,0.2440,0.0000
192.4570,143.2920,0.5660,1065604873300,0.2440,0.0000
193.6570,144.4960,0.5670,1065620869000,0.2440,0.0000
194.6860,145.7000,0.5680,1065620942600,0.2440,0.0000
195.5860,146.6850,0.5690,1065637093999,0.2440,0.0000
196.2710,147.4880,0.5710,1065637303700,0.2440,0.0000
196.7860,148.3270,0.5730,1065637306400,0.2440,0.0000
197.3000,149.0570,0.5760,1065637307400,0.2440,0.0000
197.6000,149.8960,0.5800,1065654191099,0.2440,0.0000
197.8570,150.6260,0.5840,1065654327199,0.2440,0.0000
197.9000,151.3920,0.5890,1065654332700,0.2440,0.0000
197.8570,152.1580,0.5950,1065654334399,0.2440,0.0000
197.5570,153.1800,0.6000,1065654338699,0.2440,0.0000
196.7860,154.8220,0.6050,1065671115000,0.2440,0.0000
195.6710,156.4270,0.6100,1065671401200,0.2440,0.0000
194.2570,157.9960,0.6140,1065688473100,0.2440,0.0000
191.0860,160.5500,0.6190,1065688591899,0.2440,0.0000
188.3860,162.1920,0.6230,1065688601099,0.2440,0.0000
185.8570,163.3960,0.6260,1065688607999,0.2440,0.0000
183.5430,164.1990,0.6300,1065704078100,0.2440,0.0000
181.2290,164.8190,0.6340,1065704321200,0.2440,0.0000
178.8290,165.1840,0.6400,1065720230500,0.2440,0.0000
176.4290,165.3300,0.6460,1065720569800,0.2440,0.0000
174.0290,165.2570,0.6540,1065720632999,0.2440,0.0000
171.5430,164.8920,0.6610,1065720641400,0.2440,0.0000
169.2290,164.2720,0.6690,1065720646499,0.2440,0.0000
165.1140,162.7030,0.6750,1065736390900,0.2440,0.0000
162.2430,161.1340,0.6820,1065736498700,0.2440,0.0000
159.1140,158.7260,0.6860,1065752596999,0.2440,0.0000
156.8860,156.5000,0.6880,1065752904900,0.2440,0.0000
154.4860,153.0340,0.6830,1065752961800,0.2440,0.0000
152.5140,149.0570,0.6720,1065752970999,0.2440,0.0000
151.1860,144.4230,0.6570,1065752975599,0.2440,0.0000
150.6290,140.4460,0.6380,1065769608900,0.2440,0.0000
150.8000,134.4620,0.6150,1065769745300,0.2440,0.0000
152.3860,126.0700,0.5990,1065769753900,0.2440,0.0000
154.7860,118.4080,0.5650,1065769758500,0.2440,0.0000
158.3430,111.2930,0.4710,1065785762000,0.2440,0.0000
162.6290,104.7260,0.3920,1065785848400,0.2270,0.0000
167.2570,98.6320,0.3270,1065802757400,0.2090,0.0000
