721.3140,93.0860,0.3040,1068090816899,0.1750,0.3320
721.4000,92.7220,0.3930,1068106861199,0.1750,0.3320
721.4000,92.4300,0.4200,1068106921200,0.1750,0.3320
721.4860,92.1380,0.4330,1068123847099,0.1750,0.3320
721.1000,93.1590,0.4650,1068172224100,0.1750,0.3320
720.9290,94.1450,0.4680,1068172281299,0.1750,0.3320
720.8000,95.4950,0.4720,1068172284100,0.1750,0.3320
720.8860,96.8450,0.4760,1068188417200,0.1750,0.3320
720.9290,99.1800,0.4810,1068188468800,0.1750,0.3320
721.0140,101.6610,0.4860,1068205425800,0.1750,0.3320
721.1860,104.3240,0.4930,1068205466899,0.1750,0.3320
721.3140,107.0970,0.5010,1068205468800,0.1750,0.3320
721.4000,110.0530,0.5100,1068205469900,0.1750,0.3140
721.5290,113.1180,0.5190,1068205470899,0.1750,0.3140
721.7000,116.1820,0.5300,1068222379999,0.1750,0.3140
721.9140,121.7280,0.5400,1068222420300,0.1750,0.3140
721.8290,125.9240,0.5500,1068222422500,0.1750,0.3140
721.9140,129.2080,0.5600,1068222423500,0.1750,0.3140
721.8290,132.0540,0.5680,1068238391500,0.1750,0.3140
721.7000,134.9000,0.5760,1068238417600,0.1750,0.3140
721.6140,137.8190,0.5840,1068254446900,0.1750,0.3140
721.4860,140.5920,0.5910,1068254496600,0.1750,0.3140
721.4860,143.2190,0.5970,1068254498800,0.1750,0.3140
721.4860,145.5540,0.6010,1068254499800,0.1750,0.3140
721.4860,147.4150,0.6040,1068254500700,0.1750,0.3140
721.5290,148.8380,0.6050,1068271595799,0.1750,0.3140
721.6140,149.9690,0.6030,1068271884600,0.1750,0.3140
721.7000,151.0270,0.5990,1068287877100,0.1750,0.3140
721.7860,151.8300,0.5920,1068288045900,0.1750,0.3140
721.7860,152.5230,0.5840,1068288056000,0.1750,0.3140
721.8290,153.0340,0.5760,1068288060899,0.1750,0.3140
721.9140,153.4720,0.5650,1068288066300,0.1750,0.3140
721.9140,153.8000,0.5520,1068304676100,0.1750,0.3140
721.8290,154.0920,0.5150,1068304812600,0.1750,0.3140
721.4000,154.0190,0.3220,1068338237300,0.1750,0.3140
697.8710,134.0970,0.2030,1068471340000,0.1930,0.3320
697.4430,133.8420,0.2920,1068487327500,0.1930,0.3320
697.1430,133.6960,0.3140,1068487573400,0.1930,0.3320
696.8430,133.6230,0.2870,1068487612200,0.1930,0.3320
696.5430,133.4770,0.2640,1068487616700,0.1930,0.3320
696.0710,133.2580,0.2110,1068503276400,0.2100,0.3330
695.8570,133.1850,0.2160,1068519349900,0.2100,0.3330
695.4710,133.0390,0.2380,1068519444900,0.2100,0.3330
695.1710,132.9660,0.2670,1068519449700,0.2100,0.3330
694.8710,132.8200,0.2960,1068536307099,0.2100,0.3330
694.5710,132.7470,0.3240,1068552336100,0.2100,0.3330
694.1860,132.6740,0.3530,1068552384700,0.2100,0.3330
693.7570,132.7470,0.3820,1068568493800,0.2100,0.3330
693.4570,132.8200,0.3960,1068568591300,0.2100,0.3330
693.1570,132.9660,0.4090,1068584906900,0.2100,0.3330
692.7710,133.1120,0.4230,1068584977700,0.2100,0.3330
692.2570,133.2580,0.4350,1068584983900,0.2100,0.3330
691.5710,133.4770,0.4480,1068584987199,0.2100,0.3330
690.9710,133.6230,0.4590,1068584990300,0.2100,0.3330
690.3710,133.8420,0.4690,1068601081900,0.2100,0.3330
689.4710,134.0970,0.4790,1068601202600,0.2100,0.3330
688.4430,134.3890,0.4880,1068617871100,0.2100,0.3330
687.3710,134.6080,0.4960,1068617966500,0.2100,0.3330
686.2570,134.8270,0.5030,1068617976500,0.2100,0.3330
685.0570,134.9000,0.5100,1068617979599,0.2100,0.3330
683.0430,135.1190,0.5160,1068634849600,0.2100,0.3330
681.4570,135.1190,0.5220,1068634960300,0.2100,0.3330
680.4290,135.1190,0.5270,1068634970600,0.2100,0.3330
679.4430,135.0460,0.5320,1068650951800,0.2100,0.3330
678.1570,134.9000,0.5370,1068651047800,0.2100,0.3330
677.4290,134.6810,0.5410,1068651057800,0.2100,0.3330
676.4430,134.3890,0.5450,1068651061399,0.2100,0.3330
675.6290,133.9510,0.5490,1068667853100,0.2100,0.3330
674.9430,133.3310,0.5520,1068667955400,0.2100,0.3330
674.3430,132.6740,0.5540,1068667964900,0.2100,0.3330
673.7430,131.9080,0.5550,1068667970600,0.2100,0.3330
672.8430,130.6310,0.5560,1068667975800,0.2100,0.3330
672.2430,129.4270,0.5550,1068684124299,0.2100,0.3330
671.9000,128.3320,0.5530,1068684194300,0.2100,0.3330
671.6430,127.2010,0.5500,1068700229300,0.2100,0.3330
671.4290,126.1430,0.5470,1068700284200,0.2100,0.3330
671.3430,125.1580,0.5450,1068700287299,0.2100,0.3330
671.3430,124.4280,0.5420,1068700290000,0.2100,0.3330
671.4290,123.6620,0.5400,1068716237200,0.2100,0.3330
671.5140,122.9320,0.5380,1068716333800,0.2100,0.3330
671.6000,122.3850,0.5360,1068716341500,0.2100,0.3330
671.8140,121.8740,0.5340,1068732443000,0.2100,0.3330
671.9430,121.3630,0.5320,1068732547900,0.2100,0.3330
672.1140,121.0350,0.5300,1068732555900,0.2100,0.3330
672.5000,120.6700,0.5280,1068732560200,0.2100,0.3330
672.8000,120.4510,0.5260,1068748648999,0.2100,0.3330
673.0140,120.3780,0.5250,1068748751099,0.2100,0.3330
673.3140,120.3780,0.5240,1068764953100,0.2100,0.3330
674.1290,120.6700,0.5230,1068765055800,0.2100,0.3330
674.5570,120.9620,0.5230,1068765065699,0.2100,0.3330
675.3290,121.5090,0.5230,1068781689100,0.2100,0.3330
676.0570,122.0930,0.5240,1068781782000,0.2100,0.3330
676.8290,122.7860,0.5250,1068781789800,0.2100,0.3330
677.8570,123.8810,0.5270,1068781794199,0.2100,0.3330
678.7570,124.7930,0.5290,1068798349299,0.2100,0.3330
679.4430,125.7050,0.5310,1068798446999,0.2100,0.3330
680.0430,126.4350,0.5330,1068798452199,0.2100,0.3330
680.5570,127.2740,0.5340,1068814596700,0.2100,0.3330
681.0290,128.0770,0.5360,1068814688100,0.2100,0.3330
681.4570,128.9160,0.5380,1068814693200,0.2100,0.3330
681.8430,129.6820,0.5400,1068814695999,0.2100,0.3330
682.2290,130.3390,0.5420,1068830862300,0.2100,0.3330
682.5290,130.9230,0.5450,1068830959200,0.2100,0.3330
682.6570,131.4700,0.5470,1068847056000,0.2100,0.3330
682.8710,131.9810,0.5510,1068847163700,0.2100,0.3330
682.9570,132.5280,0.5550,1068847171899,0.2100,0.3330
682.8710,133.1120,0.5590,1068847176600,0.2100,0.3330
682.8290,133.6230,0.5630,1068847180799,0.2100,0.3330
682.6570,134.2430,0.5670,1068863901400,0.2100,0.3330
682.3570,134.8270,0.5720,1068863988900,0.2100,0.3330
682.0140,135.5930,0.5760,1068863999900,0.2100,0.3330
681.3290,136.3230,0.5810,1068864004900,0.2100,0.3330
680.2570,137.4540,0.5870,1068880874100,0.2100,0.3330
679.0140,138.4390,0.5920,1068880976200,0.2100,0.3330
677.9430,139.2420,0.5980,1068897158700,0.2100,0.3330
676.3570,140.1540,0.6040,1068897258499,0.2100,0.3330
675.0290,140.9200,0.6100,1068897263700,0.2100,0.3330
673.4430,141.7960,0.6160,1068897266499,0.2100,0.3330
671.8140,142.5620,0.6220,1068897269300,0.2100,0.3330
670.1430,143.2190,0.6290,1068914041400,0.2100,0.3330
668.3000,143.8390,0.6340,1068914150900,0.2100,0.3330
666.5430,144.4230,0.6400,1068930055300,0.2100,0.3330
665.1290,144.8610,0.6450,1068930130900,0.2100,0.3330
663.8860,145.2620,0.6490,1068930136300,0.2100,0.3330
662.0860,145.6270,0.6530,1068930139399,0.2100,0.3330
660.5860,145.8460,0.6570,1068947112600,0.2100,0.3330
659.2140,146.0650,0.6610,1068947232000,0.2100,0.3330
658.1000,146.1380,0.6640,1068947240300,0.2100,0.3330
657.1140,146.2110,0.6660,1068947244700,0.2100,0.3330
656.3000,146.2110,0.6660,1068947248700,0.2100,0.3330
655.4860,146.1380,0.6620,1068964053200,0.2100,0.3330
654.5000,146.0650,0.6540,1068964125400,0.2100,0.3330
653.3860,145.8460,0.6410,1068980189800,0.2100,0.3500
652.4000,145.6270,0.6230,1068980291300,0.2100,0.3670
651.5000,145.3350,0.5980,1068980299699,0.2100,0.3670
650.6860,145.0070,0.5790,1068980304500,0.2100,0.3850
649.7860,144.4960,0.4820,1068980308600,0.2100,0.3850
649.0570,144.0580,0.4020,1068996471300,0.2100,0.3850
648.4570,143.2920,0.3350,1068996587500,0.2100,0.3850
661.1860,113.6280,0.1920,1069129608799,0.0870,0.2790
661.6140,113.1180,0.2820,1069129670200,0.0880,0.2980
662.1290,112.7890,0.3140,1069129673100,0.0880,0.2980
662.6000,112.4970,0.3180,1069129674900,0.0880,0.2980
663.0290,112.2780,0.3090,1069146445899,0.0880,0.2980
663.6290,112.0590,0.3030,1069146499100,0.1050,0.2980
664.1000,111.8410,0.3040,1069163434600,0.1230,0.2980
664.5290,111.6220,0.3090,1069163503000,0.1400,0.2970
664.9140,111.3660,0.3160,1069163519499,0.1570,0.2970
665.3860,111.1470,0.3260,1069163521200,0.1750,0.2980
665.8140,110.9280,0.3360,1069163522800,0.1930,0.2980
666.3290,110.7090,0.3480,1069179568200,0.2110,0.2980
666.8000,110.4910,0.3600,1069179609200,0.2280,0.2970
667.4000,110.1990,0.3720,1069179612599,0.2450,0.2980
668.2140,109.8700,0.3840,1069179614400,0.2450,0.2980
669.1140,109.5780,0.3940,1069195585200,0.2450,0.3140
669.8430,109.2860,0.4040,1069195645200,0.2460,0.3320
670.5290,109.0680,0.4130,1069211604600,0.2460,0.3320
671.5140,108.7760,0.4210,1069211637700,0.2460,0.3320
672.4140,108.4470,0.4270,1069211639899,0.2460,0.3320
673.4000,108.1550,0.4310,1069211641000,0.2460,0.3320
674.0430,107.9360,0.4300,1069211642100,0.2460,0.3320
674.7290,107.7910,0.4210,1069227892400,0.2460,0.3320
675.2430,107.6450,0.4050,1069227925500,0.2460,0.3320
675.7140,107.5720,0.3800,1069244819100,0.2460,0.3320
676.0140,107.4990,0.3170,1069244858100,0.2460,0.3320
676.3140,107.4990,0.2640,1069244860400,0.2460,0.3320
647.6000,143.4380,0.0100,1069439672199,0.0000,0.3670
647.0860,143.4380,0.0370,1069439717700,0.0000,0.3670
646.5710,143.5110,0.0710,1069456502400,0.0000,0.3670
646.1000,143.4380,0.1080,1069456550899,0.0000,0.3670
645.7570,143.4380,0.1450,1069456552700,0.0000,0.3670
645.2860,143.2920,0.1820,1069456553799,0.0000,0.3670
645.0710,143.2920,0.2180,1069472756700,0.0000,0.3670
644.6000,143.2190,0.2520,1069472812000,0.0000,0.3670
644.1720,143.0000,0.2840,1069472814600,0.0000,0.3670
643.7860,142.8540,0.3150,1069472816300,0.0000,0.3670
643.4000,142.6350,0.3430,1069472817800,0.0000,0.3670
643.1000,142.3430,0.3690,1069489088000,0.0000,0.3670
642.7570,142.0150,0.3930,1069489152299,0.0000,0.3670
642.4570,141.6500,0.4150,1069506006600,0.0000,0.3670
642.0710,141.2850,0.4340,1069506069399,0.0000,0.3670
641.7710,140.8110,0.4520,1069506104200,0.0000,0.3670
641.3860,140.4460,0.4680,1069506106399,0.0000,0.3670
641.0430,139.9350,0.4830,1069522985200,0.0000,0.3670
640.7430,139.4970,0.4960,1069524111100,0.0000,0.3670
640.4430,138.9500,0.5080,1069540006900,0.0000,0.3670
640.1430,138.4390,0.5180,1069540088700,0.0000,0.3670
639.8430,137.8190,0.5280,1069540092799,0.0000,0.3670
639.5430,137.0890,0.5360,1069540094799,0.0000,0.3670
639.1570,136.3230,0.5440,1069540096300,0.0000,0.3670
638.9430,135.5930,0.5490,1069556983400,0.0000,0.3670
638.6860,134.9000,0.5530,1069557072699,0.0000,0.3670
638.5570,134.3160,0.5540,1069557080200,0.0000,0.3670
638.3860,133.6960,0.5520,1069573963900,0.0000,0.3670
638.3430,133.1120,0.5470,1069574036700,0.0000,0.3670
638.2570,132.5280,0.5380,1069574048799,0.0000,0.3670
638.0860,132.0540,0.5240,1069574051699,0.0000,0.3670
638.0860,131.6890,0.5050,1069591081900,0.0000,0.3670
638.0430,131.3240,0.4770,1069591563400,0.0000,0.3670
638.0430,130.9960,0.3790,1069591616300,0.0000,0.2970
621.3290,133.8420,0.0070,1069761527599,0.0000,0.3840
620.6430,133.6230,0.0300,1069762591100,0.0000,0.3840
619.6570,133.4040,0.0600,1069763539200,0.0000,0.3840
618.7570,133.1120,0.0930,1069764413200,0.0000,0.3840
618.0290,132.8930,0.1270,1069777829700,0.0000,0.3840
617.3430,132.6740,0.1620,1069777876000,0.0000,0.3840
616.7430,132.5280,0.1950,1069777879300,0.0000,0.3840
616.3140,132.2730,0.2270,1069777890600,0.0000,0.3840
615.8430,132.0540,0.2570,1069777901400,0.0000,0.3840
615.4140,131.9080,0.2850,1069794885699,0.0000,0.3840
614.9430,131.6890,0.3110,1069794973200,0.0000,0.3840
614.6000,131.5430,0.3350,1069794979900,0.0000,0.3840
614.3000,131.3240,0.3570,1069811814700,0.0000,0.3840
614.0430,131.2510,0.3780,1069811877000,0.0000,0.3840
613.7430,130.9960,0.4120,1069811880100,0.0000,0.3840
613.6140,130.6310,0.4400,1069828791800,0.0000,0.3840
613.7000,130.1200,0.4620,1069845808200,0.0000,0.3840
614.0000,129.7550,0.4710,1069845892800,0.0000,0.3840
614.6430,129.2080,0.4790,1069845896600,0.0000,0.3840
615.5000,128.5510,0.4860,1069845898399,0.0000,0.3840
617.0430,127.4930,0.4910,1069862794400,0.0000,0.3840
618.8430,126.3620,0.4960,1069862849200,0.0000,0.3840
620.9430,125.3040,0.4990,1069879777200,0.0000,0.3840
624.8430,123.3700,0.5030,1069879831199,0.0000,0.3840
627.6290,121.9470,0.5050,1069879835300,0.0000,0.3840
629.9430,120.8160,0.5080,1069879837100,0.0000,0.3840
631.8290,120.0140,0.5100,1069879838600,0.0000,0.3840
633.7570,119.3200,0.5110,1069896767600,0.0000,0.3840
635.4710,118.6640,0.5130,1069896816400,0.0000,0.3840
637.0570,118.1160,0.5140,1069913750600,0.0000,0.3840
638.0860,117.6780,0.5150,1069913784900,0.0000,0.3840
638.9860,117.3860,0.5160,1069913791400,0.0000,0.3840
639.5860,117.0950,0.5160,1069913793799,0.0000,0.3840
640.1430,116.9120,0.5170,1069913795799,0.0000,0.3840
640.6570,116.7660,0.5170,1069930858700,0.0000,0.3840
641.0860,116.6200,0.5170,1069930931500,0.0000,0.3840
641.4710,116.5470,0.5180,1069930935500,0.0000,0.3840
641.6430,116.4740,0.5180,1069930937700,0.0000,0.3840
641.0860,117.4590,0.5140,1069996048000,0.0000,0.3840
640.9570,117.8240,0.5140,1069996085499,0.0000,0.3840
640.6570,118.2620,0.5140,1069996087800,0.0000,0.3840
640.4430,118.8090,0.5130,1070012982900,0.0000,0.3840
640.1860,119.3200,0.5130,1070013016400,0.0000,0.3840
639.7570,120.2320,0.5130,1070029988000,0.0000,0.3840
639.3710,121.0350,0.5130,1070030025200,0.0000,0.3840
638.9860,121.9470,0.5130,1070030027900,0.0000,0.3840
638.5570,122.9320,0.5130,1070030029699,0.0000,0.3840
638.0430,123.9540,0.5140,1070030030899,0.0000,0.3840
637.4430,125.5590,0.5140,1070046974899,0.0000,0.3840
636.8430,126.9090,0.5160,1070047010800,0.0000,0.3840
636.1570,128.4050,0.5180,1070064000800,0.0000,0.3840
635.5570,129.9010,0.5200,1070064035200,0.0000,0.3840
634.7860,131.5430,0.5220,1070064037700,0.0000,0.3840
634.1430,133.1120,0.5250,1070064044000,0.0000,0.3840
633.3280,134.6810,0.5290,1070064045300,0.0000,0.3840
632.5570,136.2500,0.5320,1070081002700,0.0000,0.3840
631.7430,137.8190,0.5370,1070081040900,0.0000,0.3840
630.8430,139.3880,0.5410,1070081043299,0.0000,0.3840
630.0290,140.9200,0.5460,1070081044500,0.0000,0.3840
628.9570,142.4160,0.5510,1070097956000,0.0000,0.3840
627.9290,143.8390,0.5560,1070098038200,0.0000,0.3840
626.8570,145.1890,0.5610,1070114078699,0.0000,0.3840
625.7430,146.5390,0.5660,1070114165199,0.0000,0.3840
624.5430,147.7070,0.5710,1070114181800,0.0000,0.3840
623.3430,148.8380,0.5770,1070114185200,0.0000,0.3840
622.0570,149.8960,0.5820,1070114188100,0.0180,0.3850
621.1140,150.7350,0.5870,1070130939599,0.0530,0.3850
620.2140,151.4650,0.5930,1070131040000,0.0700,0.3840
619.3140,152.1580,0.5980,1070147946000,0.0880,0.3850
618.5430,152.8150,0.6030,1070148010000,0.1050,0.3850
617.3000,153.6540,0.6070,1070148015199,0.1230,0.3840
616.2290,154.3840,0.6120,1070148017900,0.1400,0.3850
615.2000,155.0040,0.6160,1070164939600,0.1580,0.3840
614.4290,155.5150,0.6210,1070165008100,0.1750,0.3840
613.7000,156.0260,0.6250,1070165033100,0.1920,0.3850
612.8000,156.5000,0.6280,1070165039100,0.2100,0.3850
611.7290,157.0110,0.6320,1070165068699,0.2100,0.3850
610.9140,157.4490,0.6360,1070181263000,0.2100,0.3850
610.0140,157.9230,0.6390,1070181348900,0.2100,0.3850
608.9860,158.2880,0.6420,1070198160299,0.2100,0.3850
607.9140,158.7260,0.6450,1070198246600,0.2100,0.3850
606.8860,159.0180,0.6470,1070198255100,0.2100,0.3850
606.1140,159.4190,0.6500,1070198262200,0.2100,0.3850
605.1290,159.7110,0.6520,1070214377000,0.2100,0.3850
604.4860,159.9300,0.6540,1070214472200,0.2100,0.3850
603.8000,160.0760,0.6570,1070214477499,0.2100,0.3850
603.2000,160.2950,0.6590,1070230606400,0.2100,0.3850
602.6000,160.5500,0.6610,1070230694200,0.2100,0.3850
602.0860,160.6960,0.6630,1070230703100,0.2100,0.3850
601.5710,160.7690,0.6650,1070230708600,0.2100,0.3850
600.8860,160.8420,0.6670,1070247055000,0.2100,0.3850
600.5000,160.9150,0.6700,1070247140900,0.2100,0.3850
600.1140,160.9150,0.6720,1070263133299,0.2100,0.3850
599.6860,160.9150,0.6740,1070263236800,0.2100,0.3850
599.4710,160.9150,0.6760,1070263259000,0.2100,0.3850
598.6140,160.7690,0.6800,1070280162999,0.2100,0.3850
598.1860,160.5500,0.6810,1070280249400,0.2100,0.3850
597.6710,160.2950,0.6820,1070280260500,0.2100,0.3850
597.2860,160.0030,0.6820,1070280265899,0.2100,0.3850
596.9000,159.5650,0.6810,1070280270300,0.2100,0.3850
596.6000,159.0910,0.6780,1070296159400,0.2100,0.3850
596.0860,158.3610,0.6740,1070296232299,0.2100,0.3850
595.6140,157.5220,0.6690,1070313113200,0.2100,0.3850
595.1860,156.7190,0.6630,1070313169600,0.2100,0.3850
594.8000,155.7340,0.6570,1070313184700,0.2100,0.3850
594.3710,154.7490,0.6510,1070313187700,0.2100,0.3850
593.5570,153.4720,0.6460,1070313190200,0.2100,0.3850
592.8710,152.3770,0.6410,1070330113700,0.2100,0.3850
592.2710,151.3920,0.6350,1070330210099,0.2100,0.3850
591.8860,150.6260,0.6310,1070346135900,0.2100,0.3850
591.4570,149.9690,0.6270,1070346197000,0.2100,0.3850
591.0710,149.3120,0.6230,1070346201699,0.2100,0.3850
590.7710,148.8380,0.6190,1070346204600,0.2100,0.3850
590.6000,148.4730,0.6160,1070346207099,0.2100,0.3850
590.3860,148.1080,0.6130,1070362171800,0.2100,0.3850
590.1710,147.7070,0.6090,1070362245000,0.2100,0.3850
590.0860,147.4880,0.6060,1070378430900,0.2100,0.3850
590.0860,147.0500,0.6000,1070378610100,0.2100,0.3850
590.3000,146.8310,0.5950,1070395347500,0.2100,0.3850
590.7710,146.6850,0.5920,1070395601300,0.2100,0.3850
591.2860,146.6120,0.5900,1070395631800,0.2100,0.3850
592.1000,146.6120,0.5880,1070395639700,0.2100,0.3850
593.3000,146.5390,0.5870,1070395645500,0.2100,0.3850
594.5860,146.5390,0.5850,1070412420200,0.2100,0.3850
595.9140,146.6120,0.5840,1070412518500,0.2100,0.3850
597.2860,146.6850,0.5820,1070429310100,0.2100,0.3850
599.4710,146.9040,0.5810,1070429460900,0.2100,0.3850
601.4000,147.1960,0.5810,1070429573500,0.2100,0.3850
602.9860,147.4880,0.5800,1070429585800,0.2100,0.3850
604.2290,147.7800,0.5800,1070445343000,0.2100,0.3850
605.3860,148.1080,0.5800,1070445425700,0.2100,0.3850
606.4140,148.5460,0.5810,1070445431500,0.2100,0.3850
607.4000,148.9110,0.5820,1070461366300,0.2100,0.3850
608.2140,149.4580,0.5830,1070461449200,0.2100,0.3850
608.9860,149.9690,0.5850,1070461469200,0.2100,0.3850
609.5860,150.4800,0.5870,1070461472000,0.2100,0.3850
610.0140,151.2460,0.5900,1070477573100,0.2100,0.3850
610.4430,151.9760,0.5940,1070477678900,0.2100,0.3850
610.7000,152.6690,0.5980,1070493827800,0.2100,0.3850
610.8280,153.3990,0.6020,1070493912299,0.2100,0.3850
610.9140,154.0920,0.6070,1070493917200,0.2100,0.3850
610.7430,154.8220,0.6120,1070493919800,0.2100,0.3850
610.6140,155.8800,0.6160,1070509928400,0.2100,0.3850
610.4430,156.8650,0.6210,1070510015000,0.2100,0.3850
610.0140,157.9960,0.6250,1070510023099,0.2100,0.3850
609.6290,159.0180,0.6300,1070525961300,0.2100,0.3850
608.8140,160.5500,0.6340,1070526048200,0.2100,0.3850
608.2140,161.7910,0.6380,1070526054100,0.2100,0.3850
607.3140,163.2140,0.6410,1070526056600,0.2100,0.3850
606.2860,164.6360,0.6450,1070526059100,0.2100,0.3850
605.3860,165.9140,0.6480,1070542223900,0.2100,0.3850
604.1000,167.1910,0.6510,1070558260500,0.2100,0.3850
602.9860,168.3950,0.6540,1070558354300,0.2100,0.3850
601.9140,169.5990,0.6560,1070558363100,0.2100,0.3850
600.8860,170.7300,0.6580,1070558368100,0.2100,0.3850
599.5140,171.7880,0.6590,1070558372700,0.2100,0.3850
598.4860,172.5910,0.6560,1070574591999,0.2100,0.3850
597.7140,173.2840,0.6490,1070574696800,0.2100,0.3850
596.9860,173.9410,0.6370,1070574708200,0.2100,0.3850
596.0860,174.4510,0.6220,1070574713700,0.2100,0.3850
595.2710,175.0720,0.6020,1070590835000,0.2100,0.3850
594.5000,175.5090,0.5760,1070590928099,0.2100,0.3850
593.8140,175.8740,0.5570,1070607799299,0.2100,0.3850
593.0860,176.1300,0.4640,1070607874600,0.2100,0.3850
592.5710,176.2760,0.3870,1070607880000,0.2100,0.3850
592.1000,176.2760,0.3220,1070607882500,0.2100,0.3850
628.0570,164.3450,0.2690,1070738467599,0.1930,0.3150
628.5290,164.4180,0.4080,1070738505200,0.1930,0.3320
629.0430,164.4180,0.4770,1070738508299,0.1930,0.3320
629.4710,164.4910,0.5070,1070754293199,0.1930,0.3320
629.8570,164.4910,0.5180,1070754351699,0.1930,0.3320
630.2430,164.5640,0.5220,1070754353500,0.1930,0.3320
630.5430,164.6360,0.5220,1070754354500,0.1930,0.3320
630.8430,164.6360,0.5200,1070770687000,0.1930,0.3320
631.0570,164.7460,0.5200,1070770741099,0.1930,0.3320
631.5710,164.8920,0.5200,1070786736000,0.1930,0.3320
631.7430,164.8920,0.5200,1070786971900,0.1930,0.3320
631.9570,165.1110,0.5210,1070786994500,0.1930,0.3320
632.2570,165.2570,0.5210,1070802938099,0.1930,0.3320
632.4710,165.4030,0.5190,1070803097400,0.2100,0.3330
632.7290,165.5490,0.5130,1070803176200,0.2100,0.3330
632.9430,165.6950,0.5010,1070819048600,0.2100,0.3330
633.1570,165.8410,0.4790,1070819092499,0.2100,0.3330
633.3280,165.9870,0.4570,1070819094700,0.2100,0.3330
633.6290,166.0590,0.3810,1070819095800,0.2100,0.3330
633.9710,166.0590,0.2650,1070835103500,0.2100,0.3330
563.0430,92.0650,0.2680,1071101402400,0.2100,0.3500
563.0430,91.4450,0.4080,1071101462400,0.2100,0.3670
563.0430,90.9340,0.4790,1071101468500,0.2100,0.3850
563.0430,90.5690,0.5120,1071101470399,0.2100,0.3850
563.0430,90.1680,0.5260,1071117935800,0.2100,0.3850
563.0430,89.8030,0.5310,1071117986199,0.2100,0.3850
563.0430,89.3650,0.5300,1071134223300,0.2100,0.3850
563.1290,89.1460,0.5260,1071134272600,0.2100,0.3850
563.0430,90.5690,0.5220,1071167198599,0.2100,0.3850
563.0430,91.2990,0.5220,1071167245899,0.2100,0.3850
563.0430,92.5030,0.5230,1071183236300,0.2100,0.3850
563.1290,93.8530,0.5250,1071183269500,0.2100,0.3850
563.2140,95.9320,0.5270,1071200192999,0.2100,0.3850
563.3430,98.1950,0.5300,1071200231999,0.2100,0.3850
563.5140,100.5300,0.5330,1071200236899,0.2100,0.3850
563.5570,103.3030,0.5380,1071200237999,0.2100,0.3850
563.7290,106.1490,0.5440,1071200239200,0.2100,0.3670
563.7290,109.2860,0.5500,1071216479799,0.2100,0.3500
564.0290,114.8320,0.5560,1071216569300,0.2100,0.3500
564.2430,118.8820,0.5620,1071216579900,0.2100,0.3500
564.2430,122.2390,0.5680,1071216586199,0.2100,0.3500
564.2430,125.2310,0.5750,1071233446499,0.2100,0.3500
564.1570,128.3320,0.5810,1071233516900,0.2100,0.3500
564.2430,131.4700,0.5870,1071250426399,0.2100,0.3500
564.0290,137.0890,0.5930,1071250497600,0.2100,0.3500
563.9430,140.9200,0.5990,1071250502500,0.2100,0.3500
563.8140,144.0580,0.6050,1071250505000,0.2100,0.3500
563.7290,146.6120,0.6120,1071250507300,0.2100,0.3500
563.6430,149.1300,0.6180,1071267401099,0.2100,0.3500
563.4290,151.6840,0.6260,1071267496300,0.2100,0.3500
563.0430,154.0920,0.6330,1071284433800,0.2100,0.3500
562.6570,156.5000,0.6400,1071284527900,0.2100,0.3500
562.2290,158.7260,0.6470,1071284535999,0.2100,0.3500
561.6290,160.9880,0.6540,1071284540599,0.2100,0.3500
560.9430,163.1410,0.6620,1071284544700,0.2100,0.3500
560.1290,165.1840,0.6690,1071300562100,0.2100,0.3500
559.0140,167.0450,0.6750,1071300664500,0.2100,0.3500
557.9000,168.8320,0.6820,1071317006499,0.2100,0.3500
556.5290,170.5840,0.6880,1071317100799,0.2100,0.3500
555.0290,172.2260,0.6940,1071317108499,0.2100,0.3500
551.8140,174.7800,0.7000,1071317112499,0.2100,0.3500
549.3290,176.4220,0.7050,1071333983700,0.2280,0.3500
546.9290,177.5530,0.7100,1071334074899,0.2280,0.3500
545.0860,178.2820,0.7140,1071334080800,0.2460,0.3500
542.9000,178.9030,0.7180,1071334083400,0.2460,0.3500
540.6720,179.2680,0.7220,1071334085799,0.2460,0.3500
538.5710,179.4140,0.7260,1071350953700,0.2460,0.3500
536.1710,179.2680,0.7290,1071351085300,0.2460,0.3500
534.2000,178.8300,0.7330,1071367078000,0.2460,0.3500
532.1860,177.9910,0.7350,1071367169500,0.2460,0.3500
530.5570,176.8590,0.7370,1071367177099,0.2460,0.3500
528.9710,175.4360,0.7380,1071367181500,0.2460,0.3500
526.5710,172.0800,0.7330,1071384041300,0.2460,0.3500
525.2860,169.1610,0.7240,1071384144500,0.2460,0.3500
524.6430,166.2420,0.7100,1071384152800,0.2460,0.3500
523.7860,161.2800,0.6890,1071400392700,0.2460,0.3500
523.4860,157.1570,0.6600,1071400483800,0.2460,0.3500
523.5710,153.4720,0.6410,1071400488900,0.2460,0.3500
523.8710,148.1080,0.6010,1071400491599,0.2460,0.3500
524.1720,144.2040,0.5010,1071416633000,0.2460,0.3500
524.5570,141.2120,0.4170,1071416701100,0.2460,0.3500
524.8570,138.8040,0.3480,1071416724400,0.2280,0.3500
486.0710,129.5730,0.2670,1071761356100,0.2280,0.3330
486.3710,128.8430,0.4030,1071761408500,0.2280,0.3330
486.6720,128.1500,0.4740,1071761412300,0.2280,0.3330
486.8860,127.6390,0.5070,1071761414000,0.2460,0.3320
487.0140,127.1280,0.5220,1071777227999,0.2460,0.3320
487.3140,126.7270,0.5280,1071777282000,0.2460,0.3320
487.5710,126.3620,0.5290,1071777299099,0.2460,0.3320
487.8710,125.9970,0.5290,1071777300600,0.2460,0.3320
488.0860,125.7050,0.5280,1071777301600,0.2460,0.3320
488.2140,125.4860,0.5270,1071793265300,0.2460,0.3320
488.4710,125.2310,0.5260,1071793296800,0.2460,0.3320
488.6000,125.0120,0.5250,1071809364900,0.2460,0.3320
488.7710,124.7930,0.5240,1071809424900,0.2460,0.3320
488.9860,124.5010,0.5250,1071809428200,0.2460,0.3320
489.2000,124.1370,0.5270,1071825536900,0.2460,0.3320
489.4140,124.1370,0.5340,1071841606499,0.2460,0.3320
489.6290,124.6470,0.5440,1071857804600,0.2460,0.3500
489.6290,125.0120,0.5470,1071857856099,0.2460,0.3500
489.7140,125.6320,0.5510,1071874819800,0.2460,0.3500
489.7140,126.4350,0.5560,1071874901400,0.2460,0.3500
489.6290,127.5660,0.5600,1071874910100,0.2460,0.3500
489.5000,128.9160,0.5650,1071874915100,0.2460,0.3500
489.4140,131.1050,0.5690,1071891008500,0.2460,0.3500
489.1140,133.2580,0.5730,1071891228700,0.2460,0.3500
488.8140,135.4470,0.5770,1071907804799,0.2460,0.3500
488.4710,137.6730,0.5800,1071907884400,0.2460,0.3500
488.0860,139.7160,0.5840,1071907891200,0.2460,0.3500
487.7000,141.7960,0.5870,1071907894200,0.2460,0.3500
487.1000,143.6570,0.5910,1071907896600,0.2460,0.3500
486.6720,145.5540,0.5950,1071924779500,0.2460,0.3500
486.2000,147.2690,0.6000,1071924897800,0.2460,0.3500
485.7710,148.6920,0.6040,1071924908100,0.2460,0.3500
485.3000,149.8230,0.6080,1071924924200,0.2460,0.3500
484.8710,150.8810,0.6120,1071940861099,0.2460,0.3500
484.4000,151.8300,0.6160,1071940955399,0.2460,0.3500
483.8860,152.7420,0.6200,1071957793900,0.2460,0.3500
483.4140,153.4720,0.6240,1071957889300,0.2460,0.3500
482.9000,154.2380,0.6270,1071957898700,0.2460,0.3500
482.4710,154.9310,0.6310,1071957903300,0.2460,0.3500
482.0000,155.4420,0.6340,1071957909100,0.2460,0.3500
481.5710,155.8800,0.6370,1071974744200,0.2460,0.3500
481.0140,156.1720,0.6400,1071974867800,0.2460,0.3500
480.7140,156.5000,0.6430,1071974878300,0.2460,0.3500
480.3710,156.7190,0.6450,1071974883100,0.2460,0.3500
479.9000,156.8650,0.6470,1071990841600,0.2460,0.3500
479.5570,156.8650,0.6480,1071990936800,0.2460,0.3500
479.1720,156.8650,0.6490,1071990944700,0.2460,0.3500
478.6570,156.7190,0.6490,1072006946900,0.2460,0.3500
478.1000,156.4270,0.6480,1072007046900,0.2460,0.3500
477.4570,155.9530,0.6470,1072007052600,0.2460,0.3500
476.6860,155.2960,0.6440,1072007055200,0.2460,0.3500
476.0860,154.6760,0.6410,1072023831400,0.2460,0.3500
475.4860,153.8730,0.6390,1072023930399,0.2460,0.3500
474.8000,153.0340,0.6360,1072040047799,0.2460,0.3500
474.2000,152.2310,0.6340,1072040124599,0.2460,0.3500
473.6000,151.3920,0.6320,1072040130100,0.2460,0.3500
473.0000,150.6260,0.6310,1072040134400,0.2460,0.3500
472.4430,149.8960,0.6300,1072040136800,0.2460,0.3500
471.8860,149.2030,0.6290,1072057093899,0.2460,0.3500
471.4570,148.6190,0.6280,1072057218800,0.2460,0.3500
471.0710,148.1080,0.6280,1072074072599,0.2460,0.3500
470.7710,147.7070,0.6280,1072074166000,0.2460,0.3500
470.3430,147.4150,0.6280,1072074171499,0.2460,0.3500
470.1710,147.0500,0.6270,1072074176400,0.2460,0.3500
469.8710,146.7580,0.6270,1072090183600,0.2460,0.3500
469.7430,146.5390,0.6270,1072090282500,0.2460,0.3500
469.4860,146.3570,0.6270,1072090291300,0.2460,0.3500
469.0570,146.1380,0.6260,1072106605000,0.2460,0.3500
468.5430,146.3570,0.6260,1072122859200,0.2460,0.3500
468.2860,146.5390,0.6260,1072122949099,0.2460,0.3500
467.9430,146.8310,0.6260,1072122958500,0.2460,0.3500
467.6430,147.1230,0.6260,1072122963500,0.2460,0.3500
467.3430,147.4880,0.6260,1072138964900,0.2460,0.3500
466.9570,147.9620,0.6270,1072139091600,0.2460,0.3500
466.4860,148.3270,0.6270,1072155886600,0.2460,0.3500
466.1430,148.6920,0.6270,1072155990600,0.2460,0.3500
465.6720,149.1300,0.6280,1072155998499,0.1930,0.3500
465.2430,149.5310,0.6280,1072156003200,0.2100,0.3500
464.7710,149.8960,0.6290,1072156007699,0.2280,0.3500
464.1720,150.4070,0.6290,1072172962400,0.2460,0.3500
463.5710,150.8810,0.6290,1072173114500,0.2460,0.3500
462.9710,151.1730,0.6300,1072189012200,0.2460,0.3500
462.4570,151.4650,0.6310,1072189095000,0.2460,0.3500
462.0290,151.6840,0.6310,1072189100200,0.2460,0.3500
461.5570,151.8300,0.6320,1072189102900,0.2460,0.3500
461.0430,151.9760,0.6330,1072205428499,0.2460,0.3500
460.5290,152.0490,0.6340,1072205543600,0.2460,0.3500
460.0570,152.1580,0.6340,1072205556800,0.2460,0.3500
459.6290,152.0490,0.6350,1072205573700,0.2460,0.3500
459.1570,152.0490,0.6350,1072205578099,0.2460,0.3500
458.7290,151.9030,0.6350,1072221894400,0.2460,0.3500
458.1720,151.6840,0.6350,1072222021900,0.2460,0.3500
457.7430,151.6110,0.6340,1072222034700,0.2460,0.3500
457.2290,151.3920,0.6340,1072237997499,0.2460,0.3500
456.7570,151.2460,0.6330,1072238100100,0.2460,0.3500
456.3290,151.0270,0.6320,1072238108900,0.2460,0.3500
455.8570,150.8080,0.6310,1072238114199,0.2460,0.3500
455.4290,150.6260,0.6310,1072254097900,0.2460,0.3500
455.0430,150.4070,0.6310,1072254233599,0.2460,0.3500
454.6570,150.2610,0.6300,1072270043400,0.2460,0.3500
454.3570,150.1150,0.6290,1072270229499,0.2460,0.3500
454.0570,150.0420,0.6280,1072270237700,0.2460,0.3500
453.7570,149.8960,0.6280,1072270242200,0.2460,0.3500
453.3290,149.7500,0.6270,1072286231200,0.2460,0.3500
453.1140,149.6770,0.6260,1072286407099,0.2460,0.3500
452.5570,149.6770,0.6250,1072302078799,0.2460,0.3500
452.2570,149.7500,0.6240,1072302171699,0.2460,0.3500
451.9570,149.8230,0.6230,1072302179200,0.2460,0.3500
451.5290,149.9690,0.6230,1072318290600,0.2460,0.3500
451.0570,150.1880,0.6230,1072318369300,0.2460,0.3500
450.6290,150.4070,0.6230,1072318374799,0.2460,0.3500
450.1140,150.7350,0.6230,1072334346700,0.2460,0.3500
449.5570,150.9540,0.6230,1072334450300,0.2460,0.3500
448.7430,151.3920,0.6230,1072334459400,0.2460,0.3500
448.0140,151.8300,0.6230,1072334464399,0.2460,0.3500
447.2000,152.3040,0.6240,1072350631800,0.2460,0.3500
446.2140,152.7420,0.6250,1072350756200,0.2460,0.3500
445.3140,153.2530,0.6260,1072350768000,0.2460,0.3500
444.3290,153.7270,0.6280,1072350772900,0.2460,0.3500
443.3430,154.2380,0.6310,1072366751600,0.2460,0.3500
442.3140,154.7490,0.6330,1072366889899,0.2460,0.3500
441.3290,155.2230,0.6360,1072383654100,0.2460,0.3500
440.3000,155.5880,0.6390,1072383721800,0.2460,0.3500
439.3140,156.0260,0.6420,1072383727200,0.2460,0.3500
438.3290,156.4270,0.6450,1072383729899,0.2460,0.3500
437.3000,156.7920,0.6480,1072383732300,0.2460,0.3500
436.3140,157.0840,0.6510,1072400677800,0.2460,0.3500
435.3290,157.3760,0.6540,1072400782600,0.2460,0.3500
434.3000,157.5950,0.6570,1072416872400,0.2460,0.3500
433.4000,157.6680,0.6600,1072416999600,0.2460,0.3500
432.5000,157.9230,0.6630,1072417008100,0.2460,0.3500
431.6860,157.9960,0.6670,1072417012400,0.2460,0.3500
430.9140,157.9960,0.6710,1072417016800,0.2460,0.3500
430.2710,157.9960,0.6760,1072433000199,0.2460,0.3500
429.5000,157.9960,0.6810,1072433095200,0.2460,0.3500
428.9000,157.9230,0.6860,1072449069800,0.2460,0.3500
428.2140,157.6680,0.6920,1072449167000,0.2460,0.3500
427.6140,157.5950,0.6980,1072449173100,0.2460,0.3500
426.8000,157.2300,0.7040,1072449175799,0.2460,0.3500
426.0710,156.8650,0.7100,1072449178300,0.2460,0.3500
425.3000,156.3540,0.7150,1072465969300,0.2460,0.3500
424.6140,155.8070,0.7200,1072466077200,0.2460,0.3500
423.9710,155.0770,0.7250,1072482024900,0.2460,0.3500
423.3710,154.2380,0.7300,1072482126100,0.2460,0.3500
422.5570,152.8150,0.7350,1072482131900,0.2460,0.3500
421.7860,151.3190,0.7400,1072482134600,0.2460,0.3500
421.1000,149.5310,0.7440,1072498175499,0.2460,0.3500
420.5000,147.5610,0.7490,1072498297400,0.2460,0.3500
419.9000,145.4810,0.7530,1072498322500,0.2460,0.3500
419.5570,143.1460,0.7560,1072498352099,0.2460,0.3500
419.1720,140.6650,0.7600,1072498435300,0.2460,0.3500
418.8710,137.8920,0.7630,1072514310000,0.2460,0.3500
418.3570,132.5280,0.7660,1072514406200,0.2460,0.3500
418.1000,128.5510,0.7690,1072530480200,0.2630,0.3500
417.9710,125.0120,0.7710,1072530574299,0.2800,0.3490
417.8860,121.9470,0.7740,1072530582899,0.2800,0.3490
417.9710,116.2550,0.7750,1072530586099,0.2800,0.3490
418.0570,111.9130,0.7760,1072546902900,0.2800,0.3490
418.1860,108.3010,0.7760,1072546998699,0.2800,0.3490
418.3570,105.3090,0.7750,1072547015700,0.2800,0.3490
418.8710,100.1280,0.7710,1072562971600,0.2800,0.3490
419.2570,96.5530,0.7680,1072563115299,0.2800,0.3490
419.6000,93.9260,0.7630,1072579923800,0.2800,0.3490
419.8570,91.9190,0.7560,1072580010700,0.2800,0.3490
419.9860,90.3140,0.7480,1072580015999,0.2800,0.3490
420.2860,89.0730,0.7370,1072580019000,0.2800,0.3490
420.4570,88.0880,0.7250,1072580021700,0.2800,0.3490
420.5860,87.2490,0.7090,1072596174100,0.2800,0.3490
420.7570,86.5920,0.6920,1072596273700,0.2800,0.3490
420.8000,85.9720,0.6700,1072596280100,0.2980,0.3500
420.8860,85.6070,0.6460,1072596282799,0.2980,0.3500
421.0570,85.3150,0.6180,1072612231399,0.2980,0.3500
421.1000,85.1690,0.6020,1072612321699,0.2980,0.3500
421.4860,86.1180,0.3320,1072628735400,0.2980,0.3500
392.0430,135.0460,0.0020,1072897343700,0.2970,0.2970
391.8290,134.9000,0.0280,1072897402300,0.2970,0.2970
391.5290,134.7540,0.0640,1072913164800,0.2970,0.2970
391.1430,134.6080,0.1420,1072913218800,0.2970,0.2970
391.0140,134.4620,0.1800,1072913220800,0.2970,0.2970
390.7140,134.3890,0.2450,1072930163400,0.2970,0.2970
390.2000,134.4620,0.3440,1072946449000,0.2970,0.2970
389.9430,134.7540,0.3810,1072962647600,0.2970,0.2970
389.9430,135.1920,0.4110,1072978762199,0.3150,0.2970
389.9000,135.5200,0.4250,1072978837400,0.3150,0.2970
389.8140,135.8850,0.4370,1072978841400,0.3150,0.2970
389.7290,136.3960,0.4490,1072978843700,0.3150,0.2970
389.6430,136.9430,0.4610,1072978845700,0.3150,0.2970
389.5140,137.5270,0.4710,1072995763299,0.3150,0.2970
389.3430,138.2200,0.4820,1072995869899,0.3150,0.2970
389.1290,138.8770,0.4920,1072995899800,0.3150,0.2970
388.7430,139.7160,0.5020,1072995904700,0.3150,0.2970
388.4430,140.5920,0.5120,1073012688200,0.3150,0.2970
388.0140,141.4310,0.5210,1073012764699,0.3150,0.2970
387.5000,142.3430,0.5310,1073012770500,0.3150,0.2970
386.9430,143.1460,0.5410,1073028840799,0.3150,0.2970
386.0000,144.4230,0.5500,1073028924600,0.3150,0.2970
384.9290,145.5540,0.5590,1073028930799,0.3150,0.2970
383.9430,146.4300,0.5670,1073028934200,0.3150,0.2970
383.0860,147.1960,0.5740,1073044820900,0.3150,0.2970
382.2290,147.8530,0.5810,1073044883300,0.3150,0.2970
381.3290,148.4730,0.5880,1073061780199,0.3150,0.2970
380.3860,148.9840,0.5940,1073061843200,0.3150,0.2970
379.4860,149.5310,0.5990,1073061849500,0.3150,0.2970
378.5000,149.8960,0.6040,1073061853400,0.3150,0.2970
377.5140,150.2610,0.6090,1073061856600,0.3150,0.2970
376.4860,150.4800,0.6130,1073078084199,0.3150,0.2970
375.5000,150.7350,0.6170,1073078189500,0.3150,0.2970
374.3860,150.8810,0.6210,1073094192000,0.3150,0.2970
373.4860,150.9540,0.6240,1073094273600,0.3150,0.2970
372.6710,150.9540,0.6260,1073094277500,0.3150,0.2970
371.5140,150.9540,0.6270,1073094279700,0.3150,0.2970
370.4860,150.8080,0.6250,1073111070800,0.3150,0.2970
369.3710,150.6260,0.6200,1073111147300,0.3150,0.2970
368.2140,150.4800,0.6130,1073111153600,0.3150,0.2970
367.1000,150.1880,0.6030,1073111157600,0.3150,0.2970
365.9860,149.8960,0.5900,1073111160900,0.3150,0.2970
365.0860,149.6040,0.5750,1073127185900,0.3150,0.2970
364.1000,149.2030,0.5550,1073127262100,0.3150,0.2970
363.2860,148.8380,0.5310,1073144123600,0.3150,0.2970
362.3860,148.4730,0.5140,1073144198000,0.3140,0.3140
361.7860,147.9620,0.4290,1073144201800,0.3140,0.3140
361.1860,147.4880,0.3570,1073144203800,0.3150,0.3320
360.8860,146.9040,0.2980,1073161053000,0.3150,0.3320
375.5860,119.2470,0.0050,1073293595300,0.1930,0.2800
376.7000,118.1160,0.0270,1073293627300,0.1930,0.2800
377.8140,117.0950,0.0560,1073309394400,0.1930,0.2800
378.8000,116.2550,0.0870,1073309454400,0.1930,0.2800
380.0860,115.2700,0.1190,1073309458100,0.1930,0.2800
381.2000,114.5410,0.1490,1073309460700,0.1930,0.2800
382.1000,113.9200,0.1770,1073325795199,0.2100,0.2800
382.9140,113.3370,0.2040,1073325830600,0.2280,0.2800
383.7290,112.8990,0.2290,1073325832800,0.2460,0.2800
384.6290,112.4970,0.2530,1073342771899,0.2460,0.2800
385.4000,112.0590,0.2750,1073342812599,0.2460,0.2800
386.1290,111.6950,0.2960,1073342815199,0.2630,0.2800
386.8140,111.3660,0.3150,1073342816400,0.2630,0.2800
387.4140,111.1470,0.3320,1073358820800,0.2800,0.2800
387.9290,110.9280,0.3470,1073358864200,0.2800,0.2800
388.5290,110.7820,0.3600,1073374879100,0.2800,0.2800
389.0000,110.5640,0.3710,1073374936799,0.2800,0.2800
389.4290,110.4180,0.3780,1073374940800,0.2800,0.2800
389.8140,110.3450,0.3820,1073374943100,0.2800,0.2800
390.2000,110.1990,0.3820,1073374945000,0.2800,0.2800
390.5000,110.1260,0.3730,1073390920300,0.2800,0.2800
390.8000,110.1260,0.3590,1073390968800,0.2800,0.2800
391.1430,110.0530,0.2810,1073407935900,0.2800,0.2800
391.4430,110.1990,0.1950,1073408058600,0.2800,0.2800
378.8860,135.5930,0.1860,1073525124999,0.1930,0.3320
378.4140,136.0310,0.2820,1073525178200,0.1930,0.3320
377.9860,136.3960,0.3300,1073525182099,0.1930,0.3320
377.4290,137.0160,0.3540,1073525193900,0.1930,0.3320
376.7860,137.5270,0.3670,1073525197300,0.2100,0.3330
376.2290,137.8920,0.3740,1073541083800,0.2100,0.3330
375.5860,138.2930,0.3810,1073541161599,0.2100,0.3330
375.2000,138.5120,0.3870,1073541197999,0.2100,0.3330
374.6860,138.8770,0.3950,1073541205900,0.2100,0.3330
374.1710,139.0230,0.4030,1073557199200,0.2100,0.3330
373.6140,139.2420,0.4110,1073557228599,0.2100,0.3330
373.1860,139.3150,0.4210,1073573272500,0.2100,0.3330
372.7140,139.3880,0.4300,1073573330100,0.2100,0.3330
372.2860,139.4970,0.4400,1073573334400,0.2100,0.3330
371.9000,139.4970,0.4500,1073573336700,0.2100,0.3330
371.3000,139.3150,0.4680,1073589316800,0.2100,0.3330
370.7860,139.2420,0.4770,1073606333700,0.2100,0.3330
370.4000,139.0230,0.4840,1073606426200,0.2100,0.3330
370.0140,138.8040,0.4910,1073606431800,0.2100,0.3330
369.5860,138.5120,0.4970,1073606434699,0.2100,0.3330
369.3710,138.3660,0.5030,1073606437400,0.2100,0.3330
369.0710,138.1470,0.5080,1073622467900,0.2100,0.3330
368.7710,137.8920,0.5130,1073622590900,0.2100,0.3330
368.5140,137.7460,0.5170,1073638616199,0.2100,0.3330
368.3000,137.5270,0.5200,1073638696000,0.2100,0.3330
367.9140,137.2350,0.5260,1073638703000,0.2100,0.3330
367.7860,137.1620,0.5280,1073654985400,0.2100,0.3330
367.4860,136.9430,0.5310,1073655195800,0.2280,0.3330
367.1860,136.7970,0.5320,1073655251900,0.2280,0.3330
366.7570,137.2350,0.5330,1073688431600,0.2280,0.3330
366.5860,137.5270,0.5330,1073688631499,0.2280,0.3330
366.4570,137.8920,0.5330,1073688643400,0.2460,0.3320
366.2000,138.4390,0.5330,1073705027700,0.2460,0.3320
365.9860,138.9500,0.5330,1073705117900,0.2460,0.3320
365.7710,139.4970,0.5330,1073705125799,0.2460,0.3320
365.5570,140.0810,0.5330,1073722123999,0.2460,0.3320
365.2570,140.9200,0.5330,1073722184100,0.2460,0.3320
364.7860,141.7230,0.5340,1073722188700,0.2460,0.3320
364.4860,142.4890,0.5340,1073722190499,0.2460,0.3320
364.0570,143.2920,0.5340,1073738120900,0.2460,0.3320
363.5860,143.9850,0.5350,1073738178800,0.2460,0.3320
363.0710,144.7150,0.5360,1073754379799,0.2460,0.3320
362.4710,145.4080,0.5370,1073754679599,0.2460,0.3320
361.8710,145.9920,0.5390,1073754729400,0.2460,0.3320
361.1860,146.6850,0.5400,1073754737900,0.2460,0.3320
360.4570,147.2690,0.5420,1073754741199,0.2460,0.3320
359.6430,147.7800,0.5450,1073770257400,0.2460,0.3320
358.7860,148.2540,0.5470,1073770324300,0.2460,0.3320
357.8860,148.7650,0.5500,1073770327600,0.2620,0.3320
356.9860,149.1300,0.5530,1073770329400,0.2620,0.3320
356.0430,149.6040,0.5570,1073787373200,0.2620,0.3320
355.1430,149.8960,0.5610,1073787488500,0.2620,0.3320
354.1570,150.1880,0.5650,1073803329800,0.2620,0.3320
353.0860,150.4800,0.5700,1073803395100,0.2800,0.3320
352.1430,150.7350,0.5740,1073803398699,0.2800,0.3320
351.1570,150.9540,0.5790,1073803400600,0.2800,0.3320
350.1710,151.1730,0.5840,1073803402199,0.2800,0.3320
349.3570,151.3190,0.5900,1073819525400,0.2800,0.3320
348.6290,151.4650,0.5960,1073819774300,0.2800,0.3320
347.9430,151.6110,0.6020,1073835576799,0.2800,0.3320
347.2570,151.6840,0.6070,1073835624699,0.2800,0.3320
346.6570,151.8300,0.6130,1073835628099,0.2800,0.3320
346.0570,151.9030,0.6190,1073835630000,0.2800,0.3320
345.5430,151.9760,0.6250,1073851626899,0.2800,0.3320
345.0290,152.0490,0.6310,1073851679599,0.2800,0.3320
344.5570,152.1580,0.6360,1073867654500,0.2800,0.3320
344.2570,152.2310,0.6420,1073867746100,0.2800,0.3320
343.8710,152.3040,0.6460,1073867753900,0.2800,0.3320
343.5710,152.3040,0.6510,1073867758200,0.2800,0.3320
343.1430,152.4500,0.6590,1073884040100,0.2800,0.3320
342.9290,152.4500,0.6630,1073884129100,0.2800,0.3320
342.4570,152.5230,0.6720,1073901170899,0.2800,0.3320
342.0290,152.5960,0.6820,1073901272099,0.2800,0.3320
341.8140,152.5960,0.6940,1073917248000,0.2800,0.3320
341.4290,152.4500,0.7060,1073917370400,0.2980,0.3320
341.0430,152.3040,0.7180,1073934247800,0.2980,0.3320
340.8290,152.1580,0.7240,1073934351299,0.2980,0.3320
340.4430,151.8300,0.7330,1073950271600,0.2980,0.3320
340.3140,151.6110,0.7370,1073950366000,0.2980,0.3320
340.0140,151.1730,0.7410,1073950371899,0.2980,0.3320
339.7570,150.7350,0.7450,1073966359800,0.2980,0.3320
339.5430,150.1880,0.7490,1073966470700,0.2980,0.3320
339.3290,149.6040,0.7520,1073966481500,0.2980,0.3320
338.9430,148.6190,0.7550,1073983445000,0.2980,0.3320
338.6430,147.5610,0.7580,1073983547800,0.2980,0.3320
338.3430,146.4300,0.7610,1073983554700,0.2980,0.3320
337.8290,144.7150,0.7640,1073983557900,0.2980,0.3320
337.5290,143.2190,0.7660,1073999527500,0.2980,0.3320
337.0570,141.4310,0.7680,1073999822499,0.2980,0.3320
336.7570,139.9350,0.7700,1073999836700,0.2980,0.3320
336.4140,138.5120,0.7710,1073999841200,0.2980,0.3320
336.1140,137.3080,0.7720,1073999844400,0.2980,0.3320
335.8570,136.2500,0.7740,1074015697200,0.2980,0.3320
335.6430,135.1920,0.7750,1074015776100,0.2980,0.3320
335.4290,134.1700,0.7750,1074032691200,0.2980,0.3320
335.2140,133.3310,0.7760,1074032795800,0.2980,0.3320
335.0430,132.6740,0.7760,1074032807099,0.2980,0.3320
334.8290,132.1270,0.7760,1074032813000,0.2980,0.3320
334.7430,131.6160,0.7760,1074049659800,0.2980,0.3320
334.7000,131.1050,0.7730,1074049743200,0.2980,0.3320
334.5290,130.7040,0.7700,1074049749200,0.2980,0.3320
334.4430,130.3390,0.7680,1074066730100,0.2980,0.3320
334.4000,130.0470,0.7640,1074066829599,0.2980,0.3320
334.3140,129.6820,0.7580,1074066838000,0.2980,0.3320
334.3140,129.2810,0.7450,1074099115400,0.2980,0.3320
334.4000,130.3390,0.7170,1074182227100,0.2980,0.3320
334.3140,130.7770,0.7160,1074198743700,0.2980,0.3320
334.3140,131.1050,0.7160,1074214747400,0.2980,0.3320
334.2290,131.3240,0.7150,1074214865100,0.2980,0.3320
334.1430,131.7620,0.7140,1074231695400,0.2980,0.3320
334.1000,132.1270,0.7130,1074231816900,0.2980,0.3320
334.0140,132.4190,0.7120,1074231829200,0.2980,0.3320
333.8430,132.8200,0.7120,1074248087799,0.2980,0.3320
333.7140,133.1850,0.7120,1074265104399,0.2980,0.3320
333.6290,133.4770,0.7120,1074265200900,0.2980,0.3320
333.5430,133.8420,0.7110,1074281949700,0.2980,0.3320
333.4140,134.1700,0.7090,1074297994200,0.2980,0.3320
333.3290,134.3890,0.7090,1074298094100,0.2980,0.3320
333.2000,134.6810,0.7090,1074298101899,0.2980,0.3320
333.0290,134.9000,0.7090,1074330146300,0.2980,0.3320
332.9430,135.3010,0.7100,1074330252199,0.2980,0.3320
332.8140,135.5200,0.7100,1074363120100,0.2980,0.3320
332.6430,135.8850,0.7090,1074363240400,0.2980,0.3320
332.6000,136.1040,0.7090,1074379234900,0.2980,0.3320
332.4290,136.4690,0.7080,1074379351900,0.2980,0.3320
332.2140,136.8700,0.7070,1074395483700,0.2980,0.3320
332.1290,137.0890,0.7070,1074395741800,0.2980,0.3320
331.9140,137.5270,0.7060,1074411577400,0.2980,0.3320
331.8290,137.7460,0.7060,1074411675099,0.2980,0.3320
331.7000,138.2200,0.7060,1074428521099,0.2980,0.3320
331.5290,138.4390,0.7060,1074428618100,0.2980,0.3320
331.3140,138.8770,0.7060,1074428626500,0.2980,0.3320
331.2290,139.0960,0.7060,1074444607299,0.2980,0.3320
331.0140,139.4970,0.7060,1074460693199,0.2980,0.3320
330.9290,139.7160,0.7070,1074460910500,0.2980,0.3320
330.8000,139.9350,0.7070,1074460936600,0.2980,0.3320
330.6290,140.2270,0.7060,1074460943600,0.2980,0.3320
330.4140,140.6650,0.7060,1074476804899,0.2980,0.3320
330.2000,141.0660,0.7070,1074476891699,0.2980,0.3320
329.9430,141.5040,0.7070,1074476897800,0.2980,0.3320
329.7290,141.8690,0.7060,1074476900800,0.2980,0.3320
329.5140,142.2340,0.7050,1074492925200,0.2980,0.3320
329.3000,142.6350,0.7030,1074493023600,0.2980,0.3320
329.0430,143.0730,0.7040,1074509859700,0.2980,0.3320
328.7430,143.4380,0.7040,1074510044100,0.2980,0.3320
328.5290,143.8390,0.7040,1074510141900,0.2980,0.3320
328.3140,144.2040,0.7040,1074510153499,0.2980,0.3320
328.1000,144.4960,0.7040,1074525846600,0.2980,0.3320
327.8000,144.9340,0.7050,1074525928500,0.2980,0.3320
327.5000,145.3350,0.7050,1074542896400,0.2980,0.3320
327.2000,145.7000,0.7050,1074542995800,0.2980,0.3320
326.9000,145.9920,0.7050,1074543001800,0.2980,0.3320
326.4290,146.3570,0.7050,1074543005000,0.2980,0.3320
326.1290,146.7580,0.7050,1074543007900,0.2980,0.3320
325.7000,147.1230,0.7050,1074543011100,0.2980,0.3320
325.2290,147.4880,0.7050,1074559884500,0.2980,0.3320
324.8000,147.8530,0.7050,1074559984000,0.2980,0.3320
324.1140,148.4000,0.7060,1074576876200,0.2980,0.3320
323.6000,148.7650,0.7070,1074576976300,0.2980,0.3320
323.0860,149.1300,0.7070,1074576982399,0.2980,0.3320
322.4000,149.6770,0.7080,1074576985800,0.2980,0.3320
321.7140,150.0420,0.7080,1074593787200,0.2980,0.3320
321.0290,150.4800,0.7090,1074593886299,0.2980,0.3320
320.4290,150.8810,0.7090,1074609861900,0.2980,0.3320
319.9140,151.1730,0.7100,1074609957700,0.2980,0.3320
319.2710,151.4650,0.7110,1074609964300,0.2980,0.3320
318.9710,151.6840,0.7120,1074609967500,0.2980,0.3320
318.3710,151.9760,0.7130,1074609970499,0.2980,0.3320
317.7710,152.2310,0.7140,1074626955100,0.2980,0.3320
317.1710,152.4500,0.7160,1074627062200,0.2980,0.3320
316.6140,152.5960,0.7170,1074643189899,0.2980,0.3320
316.0140,152.7420,0.7200,1074643303699,0.2980,0.3320
315.4140,152.8880,0.7220,1074643309200,0.2980,0.3320
314.9000,153.0340,0.7250,1074643312800,0.2980,0.3320
314.3000,153.1070,0.7270,1074643315800,0.2980,0.3320
313.7860,153.1800,0.7310,1074659269000,0.2980,0.3320
313.1860,153.1800,0.7330,1074659364599,0.2980,0.3320
312.6710,153.1800,0.7360,1074659375600,0.2980,0.3320
312.0710,153.1070,0.7380,1074659382200,0.2980,0.3320
311.4710,153.0340,0.7400,1074675392200,0.2980,0.3320
310.8710,152.8880,0.7420,1074675495400,0.2980,0.3320
310.2710,152.8150,0.7430,1074675501400,0.2980,0.3320
309.5860,152.6690,0.7450,1074692402400,0.2980,0.3320
308.9000,152.5230,0.7470,1074692505100,0.2980,0.3320
307.9570,152.3040,0.7480,1074692514200,0.2980,0.3320
307.1000,152.0490,0.7490,1074692517200,0.2980,0.3320
306.2000,151.8300,0.7510,1074709276999,0.2980,0.3320
305.4710,151.6110,0.7520,1074709371700,0.2980,0.3320
304.5710,151.3920,0.7540,1074725285199,0.2980,0.3320
303.8000,151.1730,0.7550,1074725395300,0.2980,0.3320
303.0710,150.9540,0.7560,1074725404900,0.2980,0.3320
302.2570,150.6260,0.7570,1074725411100,0.2980,0.3320
301.4430,150.2610,0.7590,1074725416700,0.2980,0.3320
300.6710,149.8960,0.7600,1074742329800,0.2980,0.3320
299.8570,149.4580,0.7620,1074742438700,0.2980,0.3320
299.0860,148.9840,0.7640,1074758616399,0.2980,0.3320
298.3570,148.4730,0.7650,1074758714999,0.2980,0.3320
297.6710,147.7800,0.7680,1074758724399,0.2980,0.3320
296.9860,147.1230,0.7710,1074758727599,0.2980,0.3320
296.3860,146.3570,0.7740,1074758730699,0.2980,0.3320
295.7860,145.5540,0.7760,1074775507600,0.2980,0.3320
295.1860,144.6420,0.7790,1074775595399,0.2980,0.3320
294.4570,143.2190,0.7820,1074792485500,0.2980,0.3320
293.7290,141.8690,0.7850,1074792609800,0.2980,0.3320
292.8710,140.3730,0.7880,1074792620400,0.2980,0.3320
292.3570,139.0960,0.7910,1074792626400,0.2980,0.3320
291.6710,137.5270,0.7930,1074792632500,0.2980,0.3320
291.1570,135.8850,0.7960,1074808780000,0.2980,0.3320
290.4710,134.1700,0.7980,1074808884300,0.2980,0.3320
290.0430,132.4190,0.8010,1074808890699,0.2980,0.3320
289.5290,130.4120,0.8040,1074808893899,0.2980,0.3320
288.9710,128.4050,0.8070,1074825720900,0.2980,0.3320
288.4570,126.2890,0.8110,1074825854400,0.2980,0.3320
288.0710,124.0270,0.8150,1074825865600,0.2980,0.3320
287.7290,121.7280,0.8190,1074842712599,0.2980,0.3320
287.3430,119.3200,0.8230,1074842832500,0.2980,0.3320
287.0430,116.7660,0.8270,1074842844999,0.2980,0.3320
286.8290,113.9200,0.8300,1074842851400,0.2980,0.3320
286.6140,111.0740,0.8340,1074859618900,0.2980,0.3320
286.3570,105.6740,0.8370,1074859708499,0.2980,0.3320
286.1430,101.5510,0.8400,1074876618199,0.2980,0.3320
286.0570,98.0490,0.8420,1074876723800,0.2980,0.3320
285.9290,94.9840,0.8430,1074876734799,0.2980,0.3320
285.7140,89.5110,0.8440,1074876743800,0.2980,0.3320
285.4570,85.6800,0.8450,1074876749500,0.2980,0.3320
285.3290,82.8340,0.8460,1074893612600,0.2980,0.3320
285.1570,80.6810,0.8460,1074893708000,0.2980,0.3320
285.0290,78.9300,0.8460,1074893721299,0.2980,0.3320
284.9430,77.5800,0.8440,1074893727800,0.2980,0.3320
284.8570,76.5580,0.8400,1074910576800,0.2980,0.3320
284.8140,75.7190,0.8330,1074910641500,0.2980,0.3320
284.7290,74.9890,0.8210,1074926776000,0.2980,0.3320
284.7290,74.4420,0.8030,1074926836899,0.2980,0.3320
284.8140,74.0770,0.7790,1074926841600,0.2980,0.3320
284.8570,73.7850,0.7500,1074926843400,0.2980,0.3500
285.1140,73.7850,0.7320,1074926845000,0.2980,0.3500
286.0570,74.5150,0.5840,1074942824000,0.2980,0.3500
287.0430,75.8650,0.4870,1074959807300,0.2980,0.3500
287.8570,77.3610,0.4050,1074959855000,0.2980,0.3500
325.1860,165.6220,0.2520,1075124264900,0.1580,0.1050
325.5290,166.0590,0.3780,1075124325000,0.1760,0.1230
325.8290,166.4610,0.4270,1075124329000,0.1920,0.1400
326.2140,166.8260,0.4340,1075140224600,0.2100,0.1570
326.5140,167.2640,0.4170,1075140273799,0.2270,0.1740
326.9000,167.6650,0.4000,1075156327100,0.2450,0.1920
327.2860,168.1030,0.3900,1075156360900,0.2450,0.2100
327.5430,168.4680,0.3860,1075156363300,0.2450,0.2100
327.8430,168.7590,0.3870,1075156364500,0.2450,0.2100
328.1000,169.1610,0.3890,1075156365699,0.2450,0.2100
328.3140,169.4530,0.3950,1075172420300,0.2450,0.2100
328.4430,169.6720,0.4040,1075172471700,0.2450,0.2100
328.6140,169.8910,0.4160,1075188649300,0.2450,0.2100
328.7000,170.1090,0.4310,1075188680000,0.2450,0.2100
328.8290,170.2550,0.4470,1075188682100,0.2450,0.2100
328.9140,170.5840,0.4790,1075204735999,0.2450,0.2100
329.1290,170.7300,0.4950,1075204863400,0.2450,0.2100
329.3000,170.8760,0.5190,1075221759300,0.1930,0.2100
329.5140,171.2410,0.5320,1075221810000,0.2280,0.2100
329.6430,171.3860,0.5190,1075237824900,0.2450,0.2100
329.8140,171.5320,0.4110,1075254849800,0.2450,0.2100
263.7290,83.6000,0.2510,1075600978600,0.2800,0.2970
263.6860,83.1990,0.3730,1075601029700,0.2280,0.3150
263.6000,82.9070,0.4210,1075601032500,0.2460,0.3320
263.6000,82.4690,0.4180,1075616873400,0.2460,0.3320
263.6860,82.1040,0.3850,1075633178600,0.2460,0.3320
263.9860,82.9070,0.3780,1075665677600,0.2460,0.3320
263.9860,83.2720,0.3840,1075665746599,0.2460,0.3320
264.1140,83.8920,0.3900,1075681711799,0.2460,0.3320
264.1140,84.5490,0.3980,1075681748600,0.2460,0.3320
264.2000,85.6070,0.4050,1075681750700,0.2460,0.3320
264.4140,86.8840,0.4130,1075681751900,0.2460,0.3320
264.5000,88.1610,0.4210,1075681752900,0.2460,0.3320
264.8000,90.2410,0.4290,1075697858499,0.2460,0.3320
265.0140,92.5030,0.4370,1075697895900,0.2460,0.3320
265.2290,94.9110,0.4450,1075713849199,0.2460,0.3320
265.4860,97.3550,0.4530,1075713897400,0.2460,0.3320
265.7000,99.9820,0.4600,1075713900300,0.2460,0.3320
266.0000,102.6820,0.4670,1075713901700,0.2460,0.3320
266.3000,105.5280,0.4740,1075729894800,0.2460,0.3320
266.5140,108.4470,0.4800,1075729935700,0.2450,0.3140
266.9000,111.2930,0.4860,1075729938300,0.2450,0.3140
267.2000,114.1390,0.4920,1075745957000,0.2450,0.3140
267.5000,116.8390,0.4980,1075746043800,0.2450,0.3140
267.7140,119.5390,0.5040,1075746049800,0.2450,0.3140
268.0140,122.0200,0.5100,1075746053200,0.2450,0.3140
268.3140,124.4280,0.5160,1075761955500,0.2450,0.3140
268.6140,126.6540,0.5230,1075762051600,0.2450,0.3140
268.9140,128.8430,0.5300,1075778953100,0.2450,0.3140
269.1290,130.9230,0.5360,1075779065200,0.2450,0.3140
269.3000,132.5280,0.5430,1075779072500,0.2450,0.3140
269.4290,134.0240,0.5500,1075779077800,0.2450,0.3140
269.6000,135.1920,0.5560,1075779081500,0.2450,0.3140
269.7290,136.3960,0.5610,1075795891600,0.2450,0.3140
269.8140,137.5270,0.5670,1075795946900,0.2450,0.3140
269.9000,138.5120,0.5720,1075795950499,0.2450,0.3140
269.9860,139.4970,0.5760,1075795952500,0.2450,0.3140
270.0290,140.3000,0.5810,1075812871500,0.2450,0.3140
270.0290,140.9200,0.5850,1075812943800,0.2450,0.3140
270.0290,141.6500,0.5880,1075812947700,0.2450,0.3140
270.0290,142.2340,0.5920,1075828873300,0.2450,0.3140
269.9860,142.8540,0.5950,1075828918500,0.2450,0.3140
269.9000,143.2920,0.5980,1075828921399,0.2450,0.3140
269.8140,143.9120,0.6010,1075828922700,0.2450,0.3140
269.7290,144.2770,0.6040,1075845869900,0.2450,0.3140
269.5140,144.7150,0.6060,1075845926600,0.2450,0.3140
269.3860,145.0070,0.6090,1075845933500,0.2450,0.3140
269.1290,145.3350,0.6110,1075862888899,0.2450,0.3140
268.8290,145.5540,0.6130,1075862950499,0.2450,0.3140
268.6140,145.7000,0.6160,1075862955900,0.2450,0.3140
268.2290,145.7000,0.6180,1075862957099,0.2450,0.3140
267.7140,145.7000,0.6200,1075879833600,0.2450,0.3140
267.2000,145.7000,0.6220,1075879885000,0.2450,0.3140
266.5140,145.7000,0.6230,1075896861500,0.2450,0.3140
265.5290,145.4810,0.6240,1075896930599,0.2450,0.3140
264.5860,145.1890,0.6250,1075896933499,0.2450,0.3140
263.5140,144.7880,0.6260,1075896934599,0.2450,0.3140
261.9710,144.0580,0.6250,1075896936100,0.2450,0.3140
260.3860,143.2920,0.6250,1075913804600,0.2450,0.3140
258.8000,142.4890,0.6240,1075913853100,0.2450,0.3140
257.2140,141.5770,0.6230,1075913855300,0.2450,0.3140
255.5860,140.7380,0.6220,1075930805799,0.2450,0.3140
254.0000,139.8620,0.6220,1075930848499,0.2450,0.3140
252.4570,139.0230,0.6200,1075930851000,0.2450,0.3140
250.9570,138.1470,0.6200,1075930852300,0.2450,0.3140
249.4570,137.3080,0.6190,1075947782300,0.2450,0.3140
248.3000,136.7240,0.6190,1075947830500,0.2450,0.3140
246.8000,136.0310,0.6190,1075964788600,0.2450,0.3140
245.6430,135.4470,0.6180,1075964838300,0.2450,0.3140
244.4860,134.9000,0.6180,1075964852600,0.2450,0.3140
243.5430,134.6080,0.6170,1075964854200,0.2450,0.3140
242.5570,134.2430,0.6170,1075964855600,0.2450,0.3140
241.4860,133.9510,0.6170,1075981762299,0.2450,0.3140
240.4570,133.6230,0.6160,1075981798900,0.2450,0.3140
239.3860,133.4770,0.6160,1075981801400,0.2450,0.3140
238.3570,133.2580,0.6160,1075981803400,0.2450,0.3140
237.3290,133.1120,0.6150,1075997833500,0.2450,0.3140
236.4290,133.0390,0.6150,1075997879100,0.2450,0.3140
235.4430,132.9660,0.6150,1075997880700,0.2450,0.3140
234.8430,132.9660,0.6150,1076014779200,0.2450,0.3140
234.0710,132.9660,0.6150,1076014843900,0.2450,0.3140
233.4290,132.9660,0.6140,1076014846600,0.2450,0.3140
232.7430,132.9660,0.6140,1076014848300,0.2450,0.3140
232.0570,133.0390,0.6140,1076031160500,0.2450,0.3140
231.4570,133.1120,0.6130,1076031208800,0.2450,0.3140
230.9430,133.1850,0.6130,1076048086500,0.2450,0.3140
230.4290,133.2580,0.6130,1076048114300,0.2450,0.3140
229.9570,133.3310,0.6130,1076048115900,0.2450,0.3140
229.6140,133.4040,0.6120,1076048117000,0.2450,0.3140
229.3140,133.4770,0.6120,1076048117800,0.2450,0.3140
229.0140,133.5500,0.6110,1076064312300,0.2450,0.3140
228.5430,133.6960,0.6100,1076080545800,0.2450,0.3140
228.4140,133.8420,0.6090,1076080593599,0.2450,0.3140
228.1140,134.0970,0.6080,1076080596000,0.2450,0.3140
228.1140,134.3890,0.6070,1076096578599,0.2450,0.3140
228.2430,134.8270,0.6040,1076096609300,0.2450,0.3140
228.5430,134.9000,0.6040,1076112575899,0.2450,0.3140
228.7570,135.1190,0.6030,1076112620599,0.2450,0.3140
229.1430,135.3740,0.6020,1076128623300,0.2450,0.3140
229.5290,135.6660,0.6020,1076128659400,0.2450,0.3140
229.9570,135.9580,0.6010,1076128661100,0.2450,0.3140
230.4290,136.2500,0.6000,1076128662200,0.2450,0.3140
230.8570,136.5420,0.5990,1076144780600,0.2450,0.3140
231.3290,136.9430,0.5990,1076144816100,0.2450,0.3140
231.6710,137.2350,0.5980,1076160864600,0.2450,0.3140
232.1430,137.6000,0.5970,1076160910200,0.2450,0.3140
232.5290,137.9650,0.5970,1076160912999,0.2450,0.3140
232.8290,138.3660,0.5960,1076160914500,0.2450,0.3140
233.1710,138.7310,0.5960,1076176873700,0.2450,0.3140
233.4710,139.1690,0.5960,1076176927900,0.2450,0.3140
233.7710,139.5700,0.5960,1076176930400,0.2450,0.3140
234.0710,140.0080,0.5960,1076176932099,0.2450,0.3140
234.3290,140.3730,0.5960,1076176933499,0.2450,0.3140
234.4570,140.8110,0.5960,1076193019900,0.2450,0.3140
234.6290,141.2120,0.5960,1076193117000,0.2450,0.3140
234.6710,141.5770,0.5970,1076209908200,0.2450,0.3140
234.6710,141.9420,0.5980,1076210006900,0.2450,0.3140
234.6710,142.3430,0.5990,1076210014500,0.2450,0.3140
234.6290,142.6350,0.6000,1076210018800,0.2450,0.3140
234.5430,143.1460,0.6020,1076225941800,0.2450,0.3140
234.3290,143.6570,0.6040,1076226015600,0.2450,0.3140
234.0290,144.1310,0.6050,1076226020500,0.2450,0.3140
233.6430,144.6420,0.6070,1076242192400,0.2450,0.3140
233.1710,145.2620,0.6080,1076242288900,0.2450,0.3140
232.5290,145.8460,0.6100,1076242295600,0.2450,0.3140
231.7570,146.4300,0.6110,1076242300500,0.2450,0.3140
231.0290,147.0500,0.6130,1076258441100,0.2450,0.3140
230.0430,147.5610,0.6140,1076258536699,0.2450,0.3140
228.6290,148.4000,0.6150,1076274546000,0.2450,0.3140
227.1290,149.1300,0.6160,1076274641400,0.2450,0.3140
225.6290,149.8230,0.6170,1076274646300,0.2450,0.3140
224.1290,150.4070,0.6170,1076274649000,0.2450,0.3140
222.7570,150.8810,0.6180,1076274651300,0.2450,0.3140
221.6000,151.3190,0.6180,1076291448900,0.2450,0.3140
220.6140,151.6110,0.6160,1076291553699,0.2450,0.3140
219.5430,151.9030,0.6120,1076307775499,0.2450,0.3140
218.6000,152.1580,0.6060,1076307894200,0.2450,0.3140
217.6140,152.3770,0.5960,1076307902300,0.2450,0.3140
216.6290,152.5230,0.5830,1076307906400,0.2450,0.3140
215.6430,152.5960,0.5680,1076324759000,0.2450,0.3140
214.8290,152.5960,0.5500,1076324858600,0.2450,0.3140
214.0140,152.5960,0.5310,1076324863200,0.2450,0.3140
213.2860,152.5230,0.5080,1076324865800,0.2450,0.3140
212.2140,152.3770,0.4770,1076324867999,0.2450,0.3140
211.1860,152.0490,0.4550,1076340906400,0.2450,0.3140
210.2000,151.6840,0.3790,1076341009300,0.2630,0.3150
209.1290,151.3190,0.3160,1076356868700,0.2810,0.3150
207.7140,150.4800,0.2630,1076356945600,0.2810,0.3150
188.0430,135.0460,0.2460,1076471823700,0.2810,0.3150
187.1860,134.5350,0.3710,1076471874800,0.2810,0.3150
186.2860,134.1700,0.4320,1076471878600,0.2810,0.3150
185.3860,133.6960,0.4570,1076471880300,0.2630,0.3150
184.5710,133.4040,0.4670,1076471882200,0.2630,0.3150
183.8860,133.1850,0.4690,1076488550200,0.2630,0.3150
183.2430,132.9660,0.4670,1076488582100,0.2630,0.3150
182.6430,132.7470,0.4640,1076504674200,0.2630,0.3150
182.1290,132.6740,0.4630,1076504720700,0.2630,0.3150
181.5290,132.5280,0.4620,1076504736500,0.2630,0.3150
180.9710,132.4190,0.4620,1076504737600,0.2630,0.3150
180.3290,132.4190,0.4630,1076504738400,0.2630,0.3150
179.7290,132.4190,0.4640,1076520884600,0.2630,0.3150
179.1290,132.5280,0.4660,1076520953400,0.2630,0.3150
178.4430,132.6740,0.4690,1076536868599,0.2630,0.3150
177.5430,132.9660,0.4730,1076536924600,0.2630,0.3150
176.6430,133.1850,0.4760,1076536926900,0.2630,0.3150
175.7430,133.6230,0.4800,1076536928499,0.2630,0.3150
174.8430,134.0970,0.4840,1076553023900,0.2630,0.3150
173.9430,134.6080,0.4890,1076553102099,0.2630,0.3150
173.1290,135.1920,0.4930,1076553126999,0.2630,0.3150
172.3140,135.8850,0.4970,1076553130500,0.2630,0.3150
171.6290,136.7240,0.5000,1076569144099,0.2630,0.3150
170.9430,137.5270,0.5040,1076569179500,0.2630,0.3150
170.0430,138.7310,0.5070,1076586140400,0.2630,0.3150
169.4430,139.7160,0.5100,1076586191400,0.2630,0.3150
169.0570,140.8110,0.5130,1076586193899,0.2630,0.3150
168.8430,141.7960,0.5160,1076586195500,0.2630,0.3150
168.7570,142.7080,0.5190,1076586197099,0.2630,0.3150
168.8430,143.5110,0.5220,1076602217700,0.2630,0.3150
169.1430,144.4960,0.5250,1076602250900,0.2630,0.3150
169.5290,145.6270,0.5280,1076618301700,0.2630,0.3150
170.4290,147.1230,0.5300,1076618354400,0.2630,0.3150
171.5430,148.5460,0.5330,1076618357600,0.2630,0.3150
172.8290,149.8230,0.5350,1076618359699,0.2450,0.3140
174.3710,151.1730,0.5370,1076635307900,0.2450,0.3140
175.9570,152.3770,0.5390,1076635383300,0.2450,0.3140
177.6290,153.5810,0.5410,1076635389800,0.2450,0.3140
179.2570,154.7490,0.5430,1076635393200,0.2450,0.3140
180.9290,155.9530,0.5440,1076635396599,0.2450,0.3140
182.3430,157.0840,0.5450,1076652284700,0.2450,0.3140
183.5860,158.2150,0.5460,1076652340500,0.2450,0.3140
184.6570,159.4190,0.5470,1076669290600,0.2450,0.3140
185.4710,160.3680,0.5480,1076669345500,0.2450,0.3140
185.9860,161.2070,0.5490,1076669349200,0.2450,0.3140
186.2430,162.0460,0.5500,1076669351100,0.2450,0.3140
186.3710,162.8490,0.5510,1076669352700,0.2450,0.3140
186.2860,163.6150,0.5520,1076686251300,0.2450,0.3140
185.9430,164.5640,0.5540,1076686515000,0.2450,0.3140
185.1710,165.9870,0.5560,1076702276100,0.2450,0.3140
183.9710,167.2640,0.5590,1076702335200,0.2450,0.3140
182.3860,168.6860,0.5640,1076702338500,0.2450,0.3140
180.5430,169.9640,0.5700,1076702340399,0.2450,0.3140
176.9430,172.0070,0.5780,1076702342099,0.2450,0.3140
174.0290,173.2110,0.5870,1076718546200,0.2450,0.3140
171.7140,174.0130,0.5980,1076718624700,0.2450,0.3140
169.6570,174.4510,0.6090,1076735595500,0.2450,0.3140
167.5570,174.9260,0.6210,1076735674800,0.2450,0.3140
165.5000,175.0720,0.6330,1076735678700,0.2450,0.3140
163.4000,175.0720,0.6440,1076735680500,0.2450,0.3140
161.3000,174.7800,0.6540,1076751675700,0.2450,0.3140
159.1140,174.3050,0.6640,1076751766700,0.2450,0.3140
157.0140,173.6490,0.6730,1076751772200,0.2450,0.3140
154.8290,172.8090,0.6800,1076751775200,0.2450,0.3140
152.7290,171.7880,0.6850,1076751780200,0.2450,0.3140
149.2140,169.5260,0.6880,1076768622699,0.2450,0.3140
146.8140,167.4090,0.6870,1076768678599,0.2450,0.3140
144.3710,164.2720,0.6790,1076784714100,0.2450,0.3140
142.8710,161.2800,0.6660,1076784855500,0.2450,0.3140
141.7570,156.7190,0.6490,1076784861200,0.2630,0.3150
141.6710,152.5230,0.6260,1076784864199,0.2630,0.3150
143.1710,144.6420,0.5960,1076800856500,0.2630,0.3150
146.3860,136.6150,0.5740,1076800917000,0.2630,0.3150
150.8860,128.9160,0.4790,1076816952500,0.2630,0.3150
156.5000,121.5090,0.3990,1076817019500,0.2630,0.3150
162.7140,114.6860,0.3320,1076817024799,0.2450,0.3140
