729.5000,104.2510,0.0070,1100723196000,0.1050,0.3320
729.5430,103.7410,0.0670,1100723226300,0.1230,0.3320
729.6290,103.5220,0.1050,1100723229900,0.1230,0.3320
729.6290,103.0840,0.1770,1100739229000,0.1230,0.3320
729.7140,102.8280,0.2110,1100739272200,0.1230,0.3320
729.7140,102.3910,0.2960,1100755484100,0.1230,0.3320
729.5000,103.5220,0.3980,1100788045200,0.1230,0.3320
729.5000,104.2510,0.4140,1100788095100,0.1230,0.3320
729.4140,105.5280,0.4300,1100788096400,0.1230,0.3320
729.5430,107.7910,0.4460,1100788097300,0.1230,0.3320
729.5430,110.2720,0.4600,1100804276500,0.1230,0.3320
729.6290,112.9720,0.4740,1100804364400,0.1230,0.3320
729.5430,115.7450,0.4880,1100804365500,0.1230,0.3320
729.8430,118.7370,0.5000,1100804366000,0.1230,0.3320
729.8430,121.7280,0.5120,1100820201000,0.1230,0.3320
730.1000,127.4200,0.5220,1100820335700,0.1230,0.3320
730.1000,131.3240,0.5320,1100837155800,0.1230,0.3320
730.2290,134.6080,0.5400,1100837218200,0.1230,0.3320
730.3140,137.3080,0.5460,1100837222000,0.1230,0.3320
730.4000,140.0810,0.5490,1100837224300,0.1230,0.3320
730.7000,142.7080,0.5500,1100837226300,0.1230,0.3320
730.6140,145.3350,0.5460,1100853361900,0.1230,0.3320
730.7430,147.7800,0.5390,1100853545000,0.1230,0.3320
730.9140,150.0420,0.5310,1100869362000,0.1230,0.3320
731.1290,152.1580,0.5200,1100869426300,0.1230,0.3320
731.3430,153.7270,0.5080,1100869430500,0.1230,0.3320
731.4290,155.0040,0.4940,1100869432700,0.1230,0.3320
731.5140,156.0260,0.4780,1100886613400,0.1230,0.3320
731.5570,156.9380,0.4580,1100886738100,0.1230,0.3320
731.6430,157.5950,0.4340,1100886746000,0.1230,0.3320
731.6430,158.2150,0.4180,1100903377600,0.1230,0.3320
731.6430,158.7260,0.3480,1100903494800,0.1230,0.3320
731.5140,159.2730,0.2900,1100903499200,0.1230,0.3320
731.3430,159.6380,0.2420,1100903502300,0.1230,0.3320
707.2140,149.6770,0.1800,1101055926800,0.1930,0.3320
707.0860,149.5310,0.2720,1101072188300,0.1930,0.3320
706.7000,149.2030,0.3410,1101072235500,0.1930,0.3320
706.6140,149.0570,0.3540,1101089166300,0.1930,0.3320
706.3570,148.8380,0.3740,1101089201200,0.1930,0.3320
706.0570,148.5460,0.3970,1101106148200,0.1930,0.3320
705.8860,148.4000,0.4090,1101106205500,0.1930,0.3320
705.5000,148.1080,0.4330,1101106207300,0.1930,0.3320
705.2000,148.0350,0.4450,1101106208100,0.1930,0.3320
704.5570,147.7800,0.4670,1101122151900,0.1930,0.3320
704.0000,147.6340,0.4770,1101139149300,0.1930,0.3320
703.4000,147.4880,0.4860,1101139177600,0.1930,0.3320
702.8000,147.3420,0.4950,1101139189700,0.2100,0.3330
702.1570,147.2690,0.5030,1101139191000,0.2100,0.3330
701.3860,147.1230,0.5100,1101139192000,0.2100,0.3330
700.4000,146.9040,0.5160,1101156126900,0.2100,0.3330
699.3710,146.8310,0.5220,1101156189000,0.2100,0.3330
698.3860,146.6850,0.5280,1101173103400,0.2100,0.3330
697.2710,146.4300,0.5320,1101173122800,0.2100,0.3330
696.2430,146.2110,0.5370,1101173123800,0.2100,0.3330
695.2570,145.9920,0.5410,1101173124400,0.2100,0.3330
694.3570,145.6270,0.5450,1101189293600,0.2100,0.3330
693.5860,145.3350,0.5480,1101189462500,0.2100,0.3330
692.7710,144.8610,0.5510,1101205520000,0.2100,0.3330
692.2570,144.4960,0.5530,1101205728200,0.2100,0.3330
691.4860,143.9850,0.5550,1101205736400,0.2100,0.3330
691.0570,143.2920,0.5560,1101205737300,0.2100,0.3330
690.6720,142.8540,0.5560,1101205738200,0.2100,0.3330
690.3710,142.3430,0.5550,1101221425400,0.2100,0.3330
690.3290,141.6500,0.5540,1101221666200,0.2100,0.3330
690.2430,141.0660,0.5510,1101221672900,0.2100,0.3330
690.3710,140.3730,0.5480,1101237583400,0.2100,0.3330
690.6720,139.3880,0.5450,1101237649200,0.2100,0.3330
691.0570,138.5120,0.5430,1101237652200,0.2100,0.3330
691.5710,137.7460,0.5400,1101253509400,0.2100,0.3330
692.0860,136.9430,0.5380,1101253556900,0.2100,0.3330
692.8570,136.2500,0.5360,1101253558600,0.2100,0.3330
693.5860,135.6660,0.5340,1101253559500,0.2100,0.3330
694.3570,135.1190,0.5330,1101253560600,0.2100,0.3330
695.2570,134.7540,0.5310,1101269635600,0.2100,0.3330
696.1570,134.3890,0.5300,1101269690400,0.2100,0.3330
697.1430,134.1700,0.5280,1101285928400,0.2100,0.3330
697.8710,134.0240,0.5270,1101286010600,0.2100,0.3330
698.6000,134.0240,0.5260,1101286014800,0.2100,0.3330
699.2860,134.0970,0.5260,1101286017300,0.2100,0.3330
699.8860,134.2430,0.5260,1101303063700,0.2100,0.3330
700.4860,134.4620,0.5270,1101303160800,0.2100,0.3330
701.3000,134.9000,0.5280,1101319994000,0.2100,0.3330
701.9860,135.4470,0.5300,1101320058800,0.2100,0.3330
702.5000,136.0310,0.5330,1101320064800,0.2100,0.3330
702.8860,136.6150,0.5350,1101320068100,0.2100,0.3330
703.1860,137.2350,0.5390,1101320071800,0.2100,0.3330
703.4000,137.8920,0.5420,1101335879800,0.2100,0.3330
703.4860,138.5120,0.5450,1101335933900,0.2100,0.3330
703.5710,139.2420,0.5490,1101335936300,0.2100,0.3330
703.5710,140.0080,0.5520,1101351963900,0.2100,0.3330
703.4000,140.7380,0.5550,1101352033700,0.2100,0.3330
703.2710,141.7230,0.5580,1101352037600,0.2100,0.3330
702.9710,142.7080,0.5620,1101352040100,0.2100,0.3330
702.5860,143.6570,0.5650,1101368026000,0.2100,0.3330
702.0710,144.6420,0.5680,1101368075300,0.2100,0.3330
701.3000,145.9920,0.5710,1101384183100,0.2100,0.3330
700.3570,147.2690,0.5750,1101384255700,0.2100,0.3330
699.5000,148.3270,0.5780,1101384258800,0.2100,0.3330
698.3860,149.4580,0.5810,1101384260600,0.2100,0.3330
697.1860,150.4800,0.5840,1101384262100,0.2100,0.3330
695.9430,151.5380,0.5870,1101401130300,0.2100,0.3330
694.4860,152.5230,0.5900,1101401204500,0.2100,0.3330
692.7710,153.4720,0.5920,1101401207900,0.2100,0.3330
691.0570,154.3840,0.5950,1101401210500,0.2100,0.3330
689.1290,155.1500,0.5970,1101418086200,0.2100,0.3330
687.3280,155.8070,0.5990,1101418167200,0.2100,0.3330
685.5710,156.4270,0.5990,1101434155800,0.2100,0.3330
683.9430,156.8650,0.5960,1101434224800,0.2100,0.3330
682.5710,157.1570,0.5910,1101434227400,0.2100,0.3330
681.4570,157.3760,0.5830,1101434229200,0.2100,0.3330
680.5570,157.5220,0.5700,1101434231100,0.2100,0.3330
679.7430,157.5220,0.5520,1101450283700,0.2100,0.3330
679.0140,157.5220,0.5250,1101450329900,0.2100,0.3330
678.4140,157.4490,0.5030,1101467221600,0.2100,0.3330
677.8570,157.3030,0.4190,1101467287900,0.2100,0.3330
677.5140,157.0110,0.3490,1101467291600,0.2100,0.3330
676.9570,156.6460,0.2910,1101467294700,0.2100,0.3330
686.8570,130.5580,0.0060,1101652363800,0.2100,0.3850
687.2430,130.1200,0.0330,1101652410300,0.2100,0.3850
687.9710,129.6820,0.0680,1101652414300,0.2100,0.3850
688.5290,129.2080,0.1050,1101669079700,0.2100,0.3850
689.1720,128.6970,0.1430,1101669263600,0.2100,0.3850
689.8570,128.1500,0.1800,1101669295600,0.2100,0.3850
690.3710,127.7120,0.2150,1101669297800,0.2100,0.3850
691.0570,127.2740,0.2460,1101669298700,0.2100,0.3850
691.7860,126.7270,0.2750,1101685119100,0.2100,0.3850
692.4710,126.2160,0.3010,1101685139600,0.2100,0.3850
693.2430,125.7050,0.3250,1101701152500,0.2100,0.3850
694.0570,125.1580,0.3460,1101701183900,0.2100,0.3850
694.7860,124.7200,0.3640,1101701185300,0.2100,0.3850
695.4710,124.2820,0.3790,1101701186000,0.2100,0.3850
695.9860,123.8080,0.3890,1101717276200,0.2100,0.3850
696.5430,123.5160,0.3950,1101717299100,0.2100,0.3850
696.9710,123.2240,0.3930,1101733303500,0.2100,0.3850
697.4430,123.0780,0.3750,1101733323800,0.2100,0.3850
697.8710,122.8590,0.3120,1101733324700,0.2100,0.3850
698.2570,122.7140,0.2600,1101733325300,0.2100,0.3850
698.5570,122.6040,0.2170,1101733325800,0.2100,0.3850
676.4430,154.3840,0.0080,1101914684800,0.2100,0.3670
676.0140,154.6030,0.0360,1101914713900,-0.1920,0.3670
675.5430,154.7490,0.0720,1101914715200,-0.1570,0.3670
675.2430,154.8220,0.1110,1101914716200,-0.1220,0.3670
675.0290,154.9310,0.1510,1101930676400,-0.0870,0.3670
674.5140,155.0040,0.2260,1101930716700,-0.0340,0.3670
674.1290,155.0040,0.2600,1101930717700,-0.0340,0.3670
673.5290,154.9310,0.3220,1101947127700,0.0000,0.3670
673.1000,154.8220,0.3500,1101947165600,0.0000,0.3670
672.7140,154.7490,0.3750,1101964155100,0.0000,0.3670
672.2430,154.6030,0.3980,1101964187000,0.0000,0.3670
671.9000,154.4570,0.4190,1101964187900,0.0000,0.3670
671.3000,154.2380,0.4370,1101964188500,0.0000,0.3670
670.8280,154.0190,0.4540,1101981086000,0.0000,0.3670
670.4000,153.8000,0.4690,1101981112100,0.0000,0.3670
669.8430,153.3990,0.4830,1101997256100,0.0000,0.3670
669.5000,153.1070,0.4960,1101997290800,0.0000,0.3670
669.0290,152.7420,0.5070,1101997291800,0.0000,0.3670
668.4290,152.2310,0.5170,1101997292400,0.0000,0.3670
667.9140,151.6840,0.5260,1101997293000,0.0000,0.3670
667.5290,151.2460,0.5330,1102014214700,0.0000,0.3670
667.2290,150.8080,0.5380,1102014237000,0.0000,0.3670
666.8430,150.2610,0.5420,1102014238000,0.0000,0.3670
666.4140,149.6040,0.5440,1102014238600,0.0000,0.3670
666.1140,148.9840,0.5440,1102030316100,0.0000,0.3670
665.8140,148.4730,0.5430,1102030343100,0.0000,0.3670
665.5140,147.9620,0.5390,1102047301800,0.0000,0.3670
665.3860,147.5610,0.5340,1102047356400,0.0000,0.3670
665.2140,147.1960,0.5280,1102047362000,0.0000,0.3670
665.0860,146.9040,0.5180,1102047364100,0.0000,0.3670
665.0860,146.6120,0.5040,1102047380600,0.0000,0.3670
664.8280,146.2840,0.4550,1102064350000,0.0000,0.3670
664.5290,146.2110,0.3610,1102081308300,0.0000,0.3670
645.6720,154.0920,0.0200,1102247994300,0.0000,0.3670
645.4570,153.8730,0.0500,1102248026000,0.0000,0.3670
645.2000,153.5810,0.0830,1102248027400,0.0000,0.3670
644.9000,153.2530,0.1160,1102248028300,0.0350,0.3670
644.5570,152.8880,0.1490,1102264082000,0.0530,0.3670
644.3000,152.6690,0.1810,1102264120600,0.0710,0.3680
644.0000,152.3770,0.2110,1102280513900,0.0880,0.3670
643.7860,152.0490,0.2390,1102280557600,0.1060,0.3680
643.5710,151.6840,0.2650,1102280558900,0.1230,0.3670
643.4000,151.4650,0.2890,1102280559800,0.1410,0.3670
643.2710,151.2460,0.3110,1102296647900,0.1580,0.3670
643.0570,150.8080,0.3500,1102296692400,0.1920,0.3670
642.8000,150.4800,0.3660,1102296694000,0.1920,0.3670
642.8000,150.2610,0.3810,1102313615100,0.1920,0.3670
642.6710,149.8230,0.4060,1102313644800,0.1920,0.3670
642.5860,149.3120,0.4270,1102329765000,0.1920,0.3670
642.8000,148.6190,0.4430,1102329799500,0.1920,0.3670
643.0570,148.1080,0.4500,1102345869000,0.1920,0.3670
643.2710,147.7070,0.4550,1102345909100,0.1920,0.3670
643.7860,147.0500,0.4590,1102361934700,0.1920,0.3670
644.4710,146.2840,0.4620,1102361981300,0.1920,0.3670
645.5000,145.2620,0.4640,1102361983500,0.1920,0.3670
647.1710,144.1310,0.4650,1102361985100,0.1920,0.3670
648.7570,143.0730,0.4650,1102361986400,0.1920,0.3670
650.6860,141.9420,0.4660,1102378045200,0.1920,0.3670
652.4000,140.9200,0.4660,1102378105300,0.1920,0.3670
656.4710,139.1690,0.4660,1102378108000,0.1920,0.3670
659.3000,137.9650,0.4660,1102394275900,0.1920,0.3670
661.1000,137.0890,0.4660,1102394340200,0.2100,0.3670
662.8140,136.3960,0.4660,1102394342600,0.2100,0.3670
664.0140,135.8120,0.4660,1102394344000,0.2100,0.3670
665.1290,135.4470,0.4660,1102411209100,0.2100,0.3670
666.0290,135.0460,0.4660,1102411268700,0.2100,0.3670
666.9290,134.6810,0.4660,1102427313100,0.2100,0.3670
667.5290,134.4620,0.4660,1102427375700,0.2100,0.3670
668.0000,134.2430,0.4660,1102427377700,0.2100,0.3670
668.3430,134.0240,0.4650,1102427379300,0.2100,0.3670
668.7290,133.9510,0.4660,1102427380500,0.2100,0.3670
669.1140,133.6960,0.4650,1102444156600,0.2100,0.3670
669.2430,133.6960,0.4650,1102444211000,0.2100,0.3670
669.5430,133.6230,0.4640,1102460217700,0.2100,0.3670
668.9000,134.1700,0.4630,1102493466000,0.2100,0.3670
668.6430,134.3890,0.4630,1102493528500,0.2100,0.3670
668.0430,134.9000,0.4620,1102493532000,0.2100,0.3670
667.7000,135.3010,0.4620,1102510372400,0.2100,0.3670
667.1000,135.8850,0.4620,1102510448000,0.2100,0.3670
666.5430,136.4690,0.4620,1102510451600,0.2100,0.3670
666.2860,137.0890,0.4620,1102510454500,0.2100,0.3670
665.6860,137.8190,0.4620,1102510457200,0.2100,0.3670
665.3000,138.6580,0.4630,1102526602200,0.2100,0.3670
664.9140,139.5700,0.4650,1102526669000,0.2100,0.3670
664.1000,140.9200,0.4670,1102543490100,0.2100,0.3670
663.2000,142.3430,0.4700,1102543586600,0.2100,0.3670
662.5140,143.5110,0.4740,1102543621600,0.2100,0.3670
662.0860,144.4960,0.4780,1102543629300,0.2100,0.3670
661.5290,145.5540,0.4830,1102559574600,0.2100,0.3670
660.5860,147.0500,0.4880,1102559618900,0.2100,0.3670
659.8140,148.4730,0.4930,1102576549300,0.2100,0.3670
658.9140,149.8230,0.4990,1102576608300,0.2100,0.3670
658.0140,151.2460,0.5050,1102576611600,0.2100,0.3670
657.0710,152.5230,0.5110,1102576613600,0.2100,0.3670
656.2140,153.8730,0.5170,1102576615200,0.2100,0.3670
655.3140,155.1500,0.5230,1102592834100,0.2100,0.3670
654.2860,156.3540,0.5290,1102592892600,0.2100,0.3670
653.3860,157.3030,0.5350,1102592895800,0.2100,0.3670
652.3140,158.4340,0.5410,1102609794400,0.2100,0.3670
651.2000,159.5650,0.5470,1102609850700,0.2100,0.3670
650.0000,160.5500,0.5530,1102609853800,0.2100,0.3670
648.8000,161.5720,0.5580,1102625959800,0.2100,0.3670
647.8570,162.3380,0.5640,1102626007300,0.2100,0.3670
646.4000,163.2860,0.5690,1102626009200,0.2100,0.3670
645.2000,164.1990,0.5740,1102626010600,0.2100,0.3670
643.8710,165.0380,0.5780,1102626011800,0.2100,0.3670
642.3710,165.8410,0.5830,1102641993600,0.2100,0.3670
641.0430,166.6800,0.5880,1102642044000,0.2100,0.3670
639.4570,167.2640,0.5930,1102658097100,0.2100,0.3670
638.0430,168.1030,0.5970,1102658159200,0.2100,0.3670
636.5430,168.8320,0.6020,1102658162200,0.2100,0.3670
635.0430,169.5260,0.6070,1102658164300,0.2100,0.3670
633.4570,170.1820,0.6110,1102674197000,0.2100,0.3670
632.1710,170.7300,0.6160,1102674242400,0.2100,0.3670
630.6290,171.3130,0.6200,1102674244500,0.2100,0.3670
629.3430,171.8610,0.6250,1102691207400,0.2100,0.3670
628.2710,172.2260,0.6290,1102691250500,0.2100,0.3670
627.3710,172.5180,0.6330,1102691252700,0.2100,0.3670
626.6430,172.8090,0.6360,1102691254000,0.2100,0.3670
625.9140,173.1010,0.6390,1102707309500,0.2100,0.3670
625.3140,173.2840,0.6430,1102707352000,0.2100,0.3670
624.7140,173.5030,0.6450,1102707354300,0.2100,0.3670
624.1570,173.6490,0.6480,1102707355600,0.2100,0.3670
623.6430,173.7950,0.6500,1102724323100,0.2100,0.3670
623.2570,173.9410,0.6530,1102724388100,0.2100,0.3670
622.9140,174.0130,0.6550,1102740353400,0.2100,0.3670
622.4430,174.0860,0.6570,1102740416100,0.2100,0.3670
622.2290,174.0860,0.6590,1102740418800,0.2100,0.3670
621.7140,174.0860,0.6600,1102740420900,0.2100,0.3670
621.1570,173.9410,0.6580,1102756921100,0.2100,0.3670
620.9430,173.7950,0.6550,1102773066100,0.2100,0.3670
620.5570,173.5030,0.6510,1102773132800,0.2100,0.3670
620.2570,173.2110,0.6470,1102773136400,0.2100,0.3670
619.9570,172.7360,0.6410,1102773138300,0.2100,0.3670
619.6570,172.2990,0.6340,1102789213500,0.2100,0.3670
619.4430,171.7880,0.6280,1102789284100,0.2100,0.3670
619.3140,171.1680,0.6220,1102789286900,0.2100,0.3670
619.0570,170.5840,0.6150,1102805362700,0.2100,0.3670
618.8430,169.9640,0.6090,1102805409000,0.2100,0.3670
618.7570,169.4530,0.6040,1102805411200,0.2100,0.3670
618.6290,168.8320,0.5980,1102805412700,0.2100,0.3670
618.6290,168.3220,0.5930,1102822044100,0.2100,0.3670
618.5430,167.8110,0.5880,1102822093100,0.2100,0.3670
618.7140,167.2640,0.5840,1102822095300,0.2100,0.3670
618.7570,166.8260,0.5790,1102822096600,0.2100,0.3670
618.9290,166.3880,0.5760,1102839016800,0.2100,0.3670
619.2290,165.9870,0.5720,1102839075600,0.2100,0.3670
619.6140,165.6220,0.5690,1102839079000,0.2100,0.3670
620.0430,165.3300,0.5660,1102856014600,0.2100,0.3670
620.6430,165.0380,0.5630,1102856076100,0.2100,0.3670
621.5430,164.7460,0.5610,1102856078900,0.2100,0.3670
622.4430,164.5640,0.5600,1102856081000,0.2100,0.3670
623.6430,164.4180,0.5600,1102872483500,0.2100,0.3670
624.7570,164.4180,0.5600,1102872538100,0.2100,0.3670
626.0430,164.4180,0.5610,1102888695700,0.2100,0.3670
627.3710,164.4910,0.5620,1102888754500,0.2100,0.3670
628.7430,164.6360,0.5640,1102888757600,0.2100,0.3670
630.5430,164.8920,0.5670,1102888759800,0.2100,0.3670
632.3430,165.4030,0.5690,1102905210700,0.2100,0.3670
633.6290,165.7680,0.5720,1102905311100,0.2100,0.3670
634.7860,166.0590,0.5760,1102905318800,0.2100,0.3670
635.6430,166.6070,0.5800,1102905321800,0.2100,0.3670
636.5860,167.1180,0.5850,1102905324400,0.2100,0.3670
637.4430,167.7380,0.5900,1102921838200,0.2100,0.3670
638.0860,168.3950,0.5950,1102921891900,0.2100,0.3670
638.9430,169.1610,0.6000,1102938870900,0.2100,0.3670
639.4570,169.8910,0.6060,1102938946100,0.2100,0.3670
639.8860,170.7300,0.6110,1102938950200,0.2100,0.3670
640.1430,171.6050,0.6160,1102938953100,0.2100,0.3670
640.4430,172.5180,0.6220,1102954986200,0.2100,0.3670
640.4430,173.2840,0.6270,1102955044300,0.2100,0.3670
640.3570,174.1590,0.6320,1102955049900,0.2100,0.3670
640.1430,175.2180,0.6370,1102971221000,0.2100,0.3670
639.7570,176.2760,0.6410,1102971308700,0.2100,0.3670
639.0710,177.7720,0.6460,1102971312100,0.2100,0.3670
638.0860,179.2680,0.6490,1102971317700,0.2100,0.3500
637.1430,180.8360,0.6530,1102987280400,0.2100,0.3330
635.9430,182.3320,0.6570,1102987343300,0.2100,0.3150
634.4430,183.8280,0.6600,1102987347100,0.2100,0.3150
633.0290,185.2510,0.6630,1103003420300,0.2110,0.2980
631.4430,186.8200,0.6650,1103003574200,0.2110,0.2980
629.8570,188.3160,0.6670,1103003579100,0.2110,0.2980
628.0570,189.6660,0.6670,1103003581700,0.2110,0.2980
626.4290,191.0160,0.6630,1103019278200,0.2110,0.2980
624.6290,192.3660,0.6550,1103019328700,0.2110,0.2980
622.9140,193.5700,0.6430,1103035374000,0.2110,0.2980
621.2430,194.6280,0.6260,1103035488400,0.2110,0.2980
619.6570,195.5040,0.6040,1103035495900,0.2110,0.2980
618.5430,196.2700,0.5750,1103035498000,0.2110,0.2980
617.6430,196.6350,0.5540,1103052449400,0.2280,0.2970
617.0000,197.0360,0.4620,1103052523800,0.2450,0.2980
616.4000,197.2550,0.3850,1103052527200,0.2450,0.2980
615.9290,197.2550,0.3200,1103052529400,0.2450,0.2980
652.9140,179.1950,0.2750,1103167771300,0.1400,0.2090
654.0710,178.9760,0.4150,1103167803300,0.1410,0.2280
654.8000,178.7200,0.4820,1103184234100,0.1400,0.2450
655.4860,178.5740,0.5100,1103184273000,0.1400,0.2450
656.0000,178.4280,0.5200,1103184274200,0.1400,0.2450
656.6000,178.3550,0.5220,1103184274900,0.1400,0.2450
656.9860,178.3550,0.5220,1103184275700,0.1400,0.2450
657.2000,178.2820,0.5220,1103200464600,0.1400,0.2450
657.6710,178.2820,0.5230,1103200497900,0.1400,0.2450
657.9710,178.2090,0.5240,1103200498900,0.1400,0.2450
658.4000,178.2820,0.5260,1103216442400,0.1400,0.2450
658.7860,178.3550,0.5260,1103216466800,0.1400,0.2450
659.2140,178.5010,0.5280,1103232477000,0.1400,0.2450
659.4290,178.6470,0.5270,1103232501900,0.1400,0.2450
659.6860,178.8300,0.5220,1103232502700,0.1400,0.2450
659.8140,179.0490,0.5100,1103232503200,0.1400,0.2450
659.9860,179.2680,0.4890,1103248682800,0.1400,0.2450
660.0290,179.6320,0.3910,1103264758800,0.1400,0.2450
659.9860,180.0700,0.2720,1103264801900,0.1400,0.2450
581.3860,97.9030,0.0140,1103546136600,0.1750,0.3320
581.2570,97.3550,0.0430,1103562035000,0.1750,0.3320
581.1710,96.8450,0.0760,1103562071500,0.1750,0.3320
581.0860,96.4070,0.1110,1103562072300,0.1750,0.3320
581.0860,96.0420,0.1450,1103562073000,0.1750,0.3320
581.0430,95.6410,0.2060,1103578246400,0.1750,0.3320
581.3860,96.9910,0.3520,1103610477700,0.1750,0.3320
581.6430,98.0490,0.3720,1103610514100,0.1750,0.3320
581.6860,99.2530,0.3910,1103610515600,0.1750,0.3320
581.9430,100.5300,0.4090,1103626625900,0.1750,0.3320
582.0710,102.7550,0.4270,1103626660300,0.1750,0.3320
582.2430,105.0910,0.4440,1103626662000,0.1750,0.3320
582.2860,107.7180,0.4600,1103642686900,0.1750,0.3320
582.4570,110.4910,0.4760,1103642708000,0.1750,0.3140
582.5430,113.3370,0.4910,1103642709000,0.1750,0.3140
582.5860,116.4740,0.5060,1103642709600,0.1750,0.3140
582.9710,122.0930,0.5200,1103642710100,0.1750,0.3140
582.9710,126.3620,0.5330,1103658765500,0.1750,0.3140
582.9710,129.9740,0.5470,1103658833000,0.1750,0.3140
582.8860,135.6660,0.5600,1103674843100,0.1750,0.3140
582.8860,139.8620,0.5720,1103674926100,0.1750,0.3140
582.5860,145.2620,0.5830,1103674930600,0.1750,0.3140
582.3710,149.3120,0.5930,1103674933400,0.1750,0.3140
582.0710,152.6690,0.6020,1103690894500,0.1750,0.3140
581.3860,158.1420,0.6110,1103690964200,0.1750,0.3140
581.0430,162.1190,0.6190,1103707793900,0.1750,0.3140
580.2710,167.0450,0.6260,1103707867000,0.1750,0.3140
579.7570,170.5840,0.6330,1103707873900,0.1750,0.3140
579.2430,173.2840,0.6390,1103707876500,0.1750,0.2980
578.7710,175.6550,0.6460,1103707878800,0.1760,0.2810
578.0860,178.2820,0.6520,1103724955000,0.1760,0.2810
577.7430,180.6900,0.6600,1103725025900,0.1750,0.2980
577.0570,183.1720,0.6690,1103725030200,0.1750,0.2980
576.3290,185.3970,0.6780,1103725032700,0.1750,0.2980
575.6430,187.5140,0.6870,1103740966500,0.1750,0.2980
574.8280,189.4470,0.6960,1103741042000,0.1930,0.2980
573.9290,191.2350,0.7040,1103741046000,0.1930,0.2980
573.0710,192.9140,0.7120,1103757065500,0.1930,0.2980
572.1290,194.3360,0.7200,1103757137100,0.1930,0.2980
571.1430,195.5040,0.7260,1103757139500,0.1930,0.2980
570.1570,196.4160,0.7330,1103757141300,0.2110,0.2980
569.2570,197.0360,0.7390,1103773931100,0.2110,0.2980
568.4430,197.4010,0.7440,1103774008000,0.2110,0.2980
567.3280,197.6930,0.7490,1103790028200,0.2110,0.2980
566.3430,197.6930,0.7520,1103790100400,0.2110,0.2980
565.2290,197.5470,0.7540,1103790103100,0.2110,0.2980
564.0290,197.2550,0.7560,1103790104700,0.2110,0.2980
562.4430,196.4890,0.7540,1103806922900,0.2110,0.2980
560.9430,195.2850,0.7500,1103806992700,0.2110,0.2980
559.6140,193.6430,0.7420,1103823131800,0.2110,0.2980
558.6290,191.8550,0.7310,1103823197200,0.2110,0.2980
557.9000,189.4470,0.7140,1103823201200,0.2280,0.2970
557.4290,186.7470,0.6930,1103823203100,0.2450,0.2980
557.4290,183.8280,0.6670,1103823204700,0.2450,0.2980
557.7290,178.2090,0.6510,1103839146500,0.2450,0.2980
558.5430,173.2110,0.6240,1103839228100,0.2450,0.2980
559.3140,169.6720,0.5880,1103839232100,0.2450,0.2980
560.0000,166.8990,0.4900,1103839234600,0.2450,0.2980
560.6000,164.8190,0.4080,1103855233900,0.2450,0.2980
561.2000,162.7030,0.3400,1103855352600,0.2450,0.2980
519.6290,136.1040,0.0130,1104154993300,0.1230,0.2980
519.6710,135.8850,0.0430,1104155036500,0.1230,0.2980
519.7570,135.4470,0.1170,1104170921400,0.1400,0.2970
519.8430,135.0460,0.1890,1104170956900,0.1570,0.2970
519.9710,136.3230,0.3930,1104220386600,0.1570,0.2970
519.9710,137.0890,0.4120,1104220422800,0.1570,0.2970
519.9290,138.1470,0.4290,1104236365500,0.1570,0.2970
519.8430,139.3880,0.4460,1104236421800,0.1570,0.2970
519.7570,140.6650,0.4610,1104236424800,0.1570,0.2970
519.6710,142.0880,0.4750,1104236461900,0.1570,0.2970
519.6710,144.2770,0.4870,1104236501400,0.1570,0.2970
519.5430,146.4300,0.4980,1104252458500,0.1570,0.2970
519.3710,148.5460,0.5090,1104252480700,0.1570,0.2970
519.0710,150.7350,0.5180,1104252481600,0.1570,0.2970
518.9430,152.7420,0.5260,1104252482100,0.1570,0.2970
518.7290,154.7490,0.5340,1104268679300,0.1570,0.2970
518.2570,156.7920,0.5410,1104268721100,0.1570,0.2970
517.9570,158.7260,0.5470,1104284981600,0.1570,0.2970
517.5290,160.5500,0.5530,1104285028500,0.1570,0.2970
517.2290,161.9730,0.5580,1104285031900,0.1750,0.2980
516.7570,163.2140,0.5630,1104285033900,0.1750,0.2980
516.4570,164.2720,0.5680,1104285035800,0.1750,0.2980
516.0710,165.2570,0.5720,1104300912700,0.1750,0.2980
515.7290,166.2420,0.5770,1104300953700,0.1750,0.2980
515.2570,167.1180,0.5820,1104317871700,0.1750,0.2980
514.8280,167.9570,0.5870,1104317933200,0.1750,0.2980
514.3570,168.6860,0.5910,1104317936700,0.1750,0.2980
513.7570,169.3070,0.5950,1104317939000,0.1930,0.2980
513.0710,169.8910,0.5990,1104317940900,0.1930,0.2980
512.5570,170.3650,0.6030,1104334959600,0.1930,0.2980
511.9570,170.6570,0.6060,1104335029900,0.1930,0.2980
511.4430,170.8030,0.6100,1104351840500,0.1930,0.2980
510.8430,170.8760,0.6130,1104351898100,0.2110,0.2980
510.3290,170.8760,0.6150,1104351900900,0.2110,0.2980
509.7290,170.8760,0.6180,1104351904600,0.2110,0.2980
509.0430,170.6570,0.6200,1104367882900,0.2110,0.2980
508.3140,170.3650,0.6220,1104367928400,0.2110,0.2980
507.4140,169.6720,0.6230,1104367930800,0.2110,0.2980
506.7290,169.0880,0.6240,1104367932100,0.2110,0.2980
505.9570,168.3220,0.6240,1104367933400,0.2110,0.2980
505.0140,167.1180,0.6250,1104383945800,0.2110,0.2980
504.0290,165.8410,0.6250,1104383985900,0.2110,0.2980
503.3000,164.8190,0.6240,1104400077000,0.2110,0.2980
502.6140,163.9070,0.6240,1104400135200,0.2110,0.2980
502.1000,163.1410,0.6240,1104400138600,0.2110,0.2980
501.6290,162.4840,0.6240,1104400140900,0.2110,0.2980
501.2430,161.8640,0.6240,1104416312500,0.2110,0.2980
500.9000,161.4260,0.6240,1104416372600,0.2110,0.2980
500.6430,161.0610,0.6240,1104416374400,0.2110,0.2980
500.3430,160.6960,0.6240,1104432411400,0.2110,0.2980
500.0430,160.3680,0.6230,1104432470300,0.2110,0.2980
499.8280,160.0760,0.6230,1104432472600,0.2280,0.2970
499.6140,159.9300,0.6230,1104432474000,0.2280,0.2970
499.2290,159.8570,0.6230,1104448703000,0.2280,0.2970
498.8430,160.0760,0.6230,1104464864400,0.2280,0.2970
498.5000,160.2950,0.6230,1104464916500,0.2280,0.2970
498.2430,160.6960,0.6240,1104464919200,0.2280,0.2970
497.9430,161.1340,0.6240,1104464921300,0.2280,0.2970
497.6430,161.6450,0.6250,1104481745300,0.2280,0.2970
497.3430,162.1920,0.6250,1104481815000,0.2280,0.2970
497.0430,162.7030,0.6260,1104481835800,0.2280,0.2970
496.6140,163.5420,0.6270,1104481837700,0.2280,0.2970
496.2290,164.2720,0.6270,1104497814000,0.2280,0.2970
495.8000,165.1110,0.6280,1104497878800,0.2280,0.2970
495.4140,165.6950,0.6290,1104513965200,0.2280,0.2970
494.9860,166.4610,0.6290,1104514020300,0.2280,0.2970
494.6000,167.0450,0.6300,1104514022100,0.2280,0.2970
494.2140,167.5920,0.6310,1104514023600,0.2450,0.2980
493.8290,168.0300,0.6320,1104514024900,0.2450,0.2980
493.4000,168.3950,0.6330,1104530484000,0.2450,0.2980
493.0140,168.8320,0.6330,1104530545800,0.2450,0.2980
492.5860,169.2340,0.6340,1104547510900,0.2450,0.2980
492.1140,169.5260,0.6350,1104547570900,0.2450,0.2980
491.6860,169.8180,0.6360,1104547572800,0.2450,0.2980
491.2140,170.0360,0.6370,1104547574000,0.2450,0.2980
490.6140,170.2550,0.6370,1104564449000,0.2450,0.2980
490.2290,170.4380,0.6380,1104564513700,0.2450,0.2980
489.8000,170.5110,0.6380,1104564516400,0.2450,0.2980
489.3290,170.5110,0.6380,1104564518700,0.2450,0.2980
488.9860,170.4380,0.6370,1104564520700,0.2450,0.2980
488.4710,170.2550,0.6350,1104580817500,0.2450,0.2980
487.9140,170.1090,0.6330,1104580879300,0.2450,0.2980
487.4860,169.8910,0.6310,1104597680400,0.2450,0.2980
487.0140,169.5990,0.6290,1104597747300,0.2450,0.2980
486.5860,169.3070,0.6280,1104597751000,0.2450,0.2980
486.1140,168.9050,0.6260,1104597753000,0.2450,0.2980
485.7710,168.6130,0.6250,1104613845600,0.2450,0.2980
485.3000,168.3220,0.6240,1104613906800,0.2450,0.2980
484.9140,168.0300,0.6230,1104613908800,0.2450,0.2980
484.5710,167.7380,0.6220,1104629911300,0.2450,0.2980
484.2710,167.4090,0.6210,1104629966400,0.2450,0.2980
483.8860,167.1910,0.6210,1104629969600,0.2450,0.2980
483.6710,166.9720,0.6200,1104629973200,0.2450,0.2980
483.4140,166.8260,0.6200,1104646161100,0.2450,0.2980
483.2000,166.6800,0.6190,1104646219600,0.2450,0.2980
482.7710,166.5340,0.6180,1104662485100,0.2450,0.2980
482.2140,166.5340,0.6180,1104662540800,0.2450,0.2980
481.7860,166.6800,0.6180,1104678906200,0.2450,0.2980
481.4000,166.8990,0.6180,1104678976000,0.2450,0.2980
480.9710,167.1180,0.6180,1104678980100,0.2450,0.2980
480.5000,167.4820,0.6180,1104695027000,0.2450,0.2980
479.9000,167.8110,0.6190,1104695092000,0.2450,0.2980
479.3000,168.3220,0.6190,1104695095000,0.2450,0.2980
478.5710,168.8320,0.6200,1104711974300,0.2450,0.2980
477.7570,169.4530,0.6210,1104712018100,0.2450,0.2980
476.9000,169.9640,0.6230,1104712020200,0.2450,0.2980
475.5710,170.8760,0.6240,1104712021500,0.2450,0.2980
474.3710,171.5320,0.6260,1104712022700,0.2450,0.2980
473.3000,172.0800,0.6270,1104728091400,0.2450,0.2980
472.3570,172.5180,0.6290,1104728137200,0.2450,0.2980
471.3710,172.9550,0.6300,1104744108000,0.2450,0.2980
470.2570,173.2840,0.6320,1104744172500,0.2450,0.2980
469.3570,173.7220,0.6350,1104744175900,0.2450,0.2980
468.3710,174.0130,0.6370,1104744180800,0.2450,0.2980
467.3430,174.2320,0.6400,1104760223600,0.2450,0.2980
466.2710,174.3780,0.6430,1104760265000,0.2450,0.2980
465.2430,174.4510,0.6470,1104760267400,0.2450,0.2980
464.2570,174.4510,0.6510,1104776346100,0.2450,0.2980
463.0570,174.3780,0.6550,1104776422400,0.2450,0.2980
462.0710,174.2320,0.6600,1104776425900,0.2450,0.2980
461.0430,174.0130,0.6660,1104776427900,0.2450,0.2980
460.0570,173.6490,0.6720,1104792413900,0.2450,0.2980
459.0290,173.2110,0.6780,1104792448700,0.2450,0.2980
457.5710,172.3720,0.6850,1104808703000,0.2450,0.2980
456.2430,171.3860,0.6910,1104808739000,0.2450,0.2980
454.9140,170.2550,0.6980,1104808741100,0.2450,0.2980
453.5430,169.0150,0.7040,1104808742400,0.2450,0.2980
452.2570,167.5920,0.7100,1104808743600,0.2450,0.2980
451.0570,165.9140,0.7160,1104824794700,0.2450,0.2980
450.1140,164.1260,0.7220,1104824854600,0.2450,0.2980
449.0430,162.1190,0.7270,1104824858200,0.2450,0.2980
448.1430,159.9300,0.7320,1104824859900,0.2450,0.2980
446.6000,155.7340,0.7370,1104841785900,0.2450,0.2980
445.6140,152.4500,0.7410,1104841848100,0.2450,0.2980
444.8430,149.5310,0.7440,1104857777400,0.2450,0.2980
444.3290,146.8310,0.7470,1104857815400,0.2450,0.2980
443.6430,141.7960,0.7490,1104857817200,0.2450,0.2980
443.2140,137.7460,0.7490,1104857818400,0.2450,0.2980
443.0000,134.2430,0.7490,1104857819600,0.2450,0.2980
442.9140,131.1780,0.7470,1104873936000,0.2450,0.2980
442.9140,128.0770,0.7440,1104873995900,0.2450,0.2980
443.0430,125.0850,0.7410,1104890923400,0.2450,0.2980
443.2140,122.3120,0.7380,1104890981700,0.2450,0.2980
443.3430,119.7580,0.7350,1104890984800,0.2450,0.2980
443.5140,117.6050,0.7300,1104890986700,0.2450,0.2980
443.6430,115.8910,0.7230,1104907101900,0.2450,0.2980
443.8140,114.5410,0.7120,1104907172400,0.2450,0.2980
443.9000,113.6280,0.6980,1104907176000,0.2450,0.2980
444.1140,112.8990,0.6800,1104923313600,0.2450,0.2980
444.2000,112.3510,0.6570,1104923373000,0.2450,0.2980
444.3290,111.9860,0.6270,1104923375200,0.2450,0.2980
444.5000,111.8410,0.6070,1104923376600,0.2450,0.2980
412.1430,152.7420,0.0210,1105209988000,0.2970,0.2970
412.3570,152.5960,0.1910,1105242279200,0.2970,0.2970
412.6570,153.1800,0.3230,1105258701000,0.2970,0.2970
412.7430,153.3990,0.3450,1105258739800,0.2970,0.2970
412.7860,153.6540,0.3660,1105258740700,0.2970,0.2970
413.0430,154.0920,0.3850,1105274962500,0.2970,0.2970
413.1710,154.5300,0.4030,1105275006400,0.2970,0.2970
413.3430,155.0770,0.4200,1105290988800,0.2970,0.2970
413.4710,155.5880,0.4360,1105291025700,0.2970,0.2970
413.5570,156.1720,0.4500,1105291040300,0.2970,0.2970
413.6430,156.7920,0.4650,1105291041500,0.2970,0.2970
413.6860,157.3760,0.4780,1105291042400,0.2970,0.2970
413.6430,158.0690,0.4910,1105307970200,0.2970,0.2970
413.5570,158.7260,0.5030,1105307992900,0.2970,0.2970
413.4710,159.4190,0.5140,1105324030300,0.2970,0.2970
413.1710,160.3680,0.5250,1105324066800,0.2970,0.2970
412.7430,161.2800,0.5350,1105324068200,0.2970,0.2970
412.2710,162.3380,0.5450,1105324069000,0.2970,0.2970
411.2860,163.6880,0.5540,1105340013200,0.2970,0.2970
410.3430,165.0380,0.5620,1105340033800,0.2970,0.2970
409.1430,166.3150,0.5700,1105340035000,0.2970,0.2970
407.9430,167.4820,0.5770,1105357023400,0.2970,0.2970
406.6570,168.6130,0.5840,1105357046300,0.2970,0.2970
405.2430,169.5990,0.5900,1105357047300,0.2970,0.2970
403.8710,170.4380,0.5950,1105357047800,0.2970,0.2970
402.3710,171.1680,0.6000,1105374050500,0.2970,0.2970
400.8290,171.9340,0.6050,1105374084400,0.2970,0.2970
399.5430,172.3720,0.6080,1105374085300,0.2970,0.2970
398.2570,172.6640,0.6110,1105390987200,0.2970,0.2970
397.1430,172.9550,0.6110,1105391005400,0.2970,0.2970
395.9430,173.1010,0.6090,1105391006400,0.2970,0.2970
394.7430,173.2110,0.6020,1105391006900,0.2970,0.2970
393.5430,173.2110,0.5930,1105407026900,0.2970,0.2970
392.3430,173.2110,0.5800,1105407061900,0.2970,0.2970
391.1430,173.1010,0.5620,1105423134500,0.2970,0.2970
389.9430,172.8820,0.5400,1105423223000,0.2970,0.2970
389.0430,172.6640,0.5240,1105423225100,0.2970,0.2970
388.1000,172.2260,0.4920,1105423226100,0.2970,0.2970
387.2000,171.6780,0.4100,1105423227100,0.2970,0.2970
386.3430,171.0950,0.3420,1105439167100,0.2970,0.2970
385.8290,170.3650,0.2850,1105439192600,0.2970,0.2970
399.5430,143.1460,0.2000,1105588283100,0.2980,0.3150
399.9290,142.8540,0.3010,1105588318400,0.2980,0.3150
400.2290,142.5620,0.3500,1105588319700,0.2980,0.3150
400.4430,142.3430,0.3740,1105588320400,0.2980,0.3150
400.7430,142.0150,0.3870,1105588321300,0.2980,0.3150
401.1710,141.7230,0.3970,1105604451300,0.2980,0.3150
401.5570,141.4310,0.4070,1105604496100,0.2980,0.3150
401.9430,141.1390,0.4180,1105620710400,0.2980,0.3150
402.4570,140.7380,0.4280,1105620754400,0.2980,0.3150
403.1430,140.3730,0.4380,1105620767000,0.2980,0.3150
404.0430,139.8620,0.4480,1105620768000,0.2980,0.3150
404.9430,139.3880,0.4590,1105636820200,0.2980,0.3150
405.8430,138.9500,0.4680,1105636869900,0.2980,0.3150
406.7430,138.5120,0.4770,1105636871700,0.2980,0.3150
407.7290,138.0380,0.4860,1105636872800,0.2980,0.3150
408.5860,137.6000,0.4940,1105636874000,0.2980,0.3150
409.5710,137.2350,0.5000,1105652931900,0.2980,0.3150
410.3430,136.8700,0.5050,1105653099300,0.2980,0.3150
411.2430,136.4690,0.5070,1105669887400,0.2980,0.3150
411.9710,136.2500,0.5060,1105669988700,0.2980,0.3150
412.4860,136.0310,0.4980,1105669991200,0.2980,0.3150
413.0430,135.8120,0.4840,1105669991900,0.2980,0.3150
413.5570,135.7390,0.4630,1105686897100,0.2980,0.3150
413.9430,135.5930,0.4330,1105686996300,0.2980,0.3150
414.2860,135.5930,0.3610,1105687004800,0.2980,0.3150
414.5430,135.5930,0.3010,1105703838700,0.2980,0.3320
396.4140,166.7530,0.0130,1105870260200,0.2800,0.3320
395.9430,166.9720,0.0400,1105870342600,0.2800,0.3320
395.6430,167.1180,0.0730,1105870344500,0.2980,0.3320
395.2570,167.2640,0.1080,1105870345900,0.2980,0.3320
394.9140,167.2640,0.1420,1105870347000,0.2980,0.3320
394.6140,167.2640,0.1760,1105886331800,0.2980,0.3320
394.0140,167.2640,0.2390,1105902367200,0.2980,0.3320
393.5430,167.2640,0.2670,1105902406600,0.2980,0.3320
393.1570,167.0450,0.2940,1105902407600,0.2980,0.3320
392.8140,166.8260,0.3180,1105902408300,0.2800,0.3320
392.3430,166.5340,0.3400,1105919297600,0.2800,0.3320
391.8290,166.2420,0.3590,1105919339000,0.2800,0.3320
391.4000,165.8410,0.3770,1105919340600,0.2800,0.3320
390.9290,165.4760,0.3930,1105935366800,0.2800,0.3320
390.5000,165.1110,0.4080,1105935384200,0.2800,0.3320
389.9430,164.5640,0.4210,1105935391900,0.2800,0.3320
389.3430,163.9800,0.4330,1105935392500,0.2800,0.3320
388.7430,163.4690,0.4440,1105952346800,0.2800,0.3320
388.4000,162.9950,0.4530,1105952388200,0.2800,0.3320
388.0140,162.6300,0.4610,1105968794300,0.2800,0.3320
387.5430,162.3380,0.4690,1105968864400,0.2800,0.3320
387.3290,161.9730,0.4760,1105968875500,0.2800,0.3320
387.0290,161.6450,0.4820,1105968878300,0.2800,0.3320
386.8140,161.2800,0.4870,1105968880400,0.2800,0.3320
386.6000,161.1340,0.4910,1105985655400,0.2800,0.3320
386.3430,160.9880,0.4940,1105985727700,0.2800,0.3320
386.0430,160.6960,0.4980,1105985732800,0.2800,0.3320
385.7430,160.6230,0.4990,1106001895600,0.2800,0.3320
385.4430,161.0610,0.5010,1106018988100,0.2800,0.3320
385.3140,161.2800,0.5020,1106019055100,0.2800,0.3320
385.1430,161.7910,0.5030,1106019058100,0.2800,0.3320
385.0140,162.2650,0.5030,1106035786000,0.2800,0.3320
384.8430,162.7760,0.5040,1106035830200,0.2800,0.3320
384.6290,163.3960,0.5050,1106052783400,0.2800,0.3320
384.4140,163.9800,0.5050,1106052866500,0.2800,0.3320
384.2000,164.4910,0.5060,1106052869600,0.2800,0.3320
383.8140,165.3300,0.5080,1106052871800,0.2800,0.3320
383.4290,165.9870,0.5090,1106052873800,0.2800,0.3320
383.1290,166.5340,0.5100,1106068826200,0.2800,0.3320
382.7000,167.2640,0.5120,1106068872700,0.2800,0.3320
382.1860,167.8840,0.5140,1106084985600,0.2800,0.3320
381.6290,168.3950,0.5160,1106085035700,0.2800,0.3320
381.2860,168.9050,0.5190,1106085037900,0.2800,0.3320
380.8140,169.3070,0.5210,1106085039300,0.2800,0.3320
380.3860,169.6720,0.5240,1106085040500,0.2800,0.3320
380.0000,169.9640,0.5260,1106101059000,0.2800,0.3320
379.4860,170.2550,0.5290,1106101107800,0.2800,0.3320
378.9290,170.5110,0.5310,1106117324900,0.2800,0.3320
378.5000,170.7300,0.5340,1106117366700,0.2800,0.3320
377.9860,170.8030,0.5360,1106117368100,0.2800,0.3320
377.4290,170.8760,0.5380,1106117369200,0.2800,0.3320
376.8290,170.8760,0.5390,1106133337500,0.2800,0.3320
376.3140,170.8030,0.5410,1106133388100,0.2800,0.3320
375.8000,170.6570,0.5430,1106133391600,0.2800,0.3320
375.2000,170.4380,0.5440,1106133394500,0.2800,0.3320
374.6860,170.1090,0.5440,1106149610300,0.2800,0.3320
374.0000,169.6720,0.5450,1106149674600,0.2800,0.3320
373.3140,169.2340,0.5440,1106149676700,0.2800,0.3320
372.7140,168.6860,0.5440,1106165648100,0.2800,0.3320
372.2000,168.1760,0.5430,1106165710200,0.2800,0.3320
371.7710,167.7380,0.5430,1106165713600,0.2800,0.3320
371.3860,167.2640,0.5430,1106165715700,0.2800,0.3320
371.0000,166.9720,0.5440,1106181882800,0.2800,0.3320
370.6140,166.6800,0.5440,1106181947400,0.2800,0.3320
370.3140,166.3880,0.5440,1106198202100,0.2800,0.3320
370.0140,166.0590,0.5440,1106198265100,0.2800,0.3320
369.8000,165.8410,0.5450,1106198267200,0.2800,0.3320
369.5860,165.6950,0.5450,1106198269300,0.2800,0.3320
369.4140,165.4760,0.5450,1106198271000,0.2800,0.3320
369.0710,165.2570,0.5450,1106215166000,0.2800,0.3320
368.7710,165.0380,0.5450,1106232035500,0.2800,0.3320
368.2140,165.1110,0.5450,1106248480300,0.2800,0.3320
367.8710,165.3300,0.5450,1106248546600,0.2800,0.3320
367.6570,165.4760,0.5450,1106248548900,0.2800,0.3320
367.2710,165.8410,0.5460,1106248550300,0.2800,0.3320
366.9710,166.0590,0.5470,1106264752500,0.2800,0.3320
366.5860,166.5340,0.5480,1106264914000,0.2800,0.3320
366.2000,166.8990,0.5490,1106281647600,0.2800,0.3320
365.7710,167.2640,0.5510,1106281709800,0.2800,0.3320
365.0860,167.8840,0.5530,1106281713400,0.2800,0.3320
364.3570,168.3950,0.5550,1106281715500,0.2800,0.3320
363.5860,169.0150,0.5580,1106297690200,0.2800,0.3320
362.9000,169.5260,0.5600,1106297739800,0.2800,0.3320
362.0860,170.1090,0.5630,1106297743500,0.2800,0.3320
361.1860,170.6570,0.5660,1106313975900,0.2800,0.3320
360.4570,171.1680,0.5700,1106314048000,0.2800,0.3320
359.6860,171.6050,0.5730,1106314051700,0.2800,0.3320
358.7860,172.0800,0.5760,1106314053800,0.2800,0.3320
358.1430,172.4450,0.5790,1106330059700,0.2800,0.3320
357.3710,172.8090,0.5810,1106330122900,0.2800,0.3320
356.6860,173.1010,0.5840,1106330128000,0.2800,0.3320
356.0860,173.4300,0.5880,1106347047500,0.2800,0.3320
355.4860,173.5760,0.5910,1106347109200,0.2800,0.3320
354.8860,173.7220,0.5940,1106347111500,0.2800,0.3320
354.2860,173.8680,0.5970,1106347113300,0.2800,0.3320
353.6860,174.0130,0.6000,1106364060000,0.2800,0.3320
353.0430,174.0860,0.6030,1106364133000,0.2800,0.3320
352.4430,174.1590,0.6060,1106364136700,0.2800,0.3320
351.7570,174.2320,0.6090,1106364139000,0.2800,0.3320
351.0710,174.2320,0.6130,1106364141000,0.2800,0.3320
350.4290,174.3050,0.6160,1106380092300,0.2800,0.3320
349.7430,174.3050,0.6190,1106380155500,0.2800,0.3320
349.0570,174.3050,0.6230,1106396359800,0.2800,0.3320
348.3290,174.3050,0.6260,1106396423600,0.2800,0.3320
347.6430,174.3050,0.6300,1106396426100,0.2800,0.3320
346.8290,174.3050,0.6340,1106396427900,0.2800,0.3320
346.2290,174.3050,0.6390,1106413282800,0.2800,0.3320
345.5430,174.3050,0.6440,1106413345600,0.2800,0.3320
344.9430,174.2320,0.6500,1106429436200,0.2800,0.3320
344.2570,174.2320,0.6570,1106429502100,0.2980,0.3320
343.6570,174.0860,0.6640,1106429504600,0.2980,0.3320
343.0570,174.0860,0.6710,1106429506000,0.2980,0.3320
342.4570,174.0130,0.6780,1106429507700,0.2980,0.3320
341.9430,173.8680,0.6850,1106445625200,0.2980,0.3320
341.3430,173.7950,0.6920,1106445702700,0.2980,0.3320
340.8290,173.6490,0.6990,1106461989800,0.2980,0.3320
340.3570,173.5030,0.7070,1106462052900,0.2980,0.3320
339.8430,173.2110,0.7140,1106462055100,0.2980,0.3320
339.4140,172.9550,0.7210,1106462056800,0.2980,0.3320
338.8570,172.5910,0.7280,1106478823600,0.2980,0.3320
338.4290,172.2260,0.7350,1106478880600,0.2980,0.3320
337.9140,171.6050,0.7420,1106478883800,0.2980,0.3320
337.3570,170.8760,0.7480,1106478885900,0.2980,0.3320
336.8430,170.1820,0.7530,1106478888000,0.2980,0.3320
336.4140,169.3800,0.7590,1106495082000,0.2980,0.3320
336.0290,168.3950,0.7630,1106495145000,0.2980,0.3320
335.6430,167.2640,0.7670,1106511989500,0.2980,0.3320
335.2140,165.6220,0.7710,1106512056400,0.2980,0.3320
334.8290,163.6880,0.7760,1106512060000,0.2980,0.3320
334.6140,161.7180,0.7790,1106512062000,0.2980,0.3320
334.4430,159.5650,0.7830,1106528061400,0.2980,0.3320
334.4000,157.2300,0.7860,1106528125400,0.2980,0.3320
334.4000,154.6760,0.7880,1106528127900,0.2980,0.3320
334.4000,151.9760,0.7910,1106544977500,0.2980,0.3320
334.4430,149.0570,0.7930,1106545018600,0.2980,0.3320
334.7430,143.6570,0.7950,1106545021200,0.2980,0.3320
334.8290,139.7160,0.7960,1106545022600,0.2980,0.3320
335.1290,136.4690,0.7970,1106561048500,0.2980,0.3320
335.2140,133.4770,0.7960,1106561115500,0.2980,0.3320
335.3000,130.4120,0.7930,1106577975300,0.2980,0.3320
335.3430,127.4200,0.7900,1106578046700,0.2980,0.3320
335.3430,124.5740,0.7850,1106578050500,0.2980,0.3320
335.3000,121.9470,0.7810,1106578052600,0.2980,0.3320
335.3000,119.5390,0.7770,1106578054400,0.2980,0.3320
335.1290,117.3860,0.7730,1106594041300,0.2980,0.3320
335.0430,115.7450,0.7670,1106594129000,0.2980,0.3320
335.0000,114.4680,0.7590,1106594134900,0.2980,0.3320
335.0000,113.4820,0.7470,1106610289200,0.2980,0.3320
334.8290,112.7890,0.7340,1106610350300,0.2980,0.3320
335.0000,112.2780,0.7170,1106610352200,0.2980,0.3320
335.1290,111.9130,0.6960,1106610353700,0.2980,0.3320
335.2140,111.7680,0.6700,1106626592900,0.2980,0.3320
335.8140,112.1320,0.6240,1106626656400,0.2980,0.3320
336.1140,112.5700,0.5200,1106626659000,0.2980,0.3320
337.0140,113.9200,0.4330,1106642907300,0.2980,0.3320
337.8290,115.5620,0.3610,1106642972100,0.2980,0.3150
362.4710,180.6180,0.3100,1106775879700,0.2280,0.1400
362.9000,181.0550,0.4610,1106775891500,0.2450,0.1570
363.2000,181.4200,0.5190,1106791740300,0.2450,0.1740
363.5000,181.6760,0.5310,1106791773900,0.2450,0.1920
363.8860,182.0410,0.5220,1106791775000,0.2450,0.1920
364.2710,182.3320,0.5090,1106807796800,0.2450,0.1920
364.6570,182.6240,0.5030,1106807827500,0.2450,0.1920
364.8710,182.8430,0.5010,1106807828500,0.2450,0.1920
365.2570,183.2450,0.5000,1106807829100,0.2450,0.1920
365.5570,183.4640,0.5010,1106823928100,0.2450,0.1920
365.7710,183.6820,0.5030,1106823959300,0.2450,0.1920
365.9000,183.9740,0.5050,1106839926400,0.2450,0.1920
366.1570,184.1930,0.5070,1106839959200,0.2450,0.1920
366.2860,184.4490,0.5100,1106839960000,0.2450,0.1920
366.4570,184.6680,0.5120,1106839966800,0.2450,0.1920
366.5860,184.8860,0.5150,1106839967500,0.2450,0.1920
366.7570,185.1050,0.5160,1106855965800,0.2450,0.1920
366.8860,185.2510,0.5120,1106856006400,0.2450,0.1920
366.9710,185.5430,0.4990,1106872064700,0.2450,0.1920
367.1860,186.0180,0.4720,1106872102900,0.2450,0.1920
367.4000,186.2370,0.3940,1106872104400,0.2450,0.1920
367.4860,186.4550,0.3280,1106872105000,0.2450,0.1920
315.8000,114.0660,0.0080,1107347959300,0.1750,0.0000
315.6710,113.7740,0.0350,1107363832600,0.1750,0.0000
315.5860,113.1910,0.1070,1107363866800,0.1920,0.0520
315.5000,112.9720,0.1450,1107363867600,0.1930,0.0880
315.4140,112.5700,0.2150,1107380871900,0.1920,0.1400
315.2860,112.2780,0.2760,1107397859700,0.1930,0.1760
314.7710,112.7160,0.3920,1107413947800,0.1930,0.2450
314.4710,113.1910,0.4110,1107430028600,0.1930,0.2450
314.3860,113.7740,0.4280,1107430064600,0.1930,0.2450
314.1710,114.7590,0.4450,1107430065600,0.1930,0.2450
313.9140,115.7450,0.4600,1107430066300,0.1930,0.2450
313.7000,117.0950,0.4750,1107446972300,0.1930,0.2630
313.4000,119.0280,0.4890,1107447002700,0.1930,0.2800
313.1860,121.0350,0.5030,1107447003900,0.1930,0.2980
313.1000,123.1510,0.5160,1107447004700,0.1930,0.2980
312.9710,125.3040,0.5280,1107447005400,0.1930,0.2980
312.9710,127.7120,0.5400,1107462984800,0.1930,0.2980
313.0140,130.0470,0.5520,1107463009900,0.1930,0.2980
313.1860,132.4190,0.5620,1107479130700,0.1930,0.2980
313.2710,134.9000,0.5720,1107479152300,0.1930,0.2980
313.4000,137.3080,0.5810,1107479153100,0.1930,0.2980
313.5710,139.7160,0.5900,1107479153800,0.1930,0.2980
313.6140,142.0880,0.5970,1107479154500,0.1930,0.2980
313.7000,144.4960,0.6040,1107495201900,0.1930,0.2980
313.7000,146.9040,0.6110,1107495222700,0.1930,0.2980
313.7000,149.0570,0.6160,1107512180100,0.1930,0.2980
313.7000,150.8810,0.6220,1107512201500,0.1930,0.2980
313.6140,152.3770,0.6270,1107512202500,0.1930,0.2980
313.4860,153.6540,0.6320,1107512203100,0.1930,0.2980
313.4000,154.8220,0.6360,1107528244200,0.1930,0.2980
313.2710,155.9530,0.6390,1107528267100,0.1930,0.2980
313.2710,157.0110,0.6430,1107528268600,0.1930,0.2980
313.1860,157.9230,0.6460,1107545273600,0.1930,0.2980
313.0140,158.6530,0.6480,1107545325000,0.1930,0.2980
312.9710,159.2730,0.6510,1107545327000,0.1930,0.2980
312.8860,159.8570,0.6530,1107545328500,0.1930,0.2980
312.7140,160.4410,0.6560,1107561401900,0.1930,0.2980
312.6710,160.9880,0.6580,1107561445100,0.1930,0.2980
312.5860,161.4260,0.6610,1107561447900,0.1930,0.2980
312.4140,161.8640,0.6630,1107561449800,0.1930,0.2980
312.2860,162.2650,0.6650,1107578107400,0.1930,0.2980
312.0710,162.4840,0.6670,1107578167200,0.1930,0.2980
311.9860,162.7760,0.6690,1107594157000,0.1930,0.2980
311.7710,163.0680,0.6710,1107594214600,0.1930,0.2980
311.3860,163.3960,0.6740,1107594216600,0.1930,0.2980
311.0000,163.6150,0.6760,1107594218100,0.1930,0.2980
310.6570,163.6880,0.6770,1107594219300,0.1930,0.2980
310.1860,163.9070,0.6790,1107610244200,0.2110,0.2980
309.6710,163.9800,0.6800,1107610346700,0.2110,0.2980
309.1570,163.9800,0.6810,1107626563700,0.2110,0.2980
308.4710,163.9800,0.6810,1107626624600,0.2110,0.2980
307.9570,163.9070,0.6820,1107626627000,0.2110,0.2980
307.1860,163.6880,0.6820,1107626628300,0.2110,0.2980
306.2000,163.5420,0.6810,1107642652100,0.2110,0.2980
305.1710,163.2140,0.6790,1107642711000,0.2280,0.2970
304.0570,162.8490,0.6760,1107659583100,0.2450,0.2980
302.3860,162.2650,0.6720,1107659628400,0.2450,0.2980
300.7570,161.5720,0.6670,1107659630400,0.2450,0.2980
299.0430,160.8420,0.6620,1107659631800,0.2450,0.2980
297.3710,160.0760,0.6570,1107659633300,0.2450,0.2980
295.7430,159.2730,0.6530,1107676547400,0.2450,0.2980
294.0710,158.4340,0.6480,1107676594300,0.2450,0.2980
292.4430,157.5220,0.6430,1107676597500,0.2450,0.2980
290.8570,156.6460,0.6390,1107676599300,0.2450,0.2980
289.2710,155.7340,0.6350,1107676601000,0.2450,0.2980
287.7710,155.0040,0.6320,1107692563600,0.2450,0.2980
286.3570,154.2380,0.6290,1107692606200,0.2450,0.2980
285.1140,153.6540,0.6260,1107709547800,0.2450,0.2980
284.0430,153.1070,0.6230,1107709602600,0.2450,0.2980
283.0570,152.7420,0.6210,1107709605700,0.2450,0.2980
282.1140,152.3040,0.6190,1107709608500,0.2450,0.2980
281.2140,151.9760,0.6170,1107725712800,0.2450,0.2980
280.3140,151.6840,0.6160,1107725767700,0.2450,0.2980
279.4140,151.3920,0.6150,1107741883400,0.2450,0.2980
278.6000,151.2460,0.6130,1107741941300,0.2450,0.2980
277.9140,151.1000,0.6120,1107741944200,0.2450,0.2980
277.3140,150.9540,0.6120,1107741946200,0.2450,0.2980
276.6290,150.8810,0.6110,1107757919600,0.2450,0.2980
276.0290,150.8810,0.6100,1107757997800,0.2450,0.2980
275.4290,150.8080,0.6090,1107758004400,0.2450,0.2980
274.7430,150.8810,0.6090,1107774032800,0.2450,0.2980
274.2290,150.8810,0.6080,1107774089000,0.2450,0.2980
273.6290,150.9540,0.6080,1107774091200,0.2450,0.2980
273.1140,151.0270,0.6070,1107774094200,0.2450,0.2980
272.5140,151.1000,0.6070,1107790122100,0.2450,0.2980
272.0430,151.1730,0.6060,1107790173500,0.2450,0.2980
271.7000,151.3190,0.6060,1107790175500,0.2450,0.2980
271.3140,151.3920,0.6060,1107790176800,0.2450,0.2980
271.0140,151.4650,0.6050,1107806365200,0.2450,0.2980
270.7140,151.5380,0.6050,1107806425800,0.2450,0.2980
270.5000,151.6840,0.6040,1107823349500,0.2450,0.2980
270.1140,151.8300,0.6030,1107823424800,0.2450,0.2980
269.9860,151.9760,0.6030,1107823428900,0.2450,0.2980
269.8140,152.2310,0.6020,1107839472100,0.2450,0.2980
270.2860,152.4500,0.6010,1107856356200,0.2450,0.2980
270.5860,152.5960,0.6010,1107856411100,0.2450,0.2980
271.1430,152.6690,0.6010,1107856413100,0.2450,0.2980
271.8290,152.8150,0.6010,1107856414900,0.2450,0.2980
272.5140,152.8880,0.6010,1107872383700,0.2450,0.2980
273.5430,153.1070,0.6010,1107872437700,0.2450,0.2980
274.6140,153.3260,0.6010,1107872440800,0.2450,0.2980
275.6430,153.5810,0.6010,1107872443000,0.2450,0.2980
276.7140,153.8730,0.6010,1107888458300,0.2450,0.2980
277.7430,154.2380,0.6020,1107888529800,0.2450,0.2980
278.7290,154.6760,0.6020,1107905392500,0.2450,0.2980
279.6290,155.1500,0.6020,1107905430600,0.2450,0.2980
280.5290,155.6610,0.6030,1107905432600,0.2450,0.2980
281.2570,156.1720,0.6040,1107905433800,0.2450,0.2980
282.0290,156.8650,0.6050,1107905435000,0.2450,0.2980
282.6290,157.4490,0.6070,1107922399900,0.2450,0.2980
283.1430,158.1420,0.6100,1107922455000,0.2450,0.2980
283.6140,158.8720,0.6130,1107938395000,0.2450,0.2980
283.9140,159.4920,0.6160,1107938449900,0.2450,0.2980
284.1290,160.0760,0.6200,1107938452000,0.2450,0.2980
284.2140,160.6960,0.6230,1107938453400,0.2450,0.2980
284.2570,161.2800,0.6270,1107938454600,0.2450,0.2980
284.2140,161.7910,0.6310,1107954650100,0.2450,0.2980
284.1290,162.4110,0.6340,1107954903400,0.2450,0.2980
283.9140,162.9950,0.6370,1107970682100,0.2450,0.2980
283.6140,163.5420,0.6400,1107970754000,0.2450,0.2980
283.1430,164.2720,0.6430,1107970759900,0.2450,0.2980
282.5430,165.0380,0.6450,1107970762000,0.2450,0.2980
281.8140,165.6950,0.6470,1107987889200,0.2450,0.2980
280.5290,166.6070,0.6500,1107988297300,0.2450,0.2980
279.1140,167.4090,0.6520,1107988324100,0.2450,0.2980
277.6140,168.1760,0.6540,1107988334500,0.2450,0.2980
275.9000,168.8320,0.6550,1107988336400,0.2450,0.2980
274.1430,169.4530,0.6570,1108005138700,0.2450,0.2980
272.3000,169.8910,0.6570,1108005211600,0.2450,0.2980
270.3290,170.3650,0.6560,1108021903700,0.2450,0.2980
268.4860,170.6570,0.6540,1108021948900,0.2450,0.2980
266.5140,170.8760,0.6500,1108021951200,0.2450,0.2980
264.9290,171.0950,0.6440,1108021952600,0.2450,0.2980
263.6000,171.1680,0.6360,1108038017300,0.2450,0.2980
262.4000,171.2410,0.6230,1108038222200,0.2450,0.2980
261.2860,171.1680,0.6070,1108038224600,0.2450,0.2980
260.3860,171.0950,0.5840,1108054981400,0.2450,0.2980
259.5710,171.0220,0.5540,1108055136000,0.2450,0.2980
258.7140,170.7300,0.5320,1108055181700,0.2450,0.2980
258.0710,170.4380,0.4430,1108055186600,0.2450,0.2980
257.4710,170.0360,0.3690,1108071889900,0.2450,0.2980
256.9140,169.6720,0.3070,1108071951600,0.2450,0.2980
240.5860,158.2150,0.2090,1108206208800,0.1230,0.2980
240.3710,157.8500,0.3160,1108206246200,0.1400,0.2970
240.1570,157.5220,0.3700,1108206247500,0.1570,0.2970
240.0710,157.3030,0.3950,1108206248600,0.1570,0.2970
239.9430,157.0110,0.4070,1108222342100,0.1570,0.2970
239.6860,156.6460,0.4170,1108222373100,0.1570,0.2970
239.4710,156.4270,0.4220,1108222373900,0.1570,0.2970
239.3430,156.1720,0.4260,1108238450200,0.1750,0.2980
239.0860,156.0260,0.4300,1108238486500,0.1750,0.2980
238.7430,155.7340,0.4400,1108254487800,0.1750,0.2980
238.4430,155.5880,0.4450,1108254523100,0.1750,0.2980
238.1430,155.5150,0.4510,1108254524300,0.1750,0.2980
237.4570,155.2960,0.4630,1108270676300,0.1750,0.2980
237.0710,155.2960,0.4690,1108270773300,0.1930,0.2980
236.5570,155.2960,0.4750,1108286910300,0.1930,0.2980
235.9570,155.5150,0.4800,1108287000000,0.1930,0.2980
235.3570,155.6610,0.4850,1108287005100,0.1930,0.2980
234.8430,155.9530,0.4900,1108287008800,0.1930,0.2980
234.0710,156.3540,0.4940,1108303209900,0.1930,0.2980
233.4290,156.7920,0.4980,1108303371700,0.2110,0.2980
232.6570,157.3760,0.5020,1108319952400,0.2110,0.2980
232.0570,157.9960,0.5050,1108320071700,0.2110,0.2980
231.5430,158.7260,0.5080,1108320083100,0.2110,0.2980
231.0290,159.4920,0.5110,1108320087200,0.2110,0.2980
230.5570,160.3680,0.5140,1108320092400,0.2110,0.2980
230.2140,161.2800,0.5170,1108336031300,0.2110,0.2980
229.9140,162.2650,0.5190,1108336115700,0.2110,0.2980
229.7430,163.2140,0.5220,1108336121000,0.2110,0.2980
229.6570,164.2720,0.5250,1108353009900,0.2110,0.2980
229.6570,165.2570,0.5270,1108353379300,0.2110,0.2980
229.7430,166.4610,0.5300,1108353397700,0.2110,0.2980
229.9140,167.5920,0.5320,1108369115300,0.2110,0.2980
230.2570,168.7590,0.5350,1108369195200,0.2110,0.2980
230.8570,170.5110,0.5370,1108369199000,0.2110,0.2980
231.6290,172.0800,0.5390,1108369201300,0.2110,0.2980
232.5290,173.6490,0.5410,1108369203200,0.2110,0.2980
233.4290,175.1450,0.5440,1108385079700,0.2110,0.2980
234.3710,176.4950,0.5460,1108385241500,0.2110,0.2980
235.3570,177.8450,0.5480,1108401248000,0.2110,0.2980
236.4290,179.0490,0.5500,1108401317000,0.2110,0.2980
237.3710,180.1800,0.5520,1108401319600,0.2110,0.2980
238.2290,181.1280,0.5540,1108401321300,0.2110,0.2980
238.8710,181.8950,0.5550,1108401322700,0.2110,0.2980
239.4710,182.5510,0.5570,1108418148500,0.2110,0.2980
239.9430,183.2450,0.5600,1108418226400,0.2110,0.2980
240.3710,183.8280,0.5630,1108435154300,0.2110,0.2980
240.5860,184.3390,0.5670,1108435225000,0.2110,0.2980
240.8430,184.8140,0.5720,1108435228700,0.2110,0.2980
240.9710,185.2510,0.5790,1108435231000,0.2110,0.2980
240.8860,185.7990,0.5860,1108435233500,0.2100,0.2800
240.7570,186.3090,0.5940,1108452153400,0.2100,0.2800
240.3710,187.1120,0.6030,1108452216000,0.2100,0.2800
239.6860,187.9510,0.6120,1108452220200,0.2110,0.2980
238.4430,189.0820,0.6200,1108468209600,0.2110,0.2980
236.8570,190.2140,0.6280,1108468279200,0.2110,0.2980
235.2290,191.2350,0.6360,1108468281300,0.2110,0.2980
233.2570,192.3660,0.6440,1108484258100,0.2110,0.2980
231.1570,193.2780,0.6530,1108484318000,0.2110,0.2980
229.0570,194.0810,0.6610,1108484321400,0.2110,0.2980
226.9140,194.6280,0.6700,1108484323700,0.2110,0.2980
224.8140,195.1390,0.6800,1108484325400,0.2110,0.2980
222.7570,195.3580,0.6890,1108500551600,0.2110,0.2980
221.0430,195.4310,0.6980,1108500634100,0.2110,0.2980
219.7140,195.3580,0.7070,1108516767700,0.2110,0.2980
217.9140,194.8470,0.7150,1108516834200,0.2280,0.2970
216.2430,194.3360,0.7230,1108516837700,0.2280,0.2970
214.9140,193.3510,0.7280,1108516839700,0.2280,0.2970
213.7140,192.0740,0.7310,1108533003600,0.2280,0.2970
212.7290,190.5050,0.7300,1108533077700,0.2450,0.2980
212.0000,188.6450,0.7200,1108549889100,0.2450,0.2980
211.5290,186.3090,0.7040,1108549954500,0.2450,0.2980
211.3140,183.6820,0.6820,1108549957900,0.2450,0.2980
211.4000,180.6900,0.6520,1108549960100,0.2450,0.2980
212.6860,172.8090,0.6290,1108566000300,0.2630,0.2970
213.5860,167.5920,0.5240,1108566063700,0.2630,0.2970
215.4290,160.3680,0.4370,1108566066800,0.2630,0.2970
216.9290,155.5150,0.3640,1108566068900,0.2630,0.2970
