700.3860,62.0410,1.0000,2113726922800,0.3670,0.6810
698.5000,61.0550,0.0220,2113847956900,0.3680,0.7160
698.6720,61.6760,0.0430,2113863782300,0.3680,0.7160
698.8000,62.2590,0.0530,2113863836999,0.3680,0.7160
698.8860,62.7700,0.0630,2113863843300,0.3680,0.7160
698.9710,63.3910,0.0730,2113863844999,0.3680,0.7160
699.1000,64.0470,0.0820,2113863846400,0.3680,0.7160
699.1860,64.7410,0.0910,2113879836100,0.3680,0.7160
699.2710,65.3970,0.0990,2113879868300,0.3680,0.7160
699.5710,66.3820,0.1070,2113895882400,0.3680,0.7160
699.7000,67.3680,0.1150,2113895932800,0.3680,0.7160
699.8710,68.1700,0.1220,2113895934799,0.3680,0.7160
700.0860,69.0820,0.1290,2113895940400,0.3680,0.7160
700.3000,70.0680,0.1360,2113911911100,0.3680,0.7160
700.4710,71.0890,0.1420,2113911958900,0.3680,0.7160
700.6000,72.0740,0.1480,2113911960999,0.3680,0.7160
700.8570,73.0590,0.1540,2113927931500,0.3680,0.7160
700.9000,73.9350,0.1610,2113927974000,0.3680,0.7160
700.9860,74.7010,0.1670,2113927976500,0.3680,0.7160
700.9860,75.4310,0.1730,2113927977800,0.3680,0.7160
701.0710,76.2700,0.1800,2113944887199,0.3680,0.7160
701.0710,77.1090,0.1860,2113944922199,0.3680,0.7160
701.1570,77.9120,0.1910,2113961911300,0.3680,0.7160
701.1570,78.6780,0.1970,2113961943200,0.3680,0.7160
701.1570,79.4810,0.2020,2113961945099,0.3680,0.7160
701.1570,80.3930,0.2070,2113961946200,0.3680,0.7160
701.0710,81.4510,0.2120,2113961947200,0.3680,0.7160
701.0710,82.6550,0.2170,2113977981399,0.3680,0.7160
701.0710,83.6040,0.2210,2113978015100,0.3680,0.7160
701.0710,84.4430,0.2250,2113994973899,0.3680,0.7160
701.0710,85.4280,0.2290,2113995054099,0.3680,0.7160
701.0710,86.5230,0.2330,2113995060700,0.3680,0.7160
700.9860,87.6540,0.2370,2113995065400,0.3680,0.7160
700.9860,88.7120,0.2410,2113995069700,0.3680,0.7160
700.9860,89.9160,0.2450,2114011979900,0.3680,0.7160
700.9000,90.9380,0.2480,2114012034900,0.3680,0.7160
700.9000,92.0690,0.2510,2114028157400,0.3680,0.7160
700.9000,93.2000,0.2550,2114028240199,0.3680,0.7160
700.9860,94.4040,0.2580,2114028246400,0.3680,0.7160
700.9860,95.5350,0.2610,2114028249600,0.3680,0.7160
700.9860,96.6660,0.2650,2114045048399,0.3680,0.7160
700.9860,97.8340,0.2680,2114045124599,0.3680,0.7160
700.9000,98.9650,0.2710,2114045130500,0.3680,0.7160
700.9000,100.1690,0.2730,2114045133600,0.3680,0.7160
700.8570,101.3730,0.2760,2114045136300,0.3680,0.7160
700.7710,102.4310,0.2780,2114061914500,0.3680,0.7160
700.7710,103.5990,0.2810,2114061985400,0.3680,0.7160
700.7710,104.6570,0.2830,2114078075999,0.3680,0.7160
700.7710,105.7150,0.2850,2114078130600,0.3680,0.7160
700.8570,106.8460,0.2870,2114078134400,0.3680,0.7160
700.9000,107.7220,0.2890,2114078136199,0.3680,0.7160
700.9000,108.6340,0.2910,2114078137999,0.3680,0.7160
700.9000,109.4730,0.2930,2114094190899,0.3680,0.7160
700.9860,110.2760,0.2950,2114094266799,0.3680,0.7160
701.0710,111.0420,0.2970,2114110282700,0.3680,0.7160
701.0710,111.8450,0.2990,2114110362200,0.3680,0.7160
701.1570,112.9030,0.3000,2114110367800,0.3680,0.7160
701.2000,113.8880,0.3020,2114110371100,0.3680,0.7160
701.2000,114.7640,0.3030,2114127190600,0.3680,0.7160
701.2860,115.8950,0.3050,2114127278999,0.3680,0.7160
701.2860,116.9530,0.3070,2114127283200,0.3680,0.7160
701.3710,118.1570,0.3080,2114144111200,0.3680,0.7160
701.3710,119.2150,0.3100,2114144162900,0.3680,0.7160
701.3710,120.3820,0.3120,2114144166700,0.3680,0.7160
701.3710,121.5860,0.3140,2114144169300,0.3680,0.7160
701.3710,122.7180,0.3160,2114144171000,0.3680,0.7160
701.3710,123.9220,0.3180,2114160170600,0.3680,0.7160
701.3710,125.1260,0.3190,2114176375200,0.3680,0.7160
701.3710,126.3300,0.3210,2114176452000,0.3680,0.7160
701.3710,127.6070,0.3230,2114176460900,0.3680,0.7160
701.4570,128.7740,0.3250,2114176463899,0.3680,0.7160
701.3710,130.1240,0.3260,2114176467100,0.3680,0.7160
701.5860,132.3140,0.3280,2114192461600,0.3680,0.7160
701.7140,133.8820,0.3300,2114192543600,0.3680,0.7160
701.8000,135.2320,0.3320,2114208532300,0.3680,0.7160
701.8860,136.3640,0.3340,2114208700600,0.3680,0.7160
702.0140,137.5680,0.3350,2114208711100,0.3680,0.7160
702.1000,138.7720,0.3370,2114208715100,0.3680,0.7160
702.2710,139.8660,0.3380,2114208721800,0.3680,0.7160
702.3140,141.0700,0.3400,2114224658799,0.3680,0.7160
702.4860,142.2740,0.3410,2114224770800,0.3680,0.7160
702.5710,143.5510,0.3420,2114240972700,0.3680,0.7160
702.6140,144.8280,0.3430,2114241065199,0.3680,0.7160
702.6140,146.1780,0.3450,2114241071699,0.3680,0.7160
702.7000,147.5280,0.3460,2114241075100,0.3680,0.7160
702.7860,148.8050,0.3470,2114258223899,0.3680,0.7160
702.8710,150.1550,0.3480,2114258433699,0.3680,0.7160
702.9140,151.5050,0.3490,2114258444200,0.3680,0.7160
703.0000,152.6730,0.3500,2114258451600,0.3680,0.7160
703.0860,153.9500,0.3510,2114258459900,0.3680,0.7160
703.1710,155.2270,0.3530,2114274322599,0.3680,0.7160
703.3000,156.4310,0.3540,2114274598699,0.3680,0.7160
703.4710,157.5620,0.3550,2114290387700,0.3680,0.7160
703.5140,158.6200,0.3560,2114290514700,0.3680,0.7160
703.7710,159.6420,0.3570,2114290524700,0.3680,0.7160
703.9000,160.7000,0.3580,2114290529700,0.3680,0.7160
704.0710,161.6850,0.3590,2114307380700,0.3680,0.7160
704.1140,162.6700,0.3600,2114307479100,0.3680,0.7160
704.2860,163.5460,0.3610,2114323602300,0.3680,0.7160
704.4140,164.6040,0.3620,2114323715200,0.3680,0.7160
704.5000,165.5890,0.3630,2114323722700,0.3680,0.7160
704.5860,166.5380,0.3640,2114323726799,0.3680,0.7160
704.6710,167.3040,0.3650,2114323731099,0.3680,0.7160
704.6710,168.0340,0.3660,2114339906800,0.3680,0.7160
704.7140,168.7270,0.3670,2114340138000,0.3680,0.7160
704.7140,169.3840,0.3680,2114356421900,0.3680,0.7160
704.8000,170.0040,0.3690,2114356675500,0.3680,0.7160
704.8000,170.5150,0.3700,2114356701900,0.3680,0.7160
704.8860,170.9890,0.3710,2114356709799,0.3680,0.7160
704.8860,171.3540,0.3720,2114372224000,0.3680,0.7160
704.8000,171.7190,0.3740,2114372314200,0.3680,0.7160
704.7140,172.0840,0.3770,2114389197600,0.3680,0.7160
704.5860,172.3030,0.3790,2114389283500,0.3680,0.7160
704.1140,172.2300,0.3530,2114405328200,0.3680,0.7160
702.6140,171.2080,0.8330,2114405425399,0.3680,0.7160
701.9710,170.3690,0.6940,2114422317500,0.3680,0.7160
670.9430,126.1110,0.0200,2114788065300,0.3850,0.6640
670.8570,126.3300,0.0390,2114788117300,0.3850,0.6640
670.7290,126.5490,0.0560,2114804928900,0.3850,0.6640
670.5140,126.8410,0.0710,2114804981200,0.3850,0.6640
670.1290,127.2050,0.0830,2114804983099,0.3850,0.6640
669.6570,127.5340,0.0930,2114804984100,0.3850,0.6640
669.1430,127.8260,0.1020,2114821849300,0.3850,0.6640
668.3290,128.2630,0.1110,2114821878899,0.3850,0.6640
667.4290,128.6280,0.1200,2114821880900,0.3850,0.6640
666.4000,128.9570,0.1290,2114821901500,0.3850,0.6640
665.3280,129.2490,0.1380,2114821902600,0.3850,0.6640
664.2140,129.4680,0.1470,2114838092300,0.3850,0.6640
662.3290,129.8320,0.1550,2114838140400,0.3850,0.6640
660.4860,130.1240,0.1630,2114854110599,0.3860,0.6810
658.5140,130.4530,0.1720,2114854144400,0.3860,0.6980
656.5000,130.6720,0.1790,2114854146600,0.3860,0.6980
654.5290,130.8180,0.1870,2114854147500,0.3860,0.6980
652.8140,130.9640,0.1940,2114870154200,0.3860,0.6980
650.6710,131.0360,0.2000,2114870193100,0.3860,0.6980
648.8710,131.0360,0.2060,2114886152200,0.3860,0.6980
647.4140,131.0360,0.2110,2114886190400,0.3860,0.6980
645.3140,130.8910,0.2160,2114886193700,0.3860,0.6980
643.6000,130.6720,0.2210,2114886195600,0.3860,0.6980
641.5860,130.3800,0.2250,2114886197100,0.3860,0.6980
639.8710,129.9050,0.2290,2114902396800,0.3860,0.6980
638.1570,129.3220,0.2320,2114902460100,0.3860,0.6980
636.4860,128.7010,0.2350,2114902463100,0.3860,0.6980
635.0710,127.8990,0.2380,2114902464599,0.3860,0.6980
633.9570,127.1320,0.2410,2114919326500,0.3850,0.7150
632.8430,126.1840,0.2430,2114919352800,0.3850,0.7150
631.9860,125.1990,0.2450,2114936297700,0.3850,0.7150
631.3430,124.2860,0.2470,2114936327999,0.3850,0.7150
630.8710,123.4840,0.2490,2114936330200,0.3850,0.7150
630.4430,122.5720,0.2510,2114936331100,0.3850,0.7150
630.1430,121.7320,0.2520,2114936331900,0.3850,0.7150
629.9710,120.9300,0.2530,2114953337800,0.3850,0.7150
629.8860,120.1640,0.2540,2114953383900,0.3850,0.7150
629.8430,119.4340,0.2550,2114970291400,0.3850,0.7150
629.8860,118.7400,0.2550,2114970350100,0.3850,0.7150
630.1430,118.0110,0.2560,2114970354700,0.3850,0.7150
630.4430,117.3180,0.2560,2114970356100,0.3850,0.7150
630.7430,116.5880,0.2570,2114970357900,0.3850,0.7150
631.2570,115.8220,0.2570,2114986378300,0.3850,0.7150
631.7710,115.1650,0.2580,2114986435400,0.3850,0.7150
632.4570,114.5450,0.2580,2115002466500,0.3850,0.7150
633.2710,114.0340,0.2580,2115002513699,0.3850,0.7150
634.0860,113.5960,0.2580,2115002515700,0.3850,0.7150
634.9860,113.1950,0.2580,2115002516700,0.3850,0.7150
635.8860,112.9760,0.2580,2115019378399,0.3850,0.7150
636.8710,112.7570,0.2570,2115019458400,0.3850,0.7150
637.7710,112.6110,0.2570,2115019463300,0.3850,0.7150
638.6720,112.6110,0.2560,2115035489100,0.3850,0.7150
639.4860,112.6110,0.2560,2115035546700,0.3850,0.7150
640.6000,112.6840,0.2560,2115035551300,0.3850,0.7150
641.7570,112.8300,0.2550,2115035553500,0.3850,0.7150
642.7000,113.1220,0.2550,2115051786699,0.3850,0.7150
643.7710,113.4140,0.2540,2115051873200,0.3850,0.7150
644.7570,113.8880,0.2540,2115051879300,0.3850,0.7150
645.6140,114.2530,0.2540,2115068801400,0.3850,0.7150
646.4710,114.7640,0.2540,2115068884800,0.3850,0.7150
647.1140,115.3110,0.2540,2115068889300,0.3850,0.7150
647.6720,115.8950,0.2550,2115068891300,0.3850,0.7150
648.1000,116.6610,0.2560,2115084925700,0.3850,0.7150
648.4000,117.2450,0.2570,2115085006500,0.3850,0.7150
648.6140,117.8650,0.2600,2115085011400,0.3850,0.7150
648.7860,118.3760,0.2620,2115085013400,0.3850,0.7150
648.7000,118.9590,0.2650,2115101032100,0.3850,0.7150
648.5710,119.6530,0.2680,2115101125400,0.3850,0.7150
648.4000,120.3090,0.2720,2115117242100,0.3850,0.7150
648.0140,121.2220,0.2750,2115117323699,0.3850,0.7150
647.4140,122.1340,0.2790,2115117329199,0.3850,0.7150
646.3860,123.3380,0.2830,2115117331399,0.3850,0.7150
645.1000,124.5780,0.2880,2115134149500,0.3850,0.7150
643.6000,125.8550,0.2920,2115134217200,0.3850,0.7150
642.1860,126.9870,0.2960,2115150206800,0.3850,0.7150
640.4710,128.2630,0.3000,2115150286300,0.3850,0.7150
638.5000,129.4680,0.3050,2115150290400,0.3850,0.7150
634.9430,131.8030,0.3090,2115150292400,0.3850,0.7150
632.1570,133.2990,0.3130,2115150294500,0.3850,0.7150
629.7570,134.3930,0.3160,2115167099100,0.3850,0.7150
627.5710,135.3780,0.3200,2115167190000,0.3850,0.7150
623.5430,137.0930,0.3240,2115167196500,0.3850,0.7150
620.7140,138.2240,0.3270,2115167199999,0.4030,0.7160
618.3570,138.9910,0.3300,2115183216300,0.4210,0.7170
616.3430,139.5010,0.3330,2115183319599,0.4210,0.7170
614.3280,140.0120,0.3350,2115183327000,0.4210,0.7170
612.2290,140.3410,0.3370,2115200259300,0.4210,0.7170
610.0000,140.5590,0.3400,2115200347300,0.4210,0.7170
607.8140,140.6320,0.3420,2115200353600,0.4210,0.7170
605.8000,140.5590,0.3450,2115200357000,0.4210,0.7170
603.6140,140.2680,0.3470,2115217168100,0.4210,0.7170
601.5140,139.8660,0.3490,2115217251300,0.4210,0.7170
599.6290,139.4280,0.3510,2115217255900,0.4210,0.7170
597.8280,138.7720,0.3530,2115233221099,0.4210,0.7170
596.1140,138.0780,0.3550,2115233302400,0.4210,0.7170
594.4860,137.4220,0.3560,2115233308800,0.4210,0.7170
593.2860,136.7280,0.3530,2115233312400,0.4210,0.7170
592.2140,136.2180,0.3470,2115250229800,0.4210,0.7170
591.4000,135.7430,0.3350,2115250302500,0.4210,0.7170
590.6710,135.3780,0.3170,2115250309099,0.4210,0.7170
589.9860,135.0860,0.2890,2115250312600,0.4210,0.7170
589.3860,134.7220,0.2410,2115266321700,0.4210,0.7170
588.1000,133.9550,1.0000,2115283182799,0.4210,0.7170
588.0570,133.5910,0.8330,2115283241799,0.4210,0.7170
608.5000,101.8840,0.0050,2115497960199,0.3850,0.7150
608.8000,101.8110,0.0160,2115513897700,0.3850,0.7150
609.4430,101.8110,0.0370,2115513952599,0.3850,0.7150
609.7430,101.8110,0.0450,2115513954500,0.3850,0.7150
610.1290,101.7380,0.0530,2115530219599,0.3850,0.7150
610.9000,101.7380,0.0600,2115530269500,0.3850,0.7150
611.5430,101.7380,0.0680,2115547205700,0.3850,0.7150
612.6140,101.6650,0.0760,2115547236800,0.3850,0.7150
613.7290,101.5190,0.0840,2115547247699,0.3850,0.7150
614.9290,101.3730,0.0930,2115547249000,0.3850,0.7150
616.1290,101.2270,0.1020,2115564226800,0.3850,0.7150
618.0140,100.8620,0.1110,2115564260100,0.3850,0.7150
619.8570,100.5340,0.1190,2115564262400,0.3850,0.7150
621.8280,100.1690,0.1280,2115564263400,0.3850,0.7150
623.6720,99.8040,0.1350,2115564264400,0.3850,0.7150
625.6430,99.4030,0.1430,2115580358000,0.3850,0.7150
627.4430,99.1110,0.1490,2115580435299,0.3850,0.7150
628.8570,98.8190,0.1550,2115596755300,0.3850,0.7150
630.1860,98.6000,0.1610,2115596834099,0.3850,0.7150
631.3430,98.3810,0.1660,2115596840100,0.3850,0.7150
632.3710,98.2350,0.1710,2115596842900,0.3850,0.7150
633.2710,98.0890,0.1750,2115596845700,0.3850,0.7150
634.0430,97.9800,0.1790,2115612842099,0.3850,0.7150
634.6430,97.9070,0.1830,2115612936200,0.3850,0.7150
635.1570,97.8340,0.1860,2115629756299,0.3850,0.7150
635.6710,97.7610,0.1890,2115629879700,0.3850,0.7150
636.0570,97.6150,0.1920,2115629891300,0.3850,0.7150
636.4430,97.6150,0.1950,2115629896399,0.3850,0.7150
636.7430,97.4690,0.1980,2115645838999,0.3850,0.7150
636.9570,97.3960,0.1990,2115645930400,0.3850,0.7150
637.2570,97.2500,0.1910,2115662718900,0.3850,0.7150
635.8430,96.2650,0.8330,2115680939299,0.3850,0.7150
594.7000,134.1010,1.0000,2116031982000,0.4210,0.7170
594.3140,134.1010,1.0000,2116047902800,0.4210,0.7170
591.1860,132.0950,0.0050,2116131955700,0.4210,0.7170
590.8860,131.9490,0.0160,2116132005600,0.4210,0.7170
590.5000,131.8760,0.0300,2116132040900,0.4210,0.7170
590.2000,131.8030,0.0440,2116148020700,0.4210,0.7170
589.7710,131.6200,0.0590,2116148074200,0.4210,0.7170
589.3000,131.4740,0.0730,2116148076800,0.4210,0.7170
588.7860,131.4740,0.0860,2116148077899,0.4210,0.7170
588.3570,131.4010,0.0980,2116148078900,0.4210,0.7170
587.8000,131.3280,0.1090,2116164356800,0.4210,0.7170
587.3710,131.1820,0.1190,2116164404000,0.4210,0.7170
586.7710,131.1820,0.1290,2116180465800,0.4210,0.7170
586.2570,131.1820,0.1370,2116180524500,0.4210,0.7170
585.7000,131.1090,0.1450,2116180527999,0.4210,0.7170
585.1860,131.1090,0.1520,2116180532500,0.4210,0.7170
584.5860,131.0360,0.1590,2116196555500,0.4210,0.7170
584.0710,130.9640,0.1650,2116196606600,0.4210,0.7170
583.3860,130.8910,0.1700,2116212717400,0.4210,0.7170
582.8710,130.8180,0.1750,2116212766499,0.4210,0.7170
582.2710,130.7450,0.1800,2116212768600,0.4210,0.7170
581.5860,130.6720,0.1840,2116212769700,0.4210,0.7170
580.9860,130.5990,0.1880,2116229718600,0.4210,0.7170
580.3860,130.4530,0.1910,2116229752200,0.4210,0.7170
579.8710,130.3070,0.1950,2116229758000,0.4210,0.7170
579.1860,130.1970,0.1970,2116229759400,0.4210,0.7170
578.5430,129.9780,0.2000,2116229760600,0.4210,0.7170
577.9430,129.9050,0.2020,2116245780400,0.4210,0.7170
577.3430,129.6860,0.2040,2116245821800,0.4210,0.7170
576.6570,129.4680,0.2060,2116261855500,0.4210,0.7170
575.8430,129.2490,0.2080,2116261905500,0.4210,0.7170
574.9860,128.9570,0.2100,2116261907600,0.4210,0.7170
574.2570,128.6280,0.2120,2116261908699,0.4210,0.7170
573.4860,128.2630,0.2130,2116278339999,0.4210,0.7170
572.8430,127.9720,0.2150,2116278372200,0.4210,0.7170
572.2430,127.6070,0.2160,2116278374399,0.4210,0.7170
571.5570,127.1320,0.2170,2116294539500,0.4210,0.7170
571.0430,126.6950,0.2180,2116294593199,0.4210,0.7170
570.4430,126.1840,0.2190,2116294596800,0.4210,0.7170
569.8430,125.5640,0.2200,2116294598500,0.4210,0.7170
569.2430,124.9070,0.2200,2116310555099,0.4210,0.7170
568.7290,124.2140,0.2210,2116310602800,0.4210,0.7170
568.0430,123.5570,0.2220,2116326773400,0.4210,0.7170
567.3570,122.7910,0.2220,2116326810200,0.4210,0.7170
566.7570,122.2070,0.2230,2116326812899,0.4210,0.7170
565.5570,121.1490,0.2230,2116326814000,0.4210,0.7170
564.7430,120.3090,0.2230,2116342834100,0.4210,0.7170
564.0140,119.6530,0.2230,2116342891299,0.4210,0.7170
563.1140,119.0320,0.2230,2116342895000,0.4210,0.7170
562.3430,118.4490,0.2230,2116342896900,0.4210,0.7170
561.6140,117.9380,0.2230,2116342898700,0.4210,0.7170
560.8430,117.3910,0.2240,2116358936600,0.4210,0.7170
560.1140,116.8070,0.2250,2116358976200,0.4210,0.7170
559.2570,116.4420,0.2270,2116375050700,0.4210,0.7340
558.4430,116.0410,0.2280,2116375087300,0.4210,0.7340
557.7140,115.6030,0.2300,2116375092100,0.4210,0.7340
556.9430,115.3840,0.2320,2116375093300,0.4210,0.7340
556.4290,115.2380,0.2350,2116391124299,0.4210,0.7340
555.9140,115.0920,0.2380,2116391174400,0.4210,0.7340
555.3140,115.0190,0.2410,2116407370000,0.4210,0.7340
554.8000,114.9460,0.2440,2116407422100,0.4210,0.7340
554.2430,115.0190,0.2470,2116407424699,0.4210,0.7340
553.7290,115.1650,0.2500,2116407425700,0.4210,0.7340
553.2140,115.3840,0.2530,2116407426599,0.4210,0.7340
552.4430,115.7490,0.2570,2116423518799,0.4210,0.7340
551.7140,116.2960,0.2600,2116423606700,0.4210,0.7340
551.1140,116.8070,0.2630,2116440535200,0.4210,0.7340
550.6430,117.3910,0.2660,2116440692000,0.4370,0.7330
550.3430,118.0110,0.2690,2116440714500,0.4370,0.7330
550.0000,118.7400,0.2720,2116440722500,0.4370,0.7330
549.8290,119.4340,0.2740,2116457523600,0.4370,0.7330
549.6140,120.0180,0.2770,2116457606900,0.4370,0.7330
549.6140,120.3820,0.2790,2116457614500,0.4370,0.7330
549.6140,121.0030,0.2820,2116457622200,0.4370,0.7330
549.8290,121.5140,0.2840,2116457626500,0.4370,0.7330
550.1290,121.9880,0.2860,2116473813100,0.4370,0.7330
550.4290,122.4260,0.2880,2116473899000,0.4370,0.7330
550.8140,122.7910,0.2910,2116490014500,0.4370,0.7330
551.5430,123.3380,0.2930,2116490285299,0.4370,0.7330
552.1430,123.7030,0.2940,2116490294200,0.4370,0.7330
552.8280,124.1410,0.2940,2116490300099,0.4370,0.7330
553.7290,124.6510,0.2870,2116506950800,0.4370,0.7330
554.5000,125.1260,0.2750,2116507042400,0.4370,0.7330
555.3140,125.6370,0.2540,2116523351299,0.4370,0.7330
556.1290,126.1110,0.2110,2116523455700,0.4370,0.7330
556.9430,126.5490,0.1760,2116523466300,0.4370,0.7330
559.9430,127.6070,1.0000,2116539458600,0.4370,0.7330
560.5430,127.6070,1.0000,2116540437000,0.4370,0.7330
561.1430,127.5340,1.0000,2116540796500,0.4370,0.7330
561.7430,127.4240,0.8330,2116556638300,0.4370,0.7330
577.0430,123.9950,1.0000,2116741864199,0.4370,0.7330
577.1710,124.4320,1.0000,2116741919000,0.4370,0.7330
577.3430,124.9800,1.0000,2116741922000,0.4370,0.7330
577.4710,125.4180,1.0000,2116757566100,0.4370,0.7330
576.6570,128.7740,0.0030,2116807409700,0.4370,0.7330
576.3570,129.1030,0.0140,2116822592699,0.4370,0.7330
575.9710,129.3220,0.0280,2116822638499,0.4370,0.7330
575.5860,129.5410,0.0430,2116838800500,0.4370,0.7330
575.2430,129.7590,0.0590,2116838848300,0.4370,0.7330
574.7710,129.9780,0.0740,2116838853100,0.4370,0.7330
574.3430,130.1970,0.0900,2116838854199,0.4370,0.7330
573.7430,130.4530,0.1040,2116838855300,0.4370,0.7330
573.1860,130.6720,0.1180,2116854835600,0.4370,0.7330
572.3710,130.9640,0.1310,2116854901700,0.4370,0.7330
571.4290,131.3280,0.1430,2116870864300,0.4370,0.7330
570.4430,131.7300,0.1550,2116870895700,0.4370,0.7330
569.5430,132.0950,0.1660,2116870897899,0.4370,0.7330
567.8280,132.6780,0.1780,2116870899200,0.4370,0.7330
566.6290,133.2260,0.1880,2116886848100,0.4370,0.7330
565.0430,133.8090,0.1980,2116886898000,0.4370,0.7330
563.8430,134.2470,0.2060,2116886902400,0.4370,0.7330
562.2140,134.7950,0.2150,2116903113700,0.4370,0.7330
560.9290,135.3780,0.2220,2116903163999,0.4370,0.7330
559.8140,135.8160,0.2290,2116903167699,0.4370,0.7330
558.9140,136.2910,0.2360,2116903169300,0.4370,0.7330
557.1570,136.8740,0.2420,2116919415100,0.4370,0.7330
556.0000,137.4220,0.2490,2116919454700,0.4370,0.7330
554.8000,137.7860,0.2550,2116919457600,0.4370,0.7330
553.7290,138.1510,0.2600,2116919458700,0.4370,0.7330
552.6140,138.5160,0.2650,2116936389999,0.4370,0.7330
551.5000,138.9180,0.2690,2116936427400,0.4370,0.7330
549.7430,139.3550,0.2720,2116936432099,0.4370,0.7330
548.4140,139.7200,0.2760,2116952457200,0.4370,0.7330
546.5290,140.1220,0.2790,2116952504100,0.4370,0.7330
545.1140,140.4130,0.2820,2116952506400,0.4370,0.7330
543.7000,140.6320,0.2850,2116952507500,0.4370,0.7330
542.5000,140.7780,0.2880,2116969373000,0.4370,0.7330
541.3000,141.0700,0.2900,2116969406300,0.4370,0.7330
540.0140,141.2160,0.2920,2116969410000,0.4370,0.7330
538.0000,141.4350,0.2940,2116986369900,0.4370,0.7330
536.4140,141.6180,0.2950,2116986438699,0.4370,0.7330
534.4000,141.9090,0.2970,2116986449500,0.4370,0.7330
532.7710,141.9820,0.2990,2116986453999,0.4370,0.7330
531.2710,142.2010,0.3000,2117002379500,0.4370,0.7330
529.1710,142.3470,0.3010,2117002441700,0.4370,0.7330
527.2860,142.4200,0.3030,2117019455700,0.4370,0.7330
525.7860,142.4930,0.3040,2117019545100,0.4370,0.7330
524.3710,142.4930,0.3050,2117019550900,0.4370,0.7330
522.2710,142.5660,0.3060,2117019553700,0.4370,0.7330
520.4710,142.5660,0.3080,2117035528000,0.4370,0.7330
518.8430,142.6390,0.3090,2117035614700,0.4370,0.7330
517.5570,142.6390,0.3090,2117035624499,0.4370,0.7330
516.1860,142.6390,0.3100,2117051687600,0.4370,0.7330
514.8570,142.6390,0.3110,2117051786399,0.4370,0.7330
513.5290,142.5660,0.3120,2117051791800,0.4370,0.7330
512.2430,142.4930,0.3130,2117051794200,0.4370,0.7330
510.9570,142.2740,0.3130,2117068620900,0.4370,0.7330
509.8430,142.1280,0.3140,2117068712299,0.4370,0.7330
508.6430,141.9090,0.3150,2117068719900,0.4370,0.7330
507.6140,141.6180,0.3150,2117068723700,0.4370,0.7330
506.7140,141.2160,0.3160,2117085196099,0.4370,0.7330
505.9430,140.7780,0.3170,2117085282900,0.4370,0.7330
505.2570,140.4130,0.3170,2117085288200,0.4370,0.7330
504.7430,139.8660,0.3180,2117101415199,0.4370,0.7330
504.2290,139.2820,0.3180,2117101505199,0.4370,0.7330
503.9290,138.7720,0.3180,2117101513000,0.4370,0.7330
503.7140,138.2240,0.3180,2117101517100,0.4370,0.7330
503.4570,137.6410,0.3180,2117117689700,0.4370,0.7330
503.2430,137.0930,0.3190,2117117776500,0.4370,0.7330
503.2430,136.5100,0.3190,2117133813000,0.4370,0.7330
503.1570,135.9260,0.3180,2117133900700,0.4370,0.7330
503.1140,135.3780,0.3180,2117133905900,0.4370,0.7330
503.1570,134.7950,0.3170,2117133908400,0.4370,0.7330
503.2430,134.2470,0.3160,2117150056300,0.4370,0.7330
503.2430,133.5910,0.3150,2117150196799,0.4370,0.7330
503.5430,133.1530,0.3140,2117150203100,0.4370,0.7330
503.7570,132.6050,0.3140,2117150205800,0.4370,0.7330
504.0570,132.0950,0.3130,2117150213000,0.4370,0.7330
504.6140,131.4010,0.3120,2117166251700,0.4370,0.7330
505.1290,130.6720,0.3120,2117166434200,0.4370,0.7330
505.6430,129.9780,0.3110,2117183174700,0.4370,0.7330
506.3290,129.4680,0.3110,2117183327400,0.4370,0.7330
507.0140,128.9570,0.3100,2117183343400,0.4370,0.7330
507.6570,128.4820,0.3090,2117183347700,0.4370,0.7330
508.4290,128.0450,0.3090,2117199233299,0.4370,0.7330
509.0710,127.6070,0.3070,2117199322000,0.4370,0.7330
509.6710,127.4240,0.3070,2117199326800,0.4370,0.7330
510.2710,127.2780,0.3060,2117215893100,0.4370,0.7330
510.8290,127.1320,0.3050,2117215979499,0.4370,0.7330
511.4290,127.1320,0.3040,2117215985500,0.4370,0.7330
511.8570,127.1320,0.3030,2117215997599,0.4370,0.7330
512.3710,127.2780,0.3030,2117232110500,0.4370,0.7330
512.8430,127.4240,0.3010,2117232199800,0.4370,0.7330
513.4430,127.7530,0.3010,2117248959200,0.4370,0.7330
514.1710,128.1910,0.3000,2117249058900,0.4370,0.7330
514.8570,128.7740,0.2990,2117249069699,0.4370,0.7330
515.5430,129.3950,0.2990,2117249075900,0.4370,0.7330
516.1860,130.1240,0.2980,2117265086100,0.4370,0.7330
516.7860,131.0360,0.2970,2117265178300,0.4370,0.7330
517.6430,132.3140,0.2970,2117265184299,0.4370,0.7330
518.5860,133.5910,0.2960,2117281140600,0.4370,0.7330
519.4430,135.1590,0.2960,2117281229800,0.4370,0.7330
520.0860,136.6550,0.2960,2117281235800,0.4370,0.7330
520.9430,138.1510,0.2960,2117281238400,0.4370,0.7330
521.6710,139.7200,0.2960,2117298115700,0.4370,0.7330
522.2710,141.2890,0.2970,2117298175699,0.4370,0.7330
522.9570,142.8580,0.2970,2117298181000,0.4370,0.7330
523.3430,144.2810,0.2980,2117298183700,0.4370,0.7330
523.6430,145.5580,0.2980,2117298186200,0.4370,0.7330
523.9430,146.7620,0.2990,2117314261900,0.4370,0.7330
524.1570,147.8930,0.2990,2117314355200,0.4370,0.7330
524.3710,149.1700,0.3000,2117330278600,0.4370,0.7330
524.3710,150.3740,0.3010,2117330346800,0.4370,0.7330
524.3710,151.5780,0.3020,2117330355400,0.4370,0.7330
524.2000,152.8550,0.3030,2117330360000,0.4370,0.7330
523.9860,154.0230,0.3050,2117346592700,0.4370,0.7330
523.5570,155.7740,0.3070,2117346680000,0.4370,0.7330
522.8710,157.4160,0.3100,2117346685600,0.4370,0.7330
521.9710,159.1310,0.3130,2117363494000,0.4370,0.7330
520.9860,160.7730,0.3150,2117363626500,0.4370,0.7330
519.8710,162.4150,0.3180,2117363637000,0.4370,0.7330
518.5860,164.0930,0.3210,2117363641900,0.4370,0.7330
517.2570,165.6620,0.3240,2117379742900,0.4370,0.7330
515.9710,167.0850,0.3260,2117379851600,0.4370,0.7330
514.4710,168.5810,0.3280,2117379863700,0.4370,0.7330
513.0570,169.9310,0.3310,2117379869900,0.4370,0.7330
511.6430,171.2810,0.3330,2117396649299,0.4370,0.7330
510.2710,172.5580,0.3350,2117396888000,0.4370,0.7330
508.9430,173.8350,0.3370,2117396905100,0.4370,0.7330
507.6140,174.9300,0.3370,2117412744000,0.4370,0.7330
506.4140,176.0610,0.3350,2117412800499,0.4370,0.7330
505.3430,176.9000,0.3270,2117412803600,0.4370,0.7330
504.4430,177.5570,0.3140,2117412805300,0.4370,0.7330
503.7570,178.1770,0.2970,2117428815300,0.4370,0.7330
503.1140,178.6150,0.2700,2117428875100,0.4370,0.7330
502.5570,178.9800,0.2250,2117445129700,0.4370,0.7330
501.3140,179.1990,0.8330,2117445191599,0.4550,0.7330
500.8430,178.9070,0.6940,2117462212600,0.4550,0.7330
554.8430,159.4230,0.5220,2117711288399,0.4540,0.0000
555.4430,159.5690,0.3110,2117727372599,0.4540,0.0000
555.9140,159.6420,0.2220,2117727424100,0.4540,0.0000
556.3000,159.8240,0.1890,2117744308299,0.4540,0.0000
556.5570,159.9700,0.1690,2117744369500,0.4540,0.0000
556.8570,160.1160,0.1730,2117744372799,0.4540,0.0000
557.1140,160.2620,0.1780,2117744374700,0.4540,0.0000
557.2430,160.4810,0.1830,2117761359799,0.4540,0.0000
557.4140,160.7000,0.1880,2117761404100,0.4540,0.0000
557.5430,160.9190,0.1920,2117761406400,0.4540,0.0000
557.6290,161.1740,0.1950,2117761407600,0.4540,0.0000
557.7570,161.3930,0.1990,2117761408500,0.4540,0.0000
557.9290,161.6120,0.2020,2117777433800,0.4540,0.0000
558.1430,162.0500,0.2080,2117793513400,0.4540,0.0000
558.3140,162.2690,0.2110,2117793573800,0.4540,0.0000
558.4430,162.4880,0.2130,2117793594400,0.4540,0.0000
558.6570,162.7430,0.2160,2117793596999,0.4540,0.0000
558.8290,162.9620,0.2180,2117810530100,0.4550,0.0520
558.9570,163.1810,0.2190,2117810577200,0.4560,0.1220
559.2140,163.3270,0.2160,2117827477400,0.4560,0.1930
559.3430,163.4730,0.2080,2117827523800,0.4550,0.2450
559.5570,163.7650,0.1570,2117827526900,0.4550,0.3500
476.8000,83.6770,0.0040,2118241131500,0.5070,0.7330
476.6710,83.8960,0.0090,2118257640100,0.5070,0.7330
476.5860,84.4430,0.0210,2118257688400,0.5070,0.7330
476.5000,84.8810,0.0290,2118257690500,0.5070,0.7330
476.5000,85.2460,0.0360,2118257691500,0.5070,0.7330
476.5000,85.8660,0.0450,2118273873799,0.5070,0.7330
476.4140,86.5230,0.0530,2118274046500,0.5070,0.7330
476.5000,87.2890,0.0610,2118289936400,0.5070,0.7330
476.5000,88.0190,0.0690,2118290003799,0.5070,0.7330
476.6710,89.2230,0.0770,2118290014100,0.5070,0.7330
476.7140,90.4270,0.0850,2118290015200,0.5070,0.7330
476.8860,91.6310,0.0930,2118305872900,0.5070,0.7330
477.1860,93.5650,0.1010,2118305904200,0.5070,0.7330
477.4860,95.4620,0.1090,2118321951000,0.5070,0.7330
477.6140,97.1770,0.1170,2118321984000,0.5070,0.7330
478.0000,99.1110,0.1250,2118321986099,0.5070,0.7330
478.2140,101.0810,0.1330,2118321987200,0.5070,0.7330
478.6000,103.0880,0.1410,2118321988199,0.5070,0.7330
478.8140,105.1310,0.1480,2118338166300,0.5070,0.7330
479.1140,107.2110,0.1560,2118338204600,0.5070,0.7330
479.3710,109.3270,0.1630,2118338207100,0.5070,0.7330
479.7140,111.5530,0.1700,2118338208499,0.5080,0.7510
479.9710,113.7420,0.1780,2118354257099,0.5080,0.7510
480.1860,115.8950,0.1850,2118354324000,0.5080,0.7510
480.3140,118.0110,0.1920,2118371120800,0.5080,0.7510
480.4000,120.3820,0.1990,2118371158099,0.5080,0.7510
480.3140,122.7180,0.2060,2118371161400,0.5080,0.7510
480.1860,125.0530,0.2130,2118371163200,0.5080,0.7510
479.9710,127.3510,0.2200,2118371164799,0.5080,0.7510
479.5000,129.6860,0.2260,2118387270700,0.5080,0.7510
479.1140,132.0220,0.2330,2118387325400,0.5080,0.7510
478.4710,134.1740,0.2390,2118403503300,0.5080,0.7510
477.9140,136.2910,0.2450,2118403548899,0.5080,0.7510
477.1860,138.2970,0.2510,2118403551000,0.5080,0.7510
476.5000,140.2680,0.2580,2118403552500,0.5250,0.7510
475.6860,142.2010,0.2630,2118420547600,0.5420,0.7510
475.0000,143.9160,0.2690,2118420595200,0.5420,0.7510
474.1860,145.5580,0.2750,2118437525800,0.5420,0.7510
473.2860,147.2370,0.2800,2118437557300,0.5420,0.7510
472.3860,148.7320,0.2860,2118437559600,0.5420,0.7510
471.4860,150.1550,0.2910,2118437566200,0.5420,0.7510
470.5000,151.4320,0.2950,2118437567399,0.5420,0.7510
469.4710,152.6000,0.3000,2118453586199,0.5420,0.7510
468.3570,153.8040,0.3040,2118453652900,0.5420,0.7510
467.1570,154.8620,0.3080,2118453658699,0.5420,0.7510
466.0860,155.7010,0.3120,2118453661099,0.5420,0.7510
465.2710,156.4310,0.3150,2118469731300,0.5420,0.7510
464.4570,157.0510,0.3190,2118469798100,0.5420,0.7510
463.6430,157.5620,0.3220,2118485972600,0.5420,0.7510
462.7430,158.0000,0.3260,2118486061400,0.5420,0.7510
461.8430,158.4010,0.3290,2118486076900,0.5420,0.7510
460.9430,158.5470,0.3320,2118486079400,0.5420,0.7510
460.0860,158.6930,0.3350,2118486081800,0.5420,0.7510
459.2710,158.6200,0.3380,2118502919800,0.5420,0.7510
458.3710,158.4740,0.3410,2118503027899,0.5420,0.7510
457.4290,158.0730,0.3430,2118519159000,0.5420,0.7510
456.0570,157.2700,0.3460,2118519246800,0.5420,0.7510
454.7710,156.2120,0.3480,2118519252200,0.5420,0.7510
453.5290,155.0080,0.3500,2118519254899,0.5420,0.7510
452.3710,153.5850,0.3520,2118535277500,0.5420,0.7510
451.2570,151.7970,0.3530,2118535367300,0.5420,0.7510
450.3140,149.9370,0.3520,2118551390100,0.5420,0.7510
449.3280,147.7470,0.3470,2118551531300,0.5420,0.7510
448.5140,145.4850,0.3380,2118551575500,0.5420,0.7510
447.7430,143.1870,0.3260,2118551583200,0.5420,0.7510
447.0570,140.9970,0.3090,2118551597799,0.5420,0.7510
446.4570,138.7720,0.2780,2118567568900,0.5420,0.7510
445.9430,136.5820,0.2320,2118567652700,0.5420,0.7510
445.1290,127.5340,0.8330,2118584373400,0.5420,0.7510
445.2570,125.0530,0.6940,2118584468600,0.5420,0.7510
422.9710,132.6780,0.0130,2119698055400,0.0700,0.6300
423.1000,132.3140,0.0360,2119714204800,0.1410,0.6300
423.2710,132.1680,0.0490,2119730271400,0.1750,0.6280
423.4000,131.8760,0.0760,2119730330200,0.2280,0.6300
423.6140,131.5470,0.1010,2119730333099,0.2630,0.6290
423.7860,131.3280,0.1240,2119747231700,0.2980,0.6290
424.0000,131.1820,0.1440,2119747281500,0.3320,0.6280
424.3860,131.4740,0.1780,2119781161000,0.3850,0.6290
424.6000,131.8760,0.1920,2119781227000,0.3850,0.6290
424.6860,132.1680,0.1990,2119781233199,0.3850,0.6290
424.6860,132.5320,0.2050,2119797163700,0.3850,0.6290
424.8140,133.0430,0.2110,2119797227900,0.3850,0.6290
424.9000,133.5910,0.2170,2119814132600,0.3850,0.6290
424.9860,134.3200,0.2220,2119814172800,0.3850,0.6290
424.9860,135.0130,0.2260,2119814175500,0.3850,0.6290
425.0710,135.7430,0.2300,2119814177600,0.3850,0.6290
425.0710,136.5100,0.2340,2119831119200,0.3850,0.6290
425.1140,137.1660,0.2380,2119831152500,0.3850,0.6290
425.1140,138.0780,0.2410,2119847104800,0.3850,0.6290
425.1140,138.8450,0.2440,2119847140200,0.3850,0.6290
425.1140,139.5740,0.2470,2119847143999,0.3850,0.6290
425.1140,140.4130,0.2490,2119847147000,0.3850,0.6290
425.1140,141.1430,0.2520,2119847149000,0.3850,0.6290
425.0710,141.9090,0.2540,2119864110900,0.3850,0.6290
425.0710,142.5660,0.2560,2119864198100,0.3850,0.6290
425.0710,143.1870,0.2580,2119864201400,0.3850,0.6290
424.9860,143.9160,0.2600,2119881096100,0.3850,0.6290
424.9860,144.3910,0.2620,2119881172700,0.3850,0.6290
424.8140,145.0470,0.2630,2119881176100,0.3850,0.6290
424.7710,145.5580,0.2650,2119881177700,0.3850,0.6290
424.6860,146.1780,0.2670,2119897099500,0.3850,0.6290
424.5140,146.6890,0.2690,2119897165200,0.3850,0.6290
424.4710,147.2370,0.2700,2119897168600,0.3850,0.6290
424.1710,147.6740,0.2710,2119897170200,0.3850,0.6290
424.0860,147.9660,0.2730,2119914049500,0.3850,0.6290
423.7860,148.4040,0.2740,2119914090500,0.3850,0.6290
423.5710,148.7320,0.2760,2119914092500,0.3850,0.6290
423.3140,149.0240,0.2770,2119931056700,0.3850,0.6290
422.9710,149.3160,0.2780,2119931113400,0.3850,0.6290
422.6720,149.4620,0.2790,2119931116600,0.3850,0.6290
422.3710,149.6080,0.2800,2119931118800,0.3850,0.6290
422.0710,149.7540,0.2810,2119947072500,0.3850,0.6290
421.6860,149.8270,0.2820,2119947142900,0.3850,0.6290
421.3860,149.9370,0.2830,2119964026900,0.3850,0.6290
421.0860,150.0090,0.2830,2119964162599,0.3850,0.6290
420.7000,150.0090,0.2840,2119964176800,0.3850,0.6290
420.0140,149.9370,0.2860,2119964183700,0.3850,0.6290
419.7140,149.8270,0.2860,2119980043000,0.3850,0.6290
419.3710,149.8270,0.2870,2119980083500,0.3850,0.6290
418.9000,149.6810,0.2880,2119997064300,0.3850,0.6290
418.3860,149.5350,0.2890,2119997111600,0.3850,0.6290
417.9570,149.3160,0.2890,2119997113999,0.3850,0.6290
417.4860,149.0970,0.2900,2119997115400,0.3850,0.6290
416.9710,148.8780,0.2900,2120014047900,0.3850,0.6290
416.5860,148.6590,0.2910,2120014081800,0.3850,0.6290
416.1570,148.3310,0.2910,2120014084100,0.3850,0.6290
415.6860,147.9660,0.2910,2120014085100,0.3850,0.6290
415.1720,147.7470,0.2920,2120030074899,0.3850,0.6290
414.6570,147.3820,0.2920,2120030138799,0.3850,0.6290
414.3570,146.9810,0.2920,2120030142199,0.3850,0.6290
413.8860,146.6160,0.2920,2120046201000,0.3850,0.6290
413.5000,146.1780,0.2930,2120046234900,0.3850,0.6290
413.1570,145.7410,0.2930,2120046237099,0.3850,0.6290
412.8570,145.3390,0.2930,2120046238200,0.3850,0.6290
412.4710,144.9740,0.2930,2120062180600,0.3850,0.6290
412.1710,144.6090,0.2930,2120062223300,0.3850,0.6290
411.9570,144.1350,0.2930,2120062234500,0.3850,0.6290
411.6570,143.8430,0.2930,2120078353600,0.3850,0.6290
411.4000,143.4780,0.2930,2120078453799,0.3850,0.6290
411.2710,143.1870,0.2930,2120078464900,0.3850,0.6290
410.9710,142.8580,0.2930,2120078469700,0.3850,0.6290
410.8430,142.6390,0.2920,2120094503200,0.3850,0.6290
410.6710,142.4200,0.2920,2120094563799,0.3850,0.6290
410.3710,141.9820,0.2920,2120110622199,0.3850,0.6290
410.2430,141.9090,0.2910,2120110755800,0.3850,0.6290
409.7710,141.7630,0.2900,2120110771700,0.3850,0.6290
409.2570,141.8360,0.2900,2120126828500,0.3850,0.6290
408.7860,141.9090,0.2900,2120143037200,0.3850,0.6290
408.3570,142.1280,0.2900,2120143134200,0.3850,0.6290
407.8860,142.3470,0.2900,2120143140499,0.3850,0.6290
407.3710,142.5660,0.2900,2120143143800,0.3850,0.6290
406.9860,142.8580,0.2900,2120159097600,0.3850,0.6290
406.4710,143.1140,0.2900,2120159232000,0.3850,0.6290
406.0430,143.4050,0.2910,2120159243799,0.4020,0.6290
405.4860,143.6970,0.2910,2120159249400,0.4020,0.6290
404.9710,143.9890,0.2920,2120159253899,0.4020,0.6290
404.6710,144.2810,0.2930,2120175219300,0.4210,0.6290
404.2430,144.5360,0.2940,2120175295399,0.4210,0.6290
403.7710,144.7550,0.2950,2120192264599,0.4210,0.6290
403.3860,144.9740,0.2960,2120192369100,0.4210,0.6290
403.0430,145.1930,0.2970,2120192377800,0.4210,0.6290
402.6570,145.3390,0.2990,2120192383900,0.4210,0.6290
402.3570,145.4850,0.3000,2120208501199,0.4210,0.6290
401.9710,145.4850,0.3020,2120208583100,0.4210,0.6290
401.6710,145.5580,0.3030,2120224575400,0.4210,0.6290
401.3710,145.5580,0.3040,2120224902699,0.4210,0.6290
401.0290,145.5580,0.3060,2120224915400,0.4210,0.6290
400.1720,145.4120,0.3080,2120224925699,0.4210,0.6290
399.6570,145.2660,0.3090,2120241364399,0.4210,0.6290
399.2290,145.0470,0.3110,2120241473600,0.4210,0.6290
398.6720,144.6820,0.3120,2120258356200,0.4210,0.6290
398.0710,144.2080,0.3130,2120258448800,0.4210,0.6290
397.4290,143.6240,0.3140,2120258457600,0.4210,0.6290
396.7430,143.1140,0.3140,2120258462700,0.4210,0.6290
396.1430,142.5660,0.3150,2120258467799,0.4210,0.6290
395.3710,141.9820,0.3150,2120274868399,0.4210,0.6290
394.8570,141.4350,0.3160,2120275010100,0.4210,0.6290
394.3430,140.9970,0.3160,2120275076400,0.4210,0.6290
393.9140,140.6320,0.3170,2120275083000,0.4210,0.6290
393.4430,140.2680,0.3170,2120291738800,0.4210,0.6290
393.0140,139.9390,0.3170,2120291855699,0.4210,0.6290
392.7570,139.7200,0.3170,2120307726099,0.4210,0.6290
392.4570,139.5010,0.3160,2120307861800,0.4210,0.6290
392.1570,139.3550,0.3160,2120307884700,0.4210,0.6290
391.8140,139.2820,0.3150,2120307899300,0.4210,0.6290
391.5140,139.2820,0.3150,2120323797900,0.4210,0.6290
391.0430,139.4280,0.3140,2120339991200,0.4210,0.6290
390.8290,139.5740,0.3140,2120340195100,0.4210,0.6290
390.6140,139.9390,0.3140,2120340271200,0.4210,0.6290
390.2290,140.3410,0.3130,2120340280400,0.4210,0.6290
389.9290,140.7780,0.3130,2120356302199,0.4210,0.6290
389.5430,141.1430,0.3130,2120356423500,0.4210,0.6290
389.1140,141.6180,0.3140,2120373079399,0.4210,0.6290
388.5570,142.2740,0.3140,2120373363800,0.4210,0.6290
387.9570,142.8580,0.3140,2120373382100,0.4210,0.6290
387.3570,143.4780,0.3150,2120373388200,0.4210,0.6290
386.6290,143.9890,0.3160,2120373395700,0.4210,0.6290
385.8140,144.6090,0.3170,2120389136299,0.4210,0.6290
385.1290,145.1930,0.3180,2120389230400,0.4210,0.6290
384.3140,145.7410,0.3190,2120405400700,0.4210,0.6290
383.4140,146.1780,0.3200,2120405496400,0.4210,0.6290
382.4290,146.6890,0.3220,2120405504800,0.4210,0.6290
381.4430,147.1640,0.3230,2120405511300,0.4210,0.6290
380.3280,147.5280,0.3240,2120405515999,0.4210,0.6290
379.3000,147.8930,0.3250,2120421477400,0.4210,0.6290
378.1000,148.1850,0.3260,2120421589900,0.4210,0.6290
376.9000,148.4040,0.3280,2120421602200,0.4210,0.6290
375.7000,148.5870,0.3290,2120421612100,0.4210,0.6290
374.5000,148.6590,0.3300,2120438378899,0.4210,0.6290
373.3000,148.6590,0.3310,2120438481700,0.4210,0.6290
372.1860,148.5870,0.3320,2120438490399,0.4210,0.6290
370.9860,148.3310,0.3330,2120454360100,0.4210,0.6290
369.9140,147.9660,0.3340,2120454426200,0.4210,0.6290
368.4140,147.3100,0.3350,2120470986100,0.4210,0.6290
367.0860,146.3970,0.3360,2120471095900,0.4210,0.6290
365.8860,145.3390,0.3370,2120471104300,0.4210,0.6290
364.8140,144.2080,0.3380,2120471109199,0.4210,0.6290
363.9140,142.7850,0.3390,2120487061299,0.4210,0.6290
363.0140,141.2890,0.3400,2120487157200,0.4210,0.6290
362.4570,139.7200,0.3410,2120487165600,0.4210,0.6290
361.7710,138.0050,0.3410,2120487168700,0.4210,0.6290
361.2570,136.2180,0.3420,2120487171400,0.4210,0.6290
360.6570,134.3200,0.3420,2120503078900,0.4190,0.6460
360.3570,132.3140,0.3430,2120503179299,0.4190,0.6460
359.9710,130.3070,0.3440,2120520006600,0.4190,0.6460
359.5000,128.2630,0.3440,2120520104600,0.4200,0.6640
359.2860,126.2570,0.3440,2120520113300,0.4210,0.6810
359.1570,124.2140,0.3440,2120520118300,0.4210,0.6810
358.9000,122.4990,0.3440,2120536063900,0.4210,0.6810
358.8570,121.0760,0.3440,2120536160600,0.4210,0.6810
358.7710,119.7990,0.3430,2120553009100,0.4210,0.6810
358.6860,118.5220,0.3430,2120553122500,0.4210,0.6810
358.6000,117.3180,0.3430,2120553131900,0.4200,0.6990
358.5570,116.1870,0.3430,2120553137800,0.4200,0.6990
358.6000,115.2380,0.3430,2120553142500,0.4200,0.6990
358.6000,114.3990,0.3430,2120569074300,0.4200,0.6990
358.6860,113.6690,0.3430,2120569181500,0.4200,0.6990
358.7710,112.9030,0.3430,2120585153900,0.4200,0.6990
358.8570,112.1730,0.3430,2120585254300,0.4200,0.6990
358.9860,111.4800,0.3430,2120585263099,0.4200,0.6990
359.0710,110.8230,0.3430,2120585268599,0.4200,0.6990
359.1570,110.2760,0.3430,2120585274700,0.4200,0.6990
359.2860,109.7650,0.3410,2120601429500,0.4200,0.6990
359.4570,109.3270,0.3390,2120601527599,0.4200,0.6990
359.4570,108.9990,0.3330,2120601533700,0.4200,0.6990
359.6710,108.7070,0.3250,2120601536499,0.4200,0.6990
359.8000,108.4150,0.2970,2120618399000,0.4200,0.6990
360.0570,109.1450,0.8330,2120650344100,0.4380,0.6990
334.9430,129.9780,0.0050,2120899805099,0.4740,0.6640
334.9430,130.6720,0.0160,2120915856700,0.4740,0.6640
335.1140,131.1820,0.0300,2120915902300,0.4740,0.6640
335.2430,131.9490,0.0460,2120932772400,0.4740,0.6640
335.4570,132.8240,0.0610,2120932830900,0.4740,0.6640
335.7570,133.7360,0.0750,2120932834900,0.4740,0.6640
336.0140,134.7220,0.0890,2120932854799,0.4740,0.6640
336.3140,135.5970,0.1020,2120932856400,0.4740,0.6640
336.6140,136.5100,0.1140,2120948771700,0.4740,0.6640
336.8280,137.4950,0.1250,2120948805399,0.4740,0.6640
336.9570,138.2240,0.1360,2120965770899,0.4740,0.6640
337.0430,138.9910,0.1460,2120965819800,0.4740,0.6640
337.1290,139.5740,0.1570,2120965823200,0.4740,0.6640
337.1290,140.2680,0.1680,2120965825000,0.4740,0.6640
337.0430,140.7780,0.1790,2120965826799,0.4740,0.6640
336.9140,141.4350,0.1900,2120981936100,0.4740,0.6640
336.5290,142.2740,0.2000,2120981966299,0.4900,0.6630
336.0140,143.1140,0.2110,2120981968400,0.4900,0.6630
335.4140,143.8430,0.2210,2120981969500,0.5070,0.6630
334.2140,144.8280,0.2300,2120997957900,0.5070,0.6630
333.0140,145.8130,0.2390,2120997991500,0.5070,0.6630
331.6430,146.6890,0.2470,2121014015700,0.5070,0.6630
330.1430,147.5280,0.2540,2121014046200,0.5070,0.6630
328.6430,148.2580,0.2620,2121014048500,0.5070,0.6630
327.0140,148.9510,0.2680,2121014049800,0.5070,0.6630
325.3430,149.6080,0.2740,2121030293500,0.5070,0.6630
323.7140,150.0820,0.2800,2121030403500,0.5070,0.6630
322.0000,150.5930,0.2850,2121030437900,0.5070,0.6630
320.5860,150.8850,0.2890,2121046471700,0.5070,0.6630
319.3000,151.1040,0.2940,2121046546900,0.5070,0.6630
318.1860,151.2500,0.2980,2121046551900,0.5070,0.6630
317.0290,151.3590,0.3010,2121046554600,0.5070,0.6630
315.9140,151.5050,0.3050,2121062488000,0.5070,0.6630
314.9290,151.5050,0.3090,2121062597100,0.5070,0.6630
314.1140,151.5050,0.3120,2121079475399,0.5070,0.6630
313.4710,151.5050,0.3150,2121079557400,0.5070,0.6630
312.7000,151.5050,0.3170,2121079562100,0.5070,0.6630
312.1860,151.4320,0.3170,2121079564600,0.5070,0.6630
311.5000,151.4320,0.3100,2121079566800,0.5070,0.6630
311.1140,151.5050,0.2990,2121095569200,0.5070,0.6630
310.7710,151.5050,0.2830,2121095663100,0.5070,0.6630
310.4710,151.5050,0.2610,2121095668200,0.5070,0.6630
310.1710,151.3590,0.1810,2121111934600,0.5070,0.6630
318.0140,123.8490,0.5360,2121277114800,0.4740,0.6640
317.8000,123.4840,0.3170,2121277159700,0.4740,0.6640
317.6290,123.2280,0.2160,2121277163000,0.4740,0.6640
317.5000,123.0090,0.1730,2121277164499,0.4740,0.6640
317.3290,122.7180,0.1570,2121293416500,0.4740,0.6640
317.2000,122.4990,0.1500,2121293466700,0.4740,0.6640
316.9860,122.1340,0.1570,2121310395300,0.4740,0.6640
316.9000,121.9150,0.1610,2121310443700,0.4740,0.6640
316.9000,121.4410,0.1670,2121310446500,0.4740,0.6640
317.0290,121.0030,0.1740,2121327357300,0.4740,0.6640
317.3290,120.6380,0.1770,2121343563900,0.4740,0.6640
317.6290,120.2370,0.1800,2121343608600,0.4740,0.6640
318.1000,119.8720,0.1830,2121343610600,0.4740,0.6640
318.7000,119.3610,0.1850,2121343611599,0.4740,0.6640
319.5140,118.8130,0.1880,2121359714600,0.4740,0.6640
320.3290,118.3030,0.1910,2121359773199,0.4740,0.6640
321.3140,117.8650,0.1930,2121359776899,0.4740,0.6640
322.3000,117.4640,0.1960,2121376638100,0.4740,0.6640
323.3290,117.0260,0.1980,2121376669800,0.4740,0.6640
324.4000,116.7340,0.2000,2121376671900,0.4740,0.6640
325.4290,116.4420,0.2030,2121376673200,0.4740,0.6640
326.5000,116.1870,0.2050,2121393668100,0.4740,0.6640
327.4430,115.9680,0.2070,2121393711500,0.4740,0.6640
328.5140,115.8220,0.2080,2121393713800,0.4740,0.6640
329.3280,115.6030,0.2100,2121393714700,0.4740,0.6640
330.1000,115.6030,0.2110,2121409759700,0.4740,0.6640
330.6570,115.5300,0.2100,2121409796699,0.4740,0.6640
331.3430,115.4570,0.2060,2121409803099,0.4740,0.6640
331.8570,115.4570,0.1970,2121426757500,0.4740,0.6640
332.4140,115.3840,0.1830,2121426803599,0.4740,0.6640
332.7570,115.3840,0.1530,2121426805799,0.4740,0.6640
333.0570,115.3840,0.1270,2121426806699,0.4740,0.6640
333.3140,115.4570,0.8330,2121444894400,0.4740,0.6640
318.4000,147.3820,1.0000,2121703367100,0.4740,0.6640
318.3140,147.8200,1.0000,2121703465700,0.4740,0.6640
318.1860,148.1850,1.0000,2121703470300,0.4740,0.6640
318.1000,148.4770,1.0000,2121719228300,0.4740,0.6640
318.0140,148.8050,1.0000,2121719280800,0.4740,0.6640
317.8860,149.0240,1.0000,2121735197000,0.4740,0.6640
317.6290,149.5350,1.0000,2121735233300,0.4740,0.6640
312.6140,151.7970,0.0070,2121965836299,0.5070,0.6630
312.1860,151.7970,0.0320,2121965888100,0.5070,0.6630
311.5860,151.7970,0.0590,2121981751299,0.5070,0.6630
311.3710,151.7970,0.0720,2121981811900,0.5070,0.6630
310.7710,151.7970,0.0960,2121997832000,0.5070,0.6630
310.3000,151.7970,0.1070,2121997888600,0.5070,0.6630
310.0000,151.7240,0.1170,2122014789200,0.5070,0.6630
309.6140,151.7970,0.1270,2122014858699,0.5070,0.6630
309.1860,151.7970,0.1360,2122014861799,0.5070,0.6630
308.6720,151.7970,0.1440,2122014863400,0.5070,0.6630
308.0710,151.7240,0.1520,2122014864800,0.5070,0.6630
307.5140,151.7970,0.1590,2122030957800,0.5070,0.6630
306.9140,151.7970,0.1660,2122031101800,0.5070,0.6630
306.4000,151.7970,0.1720,2122047488800,0.5070,0.6630
305.8000,151.7240,0.1780,2122047628599,0.5070,0.6630
305.2000,151.7240,0.1840,2122047636700,0.5070,0.6630
304.6000,151.7240,0.1890,2122047641400,0.5070,0.6630
304.0860,151.6510,0.1940,2122064424000,0.5070,0.6630
303.4860,151.5780,0.1990,2122064507300,0.5070,0.6630
302.9710,151.4320,0.2030,2122064514799,0.5070,0.6630
302.3710,151.3590,0.2070,2122081505499,0.5070,0.6630
301.8570,151.1770,0.2100,2122081600600,0.5070,0.6630
301.2570,151.0310,0.2140,2122081605700,0.5070,0.6630
300.7000,150.8120,0.2180,2122081609400,0.5070,0.6630
300.1860,150.5930,0.2220,2122081611700,0.5070,0.6630
299.5860,150.3010,0.2260,2122098447299,0.5070,0.6630
299.1570,150.0090,0.2290,2122098569599,0.5070,0.6630
298.6860,149.6810,0.2320,2122114529500,0.5070,0.6630
298.2570,149.1700,0.2350,2122114623600,0.5070,0.6630
297.7860,148.8780,0.2380,2122114628599,0.5070,0.6630
297.4430,148.4040,0.2410,2122114631399,0.5070,0.6630
297.0570,147.9660,0.2430,2122131414000,0.5070,0.6630
296.6710,147.5280,0.2460,2122131504500,0.5070,0.6630
296.3710,147.0540,0.2480,2122131509200,0.5070,0.6630
296.0710,146.6160,0.2500,2122131511800,0.5070,0.6630
295.8570,146.1050,0.2520,2122147524900,0.5070,0.6630
295.5570,145.5580,0.2540,2122147584500,0.5070,0.6630
295.2570,145.1200,0.2550,2122147587099,0.5070,0.6630
295.0860,144.6820,0.2560,2122163788899,0.5070,0.6630
294.7860,144.2810,0.2580,2122163832500,0.5070,0.6630
294.7430,143.8430,0.2590,2122163835700,0.5070,0.6630
294.5710,143.4780,0.2600,2122163837500,0.5070,0.6630
294.4860,143.1140,0.2610,2122180838400,0.5070,0.6630
294.4430,142.7850,0.2620,2122180912200,0.5070,0.6630
294.3570,142.2740,0.2630,2122197017399,0.5070,0.6630
294.3570,141.8360,0.2650,2122197115500,0.5070,0.6630
294.3570,141.4350,0.2660,2122213959700,0.5070,0.6630
294.4430,141.1430,0.2670,2122230336499,0.5070,0.6630
294.4860,140.7780,0.2680,2122230440299,0.5070,0.6630
294.5710,141.7630,0.2830,2122280500900,0.5070,0.6630
294.4430,142.6390,0.2870,2122280581800,0.5070,0.6630
294.2710,143.1140,0.2880,2122280587000,0.5070,0.6630
294.1860,143.6240,0.2900,2122296727399,0.5070,0.6630
293.9710,144.1350,0.2920,2122296839199,0.5070,0.6630
293.8430,144.6820,0.2930,2122313693300,0.5070,0.6630
293.6720,145.1930,0.2950,2122313805700,0.5070,0.6630
293.4570,145.5580,0.2970,2122313810799,0.5070,0.6630
293.2430,146.1050,0.2990,2122313813400,0.5070,0.6630
292.9860,146.5430,0.3010,2122313815800,0.5070,0.6630
292.6430,146.9080,0.3030,2122329743599,0.5070,0.6630
292.3430,147.3820,0.3050,2122329865000,0.5070,0.6630
291.8710,147.8200,0.3070,2122329874500,0.5070,0.6630
291.4430,148.1850,0.3090,2122329879600,0.5070,0.6630
290.8430,148.7320,0.3100,2122345920700,0.5070,0.6630
290.2430,149.0970,0.3120,2122346016999,0.5070,0.6630
289.6430,149.3890,0.3140,2122346025500,0.5070,0.6630
289.0430,149.6810,0.3150,2122362121900,0.5070,0.6630
288.4430,149.9370,0.3170,2122362231799,0.5070,0.6630
287.9290,150.0820,0.3190,2122362240699,0.5070,0.6630
287.3290,150.2280,0.3200,2122362246000,0.5070,0.6630
286.7290,150.3010,0.3220,2122378195400,0.5070,0.6630
286.1720,150.3740,0.3230,2122378328500,0.5070,0.6630
285.5710,150.3740,0.3250,2122394370399,0.5070,0.6630
285.0570,150.2280,0.3260,2122394466100,0.5070,0.6630
284.5430,150.0820,0.3280,2122394471100,0.5070,0.6630
284.0710,149.8270,0.3290,2122394473700,0.5070,0.6630
283.6430,149.6810,0.3300,2122394476300,0.5070,0.6630
283.1710,149.5350,0.3310,2122411262900,0.5070,0.6630
282.7430,149.3160,0.3320,2122411346500,0.5070,0.6630
282.2710,149.1700,0.3320,2122428242000,0.5070,0.6630
281.9290,148.9510,0.3330,2122428318800,0.5070,0.6630
281.2430,148.6590,0.3340,2122428329200,0.5070,0.6630
280.9430,148.4770,0.3340,2122445187200,0.5070,0.6630
280.3430,148.3310,0.3340,2122445261400,0.5070,0.6630
279.9140,148.2580,0.3330,2122461189400,0.5070,0.6630
279.3140,148.4040,0.3320,2122461243600,0.5070,0.6630
278.8430,148.5870,0.3310,2122461247100,0.5070,0.6630
278.4140,148.8050,0.3310,2122478177099,0.5070,0.6630
277.8140,149.0240,0.3300,2122478243300,0.5070,0.6630
277.0430,149.4620,0.3300,2122495159500,0.5070,0.6630
276.2290,149.9370,0.3300,2122495230800,0.5070,0.6630
275.4140,150.3740,0.3300,2122495236800,0.5070,0.6630
274.3430,150.8120,0.3290,2122495240300,0.5070,0.6630
273.4430,151.2500,0.3290,2122512139099,0.5070,0.6630
272.4140,151.7240,0.3290,2122512210500,0.5070,0.6630
270.8290,152.3810,0.3290,2122529145000,0.5070,0.6630
269.5430,152.9280,0.3300,2122529202100,0.5070,0.6630
268.3430,153.2930,0.3300,2122529206199,0.5070,0.6630
267.3140,153.5850,0.3300,2122529208500,0.5070,0.6630
266.2430,153.8040,0.3310,2122529210700,0.5070,0.6630
265.1290,153.8770,0.3320,2122546125299,0.5070,0.6630
263.9290,153.9500,0.3320,2122546157899,0.5070,0.6630
262.8140,153.8040,0.3330,2122546159999,0.5240,0.6630
261.7000,153.6580,0.3340,2122546161000,0.5240,0.6630
260.5860,153.3660,0.3350,2122546164900,0.5240,0.6630
259.6000,152.9280,0.3350,2122562115500,0.5240,0.6630
258.1860,152.0890,0.3360,2122562153299,0.5240,0.6630
256.9860,151.0310,0.3370,2122579106900,0.5240,0.6630
255.9140,149.8270,0.3370,2122579139800,0.5240,0.6630
255.0140,148.3310,0.3380,2122579142400,0.5240,0.6630
254.2000,146.7620,0.3390,2122579143999,0.5250,0.6820
253.5140,144.8280,0.3400,2122596166800,0.5250,0.6990
253.0860,142.7850,0.3400,2122596231800,0.5250,0.6990
252.7000,140.5590,0.3410,2122596234499,0.5250,0.6990
252.4860,138.2240,0.3410,2122613126000,0.5420,0.7160
252.4000,135.8160,0.3410,2122613175000,0.5420,0.7160
252.4000,133.2990,0.3420,2122613176899,0.5420,0.7160
252.4860,130.8180,0.3420,2122613177900,0.5420,0.7160
252.5710,128.2630,0.3410,2122630123200,0.5420,0.7160
252.7860,125.7820,0.3410,2122630197399,0.5420,0.7160
252.9140,123.4110,0.3420,2122647109600,0.5420,0.7160
253.1710,121.0030,0.3430,2122647142700,0.5420,0.7160
253.3000,118.7400,0.3440,2122647144400,0.5420,0.7160
253.3860,116.6610,0.3450,2122647145300,0.5420,0.7160
253.4710,114.9460,0.3460,2122647146200,0.5420,0.7160
253.5140,113.5960,0.3470,2122663183400,0.5420,0.7160
253.6000,112.4650,0.3480,2122663229800,0.5420,0.7160
253.6860,111.4800,0.3480,2122663231699,0.5420,0.7160
253.6860,110.7500,0.3490,2122663232600,0.5420,0.7160
253.7710,110.0570,0.3500,2122679309000,0.5420,0.7160
253.7710,109.4000,0.3500,2122679343299,0.5420,0.7160
253.7710,108.8530,0.3510,2122679345000,0.5420,0.7160
253.8140,108.4150,0.3510,2122695390299,0.5420,0.7160
253.8140,108.0500,0.3510,2122695482700,0.5420,0.7160
253.9000,107.7220,0.3520,2122695487200,0.5420,0.7160
253.9000,107.4300,0.3520,2122695491000,0.5420,0.7160
253.9860,107.1380,0.3510,2122711471499,0.5420,0.7160
254.2000,106.9920,0.3490,2122727555200,0.5420,0.7160
254.8000,107.5030,0.2950,2122744592700,0.5420,0.7160
255.0140,107.9770,0.2460,2122744721900,0.5420,0.7160
255.3140,108.4150,0.2050,2122761536999,0.5420,0.7160
256.2140,110.7500,0.8330,2122761632700,0.5420,0.7160
276.9140,164.3120,0.0020,2123063006700,0.5070,0.6630
276.9570,164.8230,0.0300,2123078743800,0.5070,0.6630
276.9570,165.1150,0.0490,2123078788800,0.5070,0.6630
277.0430,165.3700,0.0670,2123095755599,0.5070,0.6630
277.1290,165.7350,0.0850,2123095804900,0.5070,0.6630
277.2140,166.0270,0.1020,2123095806899,0.5070,0.6630
277.2570,166.3190,0.1180,2123095812800,0.5070,0.6630
277.2570,166.6840,0.1330,2123095814100,0.5070,0.6630
277.3430,167.0850,0.1480,2123111883500,0.5070,0.6630
277.3430,167.4500,0.1610,2123111938700,0.5070,0.6630
277.3430,167.8150,0.1730,2123111953499,0.5070,0.6630
277.3430,168.1070,0.1850,2123111954800,0.5070,0.6630
277.3430,168.5080,0.1950,2123128869900,0.5070,0.6630
277.3430,168.8730,0.2050,2123128916100,0.5070,0.6630
277.3430,169.1650,0.2140,2123128918000,0.5070,0.6630
277.3430,169.4570,0.2220,2123145220900,0.5070,0.6630
277.3430,169.7850,0.2290,2123145304000,0.5070,0.6630
277.3430,170.2960,0.2340,2123145309900,0.5070,0.6630
277.3430,170.5150,0.2200,2123161707899,0.5070,0.6630
276.7430,170.8800,0.8330,2123177993899,0.5070,0.6630
239.5860,108.6340,1.0000,2123559912600,0.5070,0.6810
232.9430,102.8690,0.0010,2123640314299,0.5070,0.6990
232.4290,102.4310,0.0110,2123640389499,0.5070,0.6990
232.1290,102.1030,0.0260,2123656297399,0.5070,0.6990
231.7430,101.8110,0.0410,2123656376200,0.5070,0.6990
231.4430,101.5920,0.0560,2123656380999,0.5070,0.6990
231.1430,101.3730,0.0700,2123656382600,0.5070,0.6990
230.9290,101.2270,0.0830,2123656384400,0.5070,0.6990
230.4570,101.2270,0.1060,2123673279100,0.5070,0.6990
230.0710,101.4460,0.1260,2123689319700,0.5070,0.6990
230.0290,101.6650,0.1350,2123689365700,0.5070,0.6990
229.9430,101.9570,0.1430,2123689367200,0.5070,0.6990
229.7710,102.5770,0.1510,2123705408899,0.5070,0.6990
229.7290,103.1610,0.1580,2123705458500,0.5070,0.6990
229.6430,103.9270,0.1650,2123705460400,0.5070,0.6990
229.5570,104.7300,0.1720,2123721478300,0.5070,0.6990
229.6430,106.0070,0.1780,2123721509500,0.5070,0.7160
229.6430,107.3570,0.1840,2123721521200,0.5070,0.7160
229.8570,109.4000,0.1900,2123721522299,0.5070,0.7160
230.0290,111.5530,0.1960,2123737847600,0.5070,0.7160
230.2430,113.7420,0.2010,2123737922299,0.5070,0.7160
230.5430,116.0410,0.2060,2123737928600,0.5070,0.7160
230.8430,118.4490,0.2110,2123737931400,0.5070,0.7160
231.1430,120.9300,0.2160,2123754786800,0.5070,0.7160
231.4430,123.5570,0.2210,2123754838899,0.5070,0.7160
231.7430,126.1110,0.2250,2123754841500,0.5070,0.7160
232.0430,128.6280,0.2290,2123770870100,0.5070,0.7160
232.3430,131.0360,0.2330,2123770909500,0.5070,0.7160
232.4710,133.4450,0.2360,2123770910800,0.5070,0.7160
232.7290,135.6700,0.2400,2123770922199,0.5070,0.7160
232.7710,137.7860,0.2430,2123787071899,0.5070,0.7160
232.7710,139.5010,0.2470,2123787120600,0.5070,0.7160
232.7290,140.9970,0.2500,2123803979800,0.5070,0.7160
232.4710,142.2740,0.2540,2123804013800,0.5070,0.7160
232.1290,143.9890,0.2580,2123804015499,0.5070,0.7160
231.5710,145.5580,0.2620,2123804016500,0.5070,0.7160
230.9290,147.1640,0.2660,2123820186399,0.5070,0.7160
230.0710,148.3310,0.2690,2123820240700,0.5070,0.7160
229.2570,149.5350,0.2730,2123820243499,0.5070,0.7160
228.2710,150.3740,0.2760,2123836323800,0.5070,0.7160
227.3290,151.1040,0.2800,2123836359699,0.5070,0.7160
226.4290,151.5780,0.2830,2123836366000,0.5070,0.7160
225.3140,151.9430,0.2860,2123836366900,0.5070,0.7160
224.2430,152.1620,0.2890,2123852406900,0.5070,0.7160
223.1290,152.3080,0.2920,2123852439800,0.5070,0.7160
221.9290,152.1620,0.2940,2123869372900,0.5070,0.7160
220.8140,151.9430,0.2970,2123869452600,0.5070,0.7160
219.0570,151.4320,0.2990,2123869458000,0.5070,0.7160
217.5140,150.7390,0.3020,2123869461599,0.5070,0.7160
215.9290,149.7540,0.3040,2123885433699,0.5070,0.7160
214.4290,148.6590,0.3050,2123885519800,0.5070,0.7160
213.1430,147.3820,0.3090,2123885525400,0.5070,0.7160
211.9000,146.0320,0.3120,2123885528700,0.5070,0.7160
210.7430,144.6820,0.3150,2123885532800,0.5070,0.7160
209.8000,143.1870,0.3180,2123901483100,0.5070,0.7160
208.9000,141.9820,0.3210,2123901563400,0.5070,0.7160
208.1290,140.9970,0.3230,2123918031100,0.5070,0.7160
207.6140,140.1220,0.3250,2123918106799,0.5070,0.7160
207.1860,139.4280,0.3270,2123918112700,0.5070,0.7160
206.8000,138.8450,0.3290,2123918117199,0.5070,0.7160
206.5000,138.3700,0.3300,2123934314400,0.5070,0.7160
206.1140,137.9320,0.3310,2123934397200,0.5070,0.7160
205.9860,137.6410,0.3320,2123934402900,0.5070,0.7160
205.6860,137.0930,0.3320,2123951177300,0.5070,0.7160
205.5140,136.8010,0.3310,2123951259500,0.5070,0.7160
205.8140,138.6620,0.3270,2123984062399,0.5070,0.7160
205.8140,139.4280,0.3270,2124001043800,0.5070,0.7160
205.9000,140.5590,0.3280,2124001163400,0.5070,0.7160
205.9000,141.6900,0.3280,2124001173100,0.5070,0.7160
205.9000,142.9680,0.3280,2124001179299,0.5070,0.7160
205.9000,144.1350,0.3290,2124017288800,0.5070,0.7160
205.7290,145.4120,0.3300,2124017398399,0.5070,0.7160
205.4290,147.3100,0.3310,2124033502899,0.5070,0.7160
205.0860,148.8050,0.3310,2124033597700,0.5070,0.7160
204.7860,150.0090,0.3320,2124033602300,0.5070,0.7160
204.4860,151.1040,0.3330,2124033604700,0.5070,0.7160
204.0140,152.0890,0.3340,2124033606999,0.5070,0.7160
203.5000,153.0740,0.3350,2124049828100,0.5070,0.7160
202.9000,153.9500,0.3360,2124049924399,0.5070,0.7160
202.3000,154.7890,0.3380,2124066727500,0.5070,0.7160
201.6140,155.5550,0.3400,2124066811900,0.5070,0.7160
200.9710,156.2120,0.3410,2124066821100,0.5070,0.7160
200.2860,156.7960,0.3400,2124066825300,0.5070,0.7160
199.5140,157.3430,0.3320,2124083113000,0.5070,0.7160
198.7860,157.7810,0.3190,2124083222000,0.5070,0.7160
198.0140,158.2190,0.2980,2124083229800,0.5070,0.7160
197.2860,158.4740,0.2480,2124099707299,0.5070,0.7160
194.1140,158.1460,1.0000,2124115675600,0.5070,0.7160
193.2570,157.7080,1.0000,2124115750000,0.5070,0.7160
192.2710,157.2700,0.8330,2124115757000,0.5070,0.7160
191.2860,156.7230,0.6940,2124115772100,0.5070,0.7160
173.0710,130.1970,0.0000,2124296342199,0.5600,0.7160
172.1710,129.7590,0.0090,2124296377700,0.5600,0.7160
171.2710,129.3950,0.0210,2124296381400,0.5600,0.7160
170.3710,129.0300,0.0350,2124296383100,0.5600,0.7160
169.4710,128.6280,0.0490,2124312795100,0.5600,0.7160
168.6140,128.3360,0.0630,2124312839600,0.5600,0.7160
167.7140,128.0450,0.0760,2124312856800,0.5600,0.7160
166.8570,127.8990,0.0870,2124312858700,0.5600,0.7160
166.1290,127.7530,0.0980,2124328928900,0.5600,0.7160
165.3140,127.7530,0.1080,2124328971399,0.5600,0.7160
164.5430,127.7530,0.1180,2124328973199,0.5600,0.7160
163.8140,127.7530,0.1260,2124345030500,0.5600,0.7160
162.7430,127.8260,0.1340,2124345063200,0.5600,0.7160
161.7140,128.0450,0.1410,2124345065099,0.5600,0.7160
160.7290,128.1910,0.1480,2124345066299,0.5600,0.7160
159.8290,128.4820,0.1550,2124361035300,0.5600,0.7160
158.8430,128.7740,0.1610,2124361071299,0.5600,0.7160
158.0290,129.1760,0.1660,2124377131300,0.5600,0.7160
157.3430,129.6130,0.1710,2124377220800,0.5600,0.7160
156.7000,129.9780,0.1750,2124377225500,0.5600,0.7160
156.2290,130.5990,0.1800,2124377227600,0.5600,0.7160
155.8000,131.1090,0.1830,2124377229700,0.5600,0.7160
155.7140,131.6200,0.1870,2124393242600,0.5600,0.7160
155.6290,132.2410,0.1900,2124393328900,0.5600,0.7160
155.7140,132.8970,0.1930,2124410279800,0.5600,0.7160
156.1430,133.8090,0.1950,2124410367500,0.5600,0.7160
156.7000,134.7950,0.1980,2124410371999,0.5600,0.7160
157.6430,136.2180,0.2010,2124410374500,0.5600,0.7160
158.7140,137.5680,0.2030,2124427218100,0.5600,0.7160
159.8290,138.9180,0.2050,2124427448200,0.5600,0.7160
160.9430,140.2680,0.2070,2124427529200,0.5600,0.7160
162.0570,141.5450,0.2090,2124427542300,0.5600,0.7160
162.9570,142.8580,0.2110,2124427547299,0.5600,0.7160
163.7290,143.9160,0.2120,2124443354200,0.5600,0.7160
164.2430,144.9740,0.2140,2124443723200,0.5600,0.7160
164.6290,145.8860,0.2150,2124460172300,0.5600,0.7160
164.8430,146.7620,0.2170,2124460278400,0.5600,0.7160
164.8430,147.7470,0.2200,2124460285700,0.5770,0.7160
164.6290,148.7320,0.2230,2124460290300,0.5770,0.7160
164.2430,149.7540,0.2270,2124477337599,0.5770,0.7160
163.7290,150.6660,0.2320,2124477515700,0.5770,0.7160
162.6570,151.9430,0.2360,2124477521500,0.5770,0.7160
161.4140,153.0740,0.2410,2124494179800,0.5770,0.7160
159.9140,153.9500,0.2450,2124494217399,0.5770,0.7160
158.2000,154.7890,0.2490,2124494219900,0.5770,0.7160
156.5290,155.3730,0.2540,2124494223499,0.5770,0.7160
154.7290,155.8470,0.2570,2124511170299,0.5770,0.7160
153.1430,156.0660,0.2610,2124511221600,0.5770,0.7160
151.6860,156.0660,0.2650,2124511224100,0.5770,0.7160
150.3140,156.0660,0.2680,2124527308900,0.5770,0.7160
148.4290,155.7740,0.2720,2124527352900,0.5770,0.7160
146.6290,155.0810,0.2750,2124527355400,0.5770,0.7160
145.1290,154.3510,0.2780,2124527356900,0.5770,0.7160
143.7140,153.2930,0.2790,2124543459900,0.5770,0.7160
142.4710,152.3080,0.2770,2124543514999,0.5770,0.7160
141.3140,150.9580,0.2690,2124543518800,0.5770,0.7160
140.5860,149.5350,0.2580,2124543521100,0.5770,0.7160
139.9860,147.8930,0.2420,2124559743299,0.5770,0.7160
139.6000,146.1050,0.2020,2124559801400,0.5770,0.7160
139.3860,144.6090,0.1680,2124576648400,0.5770,0.7160
139.4710,141.5450,0.8330,2124576708100,0.5770,0.7160
