713.1720,109.7240,0.0030,1080172549100,0.1930,0.3320
713.1720,109.4320,0.0260,1080172603499,0.1930,0.3320
713.2140,108.9220,0.0920,1080187565600,0.1930,0.3320
713.2140,108.7030,0.1260,1080187821700,0.1930,0.3320
713.1720,108.2280,0.1910,1080204430300,0.2100,0.3330
713.2140,107.8640,0.2720,1080221417100,0.2100,0.3330
713.1720,108.9950,0.3730,1080238401500,0.2100,0.3330
713.2140,109.7240,0.3890,1080238457400,0.2100,0.3330
713.3000,110.9280,0.4050,1080254421500,0.2100,0.3330
713.5140,113.1910,0.4200,1080254454100,0.2100,0.3330
713.6000,115.4890,0.4350,1080254470300,0.2100,0.3330
713.7710,118.0430,0.4480,1080254472800,0.2100,0.3330
714.0710,120.8160,0.4610,1080270745800,0.2100,0.3330
714.2860,123.6620,0.4720,1080270978800,0.2100,0.3330
714.4140,126.6540,0.4840,1080286623700,0.2100,0.3330
715.0140,132.1270,0.4940,1080286670100,0.2100,0.3330
715.3140,136.0310,0.5040,1080286672900,0.2100,0.3330
715.4000,139.2420,0.5130,1080286674700,0.2100,0.3330
715.4860,141.9420,0.5210,1080286676600,0.2100,0.3330
715.4860,144.4960,0.5280,1080303717400,0.2100,0.3330
715.5290,147.2690,0.5350,1080303771200,0.2100,0.3330
715.5290,149.8960,0.5400,1080303772600,0.2100,0.3330
715.7000,152.3770,0.5430,1080303773500,0.2100,0.3330
715.8280,154.7490,0.5420,1080320747300,0.2100,0.3330
716.0000,156.8650,0.5360,1080320929600,0.2100,0.3330
716.0000,158.6530,0.5260,1080336606200,0.2100,0.3330
716.0860,160.0760,0.5110,1080336658799,0.2100,0.3330
716.1290,161.2800,0.4890,1080336660500,0.2100,0.3330
716.3000,162.3380,0.4590,1080336661300,0.2100,0.3330
716.3860,163.2140,0.3820,1080336662100,0.2100,0.3330
716.4290,163.9070,0.3180,1080352613100,0.2100,0.3330
716.4290,164.4180,0.2650,1080352636000,0.2100,0.3330
689.5570,152.1580,0.0100,1080566830199,0.2100,0.3500
689.1720,151.9030,0.0370,1080566883900,0.2100,0.3500
688.8290,151.6110,0.0720,1080582848400,0.2100,0.3500
688.5290,151.4650,0.1100,1080582886700,0.2100,0.3500
688.2290,151.3190,0.1470,1080598946600,0.2100,0.3500
687.8430,151.1730,0.1830,1080598992400,0.2100,0.3500
687.3710,151.1000,0.2170,1080598994700,0.2100,0.3500
686.7290,150.9540,0.2480,1080598996400,0.2100,0.3500
686.0430,150.9540,0.2780,1080598998100,0.2100,0.3500
685.2710,150.8810,0.3050,1080615000000,0.2100,0.3500
684.4570,150.8810,0.3300,1080615032800,0.2100,0.3500
683.6430,150.8080,0.3520,1080631021800,0.2100,0.3500
682.4430,150.8810,0.3730,1080631044300,0.2100,0.3500
681.2430,150.8810,0.3910,1080631046900,0.2280,0.3500
680.0430,150.9540,0.4080,1080631047900,0.2460,0.3500
679.0570,150.9540,0.4240,1080647063800,0.2460,0.3500
677.8140,150.8810,0.4370,1080647165500,0.2460,0.3500
676.7430,150.8080,0.4500,1080647180400,0.2460,0.3500
675.5430,150.6260,0.4610,1080663197099,0.2460,0.3500
674.3000,150.4800,0.4710,1080663221600,0.2460,0.3500
673.4000,150.2610,0.4800,1080663223300,0.2460,0.3500
672.3280,149.8960,0.4880,1080663224200,0.2460,0.3500
671.6000,149.4580,0.4950,1080680204400,0.2460,0.3500
670.8280,148.9840,0.5020,1080680242100,0.2460,0.3500
670.1000,148.4000,0.5070,1080680244899,0.2460,0.3500
669.5430,147.7070,0.5110,1080696192100,0.2460,0.3500
669.3290,147.1230,0.5150,1080696215700,0.2460,0.3500
669.1140,146.4300,0.5180,1080696218900,0.2460,0.3500
668.9000,145.4810,0.5190,1080696219900,0.2460,0.3500
668.6430,144.4960,0.5210,1080713163500,0.2460,0.3500
668.5140,143.6570,0.5210,1080713197500,0.2460,0.3500
668.5140,142.8540,0.5220,1080713200200,0.2280,0.3500
668.6000,142.0880,0.5220,1080713202100,0.2280,0.3500
668.7290,141.4310,0.5220,1080730206000,0.2460,0.3500
668.9000,140.7380,0.5220,1080730317600,0.2460,0.3500
669.0290,140.0810,0.5220,1080730324599,0.2460,0.3500
669.2430,139.4970,0.5220,1080746446800,0.2460,0.3500
669.5430,138.9500,0.5220,1080746508000,0.2460,0.3500
669.8000,138.4390,0.5220,1080746511399,0.2460,0.3500
670.1000,137.8920,0.5210,1080746513300,0.2460,0.3500
670.4430,137.4540,0.5210,1080762461900,0.2460,0.3500
670.9140,137.0890,0.5210,1080762522900,0.2460,0.3500
671.3000,136.7970,0.5200,1080778679700,0.2460,0.3500
671.6430,136.5420,0.5200,1080778762200,0.2460,0.3500
672.2430,136.3960,0.5190,1080778767699,0.2460,0.3500
672.8430,136.3230,0.5190,1080778771000,0.2460,0.3500
673.4430,136.3230,0.5190,1080778774299,0.2460,0.3500
673.9140,136.3960,0.5200,1080795550900,0.2460,0.3500
674.5570,136.6150,0.5210,1080795622800,0.2460,0.3500
675.1140,136.8700,0.5230,1080811660800,0.2460,0.3500
675.9290,137.3080,0.5250,1080811722100,0.2460,0.3500
676.6140,137.8920,0.5270,1080811725699,0.2460,0.3500
677.3430,138.4390,0.5300,1080811727600,0.2460,0.3500
678.0290,139.0960,0.5330,1080827681799,0.2460,0.3500
678.5430,139.7160,0.5350,1080827732100,0.2460,0.3500
679.1430,140.4460,0.5380,1080843772100,0.2460,0.3500
679.6140,141.2120,0.5410,1080843812399,0.2460,0.3500
680.1290,141.9420,0.5440,1080843815600,0.2460,0.3500
680.5570,142.7080,0.5470,1080843817499,0.2460,0.3500
680.8570,143.2920,0.5500,1080843819400,0.2460,0.3500
681.1570,143.9120,0.5530,1080859772999,0.2460,0.3500
681.1570,144.4960,0.5560,1080859817800,0.2460,0.3500
681.1140,145.0070,0.5600,1080859821200,0.2460,0.3500
681.0290,145.6270,0.5630,1080859823000,0.2460,0.3500
681.0290,146.1380,0.5660,1080876769100,0.2460,0.3500
680.8140,146.6850,0.5700,1080876816300,0.2460,0.3500
680.4290,147.4880,0.5740,1080892758600,0.2460,0.3500
679.9570,148.1080,0.5770,1080892799600,0.2460,0.3500
679.3570,148.9110,0.5800,1080892802900,0.2460,0.3500
678.8430,149.6040,0.5830,1080892815500,0.2460,0.3500
678.1140,150.3340,0.5860,1080892817500,0.2460,0.3500
677.2570,151.0270,0.5880,1080909724500,0.2460,0.3500
675.9290,151.9760,0.5910,1080909782300,0.2460,0.3500
674.6430,152.8880,0.5930,1080925947799,0.2460,0.3500
673.0140,153.9460,0.5960,1080926005399,0.2460,0.3500
671.3000,154.8220,0.5980,1080926008800,0.2460,0.3500
669.6290,155.7340,0.6000,1080926010599,0.2460,0.3500
667.7000,156.5000,0.6020,1080942159000,0.2460,0.3500
665.7290,157.4490,0.6040,1080942217399,0.2460,0.3500
663.6290,158.3610,0.6050,1080942223999,0.2460,0.3500
661.4000,159.2730,0.6070,1080958487299,0.2460,0.3500
659.3000,160.0760,0.6100,1080958529300,0.2460,0.3500
657.2000,160.8420,0.6120,1080958532700,0.2460,0.3500
655.1860,161.4990,0.6150,1080958534500,0.2460,0.3500
653.3000,162.1190,0.6180,1080974540300,0.2460,0.3500
651.5000,162.6300,0.6200,1080974605899,0.2460,0.3500
650.0000,163.0680,0.6230,1080991455600,0.2460,0.3500
648.9710,163.3960,0.6250,1080991504600,0.2460,0.3500
648.0710,163.6150,0.6270,1080991509000,0.2460,0.3500
647.2570,163.6880,0.6290,1080991510800,0.2460,0.3500
646.6570,163.9070,0.6300,1080991512500,0.2460,0.3500
646.0570,163.9070,0.6280,1081008468199,0.2460,0.3500
645.5860,163.9070,0.6230,1081008533400,0.2460,0.3500
645.1570,163.9070,0.6150,1081008538200,0.2460,0.3500
644.6000,163.6880,0.6010,1081008543900,0.2460,0.3500
644.1720,163.6150,0.5820,1081025487200,0.2460,0.3500
643.7860,163.3960,0.5570,1081025584799,0.2460,0.3500
643.5710,163.1410,0.5390,1081025589400,0.2460,0.3500
643.1860,162.7760,0.4500,1081042435200,0.2460,0.3500
642.8860,162.4110,0.3750,1081042567000,0.2460,0.3500
642.8000,161.7910,0.3120,1081042594500,0.2460,0.3500
660.0290,129.4270,0.0060,1081242921500,0.1230,0.3840
660.5860,129.1350,0.0320,1081242954000,0.1230,0.3840
661.3140,128.7700,0.0660,1081242956399,0.1230,0.3840
661.7860,128.4050,0.1030,1081242957800,0.1230,0.3840
662.1290,128.0770,0.1410,1081259775000,0.1230,0.3840
662.6000,127.7120,0.1770,1081259810300,0.1230,0.3840
663.2000,127.4930,0.2120,1081275901000,0.1230,0.3840
663.9290,127.1280,0.2440,1081275927500,0.1400,0.3850
664.7000,126.6540,0.2730,1081275937400,0.1580,0.3840
665.3860,126.2890,0.2990,1081275938400,0.1750,0.3840
666.2000,125.8510,0.3230,1081275939299,0.1920,0.3850
666.8000,125.4860,0.3450,1081292863599,0.2100,0.3850
667.7430,125.0850,0.3640,1081292885300,0.2280,0.3850
668.6000,124.7200,0.3790,1081309852100,0.2280,0.3850
669.5000,124.3550,0.3910,1081309879599,0.2280,0.3850
670.4430,123.9540,0.3970,1081309882100,0.2280,0.3850
671.3430,123.6620,0.3980,1081309884100,0.2280,0.3850
672.0290,123.4430,0.3850,1081309885800,0.2280,0.3850
672.7140,123.2240,0.3580,1081325891300,0.2280,0.3670
673.3140,123.1510,0.2980,1081325925800,0.2280,0.3670
673.8290,123.1510,0.2480,1081325928400,0.2280,0.3670
674.2140,123.0780,0.2070,1081341955300,0.2280,0.3670
646.1860,159.3460,0.0020,1081537783499,0.1920,0.0000
645.8860,159.4920,0.0220,1081537805200,0.1920,0.0000
645.5860,159.6380,0.0490,1081537808399,0.1920,0.0000
645.2000,159.7110,0.0790,1081553730099,0.1920,0.0000
645.0710,159.8570,0.1100,1081553798400,0.2090,0.0000
644.7710,159.9300,0.1410,1081553801800,0.2090,0.0000
644.4710,160.0030,0.1710,1081553804100,0.2090,0.0000
643.8710,160.0760,0.2280,1081569753400,0.2090,0.0000
643.6570,160.0760,0.2540,1081569824100,0.2090,0.0000
643.3570,160.2220,0.2790,1081585769000,0.2100,0.0350
642.7570,160.2950,0.3260,1081585806099,0.2100,0.1050
642.4570,160.2950,0.3470,1081585807600,0.2100,0.1390
642.1570,160.2950,0.3680,1081585808600,0.2100,0.1570
641.5570,160.2220,0.4050,1081618115800,0.2100,0.1920
641.3430,160.0760,0.4210,1081618150900,0.2100,0.2100
640.7860,159.9300,0.4370,1081618152600,0.2110,0.2280
640.4430,159.7840,0.4510,1081618153500,0.2100,0.2450
639.9710,159.4920,0.4640,1081618154400,0.2100,0.2620
639.5860,159.2000,0.4760,1081635082500,0.2100,0.2800
639.1570,158.8720,0.4870,1081635123999,0.2110,0.2980
638.6860,158.4340,0.4980,1081651040600,0.2110,0.2980
638.3430,158.0690,0.5070,1081651065200,0.2110,0.2980
637.9570,157.5950,0.5150,1081651066700,0.2110,0.2980
637.5710,157.0840,0.5220,1081651067600,0.2110,0.2980
637.2710,156.5000,0.5290,1081651068500,0.2110,0.2980
636.8430,155.8800,0.5350,1081668040100,0.2100,0.3150
636.5430,155.2960,0.5400,1081668067099,0.2100,0.3330
636.2430,154.6030,0.5430,1081685003000,0.2100,0.3330
635.9860,154.0920,0.5450,1081685044500,0.2100,0.3330
635.8570,153.5810,0.5450,1081685048699,0.2100,0.3330
635.6430,153.0340,0.5420,1081685053600,0.2100,0.3330
635.4710,152.5960,0.5360,1081701158300,0.2100,0.3330
635.3430,152.1580,0.5260,1081701199800,0.2100,0.3330
635.1710,151.6840,0.5120,1081701201500,0.2100,0.3330
635.0860,151.3920,0.4900,1081701202499,0.2100,0.3330
635.0430,151.1730,0.4600,1081701203300,0.2100,0.3330
634.8710,150.9540,0.3830,1081717308500,0.2100,0.3330
634.4430,150.7350,0.2660,1081734283000,0.2100,0.3330
614.0430,157.0110,0.0160,1081897910800,-0.2280,0.3330
613.5290,156.7920,0.0440,1081897946099,-0.1920,0.3320
613.1430,156.5000,0.0760,1081897948999,-0.1570,0.3320
612.7140,156.2450,0.1100,1081897950800,-0.1220,0.3320
612.2430,156.0260,0.1440,1081897952300,-0.0870,0.3320
611.9000,155.7340,0.1760,1081914803100,-0.0690,0.3320
611.5140,155.5150,0.2070,1081914862800,-0.0520,0.3330
611.1290,155.2230,0.2370,1081930989000,-0.0340,0.3320
610.9140,155.0040,0.2640,1081931026600,-0.0340,0.3320
610.6140,154.7490,0.2900,1081931028300,0.0000,0.3320
610.4430,154.5300,0.3140,1081931029400,0.0000,0.3320
610.2290,154.3840,0.3360,1081931030300,0.0000,0.3320
609.9290,153.9460,0.3760,1081947095400,0.0000,0.3320
609.8430,153.7270,0.3930,1081963347100,0.0000,0.3320
609.8000,153.1800,0.4220,1081963389800,0.0000,0.3320
609.8430,152.6690,0.4450,1081963391600,0.0000,0.3320
610.1000,152.2310,0.4560,1081979720099,0.0000,0.3320
610.6140,151.5380,0.4650,1081979780500,0.0000,0.3320
611.1290,150.8810,0.4730,1081995791200,0.0000,0.3320
612.5000,149.8230,0.4800,1081995873900,0.0000,0.3320
613.9140,148.7650,0.4870,1081995880700,0.0000,0.3320
615.7140,147.6340,0.4920,1081995884700,0.0000,0.3320
617.6430,146.5390,0.4980,1082012148600,0.0000,0.3320
621.3290,144.6420,0.5030,1082012218500,0.0000,0.3320
624.2430,143.2920,0.5070,1082012225500,0.0000,0.3320
626.4290,142.3430,0.5110,1082028619799,0.0000,0.3320
628.2290,141.5040,0.5140,1082028687800,0.0000,0.3320
629.9430,140.8110,0.5160,1082028691900,0.0000,0.3320
631.4430,140.1540,0.5180,1082045635000,0.0000,0.3320
632.7710,139.6430,0.5190,1082045707300,0.0000,0.3320
633.8430,139.2420,0.5210,1082045711700,0.0000,0.3320
634.5710,138.8770,0.5220,1082045713799,0.0000,0.3320
635.2570,138.6580,0.5220,1082045716099,0.0000,0.3320
635.6860,138.4390,0.5230,1082062544700,0.0000,0.3320
636.2430,138.2200,0.5240,1082062655300,0.0000,0.3320
636.5860,138.0380,0.5240,1082078770400,0.0000,0.3320
636.8430,137.8920,0.5250,1082078839400,0.0000,0.3320
637.1430,137.7460,0.5250,1082078843600,0.0000,0.3320
637.2710,137.6730,0.5250,1082078846000,0.0000,0.3320
637.4860,137.4540,0.5250,1082095637599,0.0000,0.3320
637.5710,137.2350,0.5230,1082111866600,0.0000,0.3320
636.8430,137.7460,0.5160,1082145099300,0.0000,0.3320
636.6720,138.2200,0.5150,1082161996500,0.0000,0.3320
636.4570,138.6580,0.5140,1082162056700,0.0000,0.3320
636.2430,139.1690,0.5140,1082162065199,0.0000,0.3320
635.8570,140.0810,0.5140,1082162068800,0.0000,0.3320
635.3860,140.9200,0.5140,1082162072400,0.0000,0.3320
635.0430,141.9420,0.5140,1082178081999,0.0000,0.3320
634.5710,143.0730,0.5150,1082194990199,0.0000,0.3320
633.9290,144.6420,0.5160,1082195084300,0.0000,0.3320
633.2430,146.2110,0.5180,1082195091900,0.0000,0.3320
632.4710,147.7070,0.5210,1082195095600,0.0000,0.3320
631.7430,149.3120,0.5240,1082195102400,0.0000,0.3320
630.9290,150.8080,0.5270,1082211015600,0.0000,0.3320
630.1570,152.3040,0.5300,1082211094600,0.0000,0.3320
629.2570,153.8000,0.5340,1082227125100,0.0000,0.3320
628.3570,155.2230,0.5380,1082227209100,0.0000,0.3320
627.4570,156.5000,0.5410,1082227215800,0.0000,0.3320
626.4710,157.9230,0.5450,1082227219500,0.0000,0.3320
625.5290,159.2730,0.5490,1082227224400,0.0000,0.3320
624.4570,160.4410,0.5530,1082243115800,0.0000,0.3320
623.6430,161.4990,0.5560,1082243183999,0.0000,0.3320
622.9140,162.4110,0.5600,1082259373200,0.0000,0.3320
622.1430,163.1410,0.5630,1082259442200,0.0000,0.3320
621.1140,164.2720,0.5670,1082259446399,0.0000,0.3320
620.2140,165.1840,0.5700,1082259448699,0.0000,0.3320
619.3570,165.9870,0.5730,1082259451299,0.0000,0.3320
618.1570,166.9720,0.5760,1082276281800,0.0000,0.3320
617.1290,167.7380,0.5790,1082276355600,0.0000,0.3320
616.2290,168.3950,0.5820,1082276362600,0.0000,0.3320
614.9430,169.3070,0.5860,1082292384500,0.0000,0.3320
613.8290,170.0360,0.5890,1082292434400,0.0000,0.3320
612.5430,170.8760,0.5920,1082292438000,0.0000,0.3320
610.9140,171.6780,0.5950,1082308488299,0.0000,0.3320
609.3290,172.5180,0.5980,1082308557600,0.0000,0.3320
607.6140,173.2840,0.6020,1082308561600,0.0000,0.3320
605.6860,174.1590,0.6050,1082308564100,0.0000,0.3320
603.8860,174.9990,0.6090,1082325334500,0.0000,0.3320
601.9140,175.6550,0.6140,1082325386100,0.0000,0.3320
600.1140,176.4220,0.6180,1082325390100,0.0000,0.3320
598.6140,177.0780,0.6230,1082341521099,0.0000,0.3320
597.0710,177.8450,0.6280,1082341593100,0.0000,0.3320
595.7860,178.2820,0.6320,1082341599500,0.0000,0.3320
594.6710,178.7200,0.6370,1082341603500,0.0000,0.3320
593.9000,179.1220,0.6410,1082357505200,0.0000,0.3320
593.1720,179.4140,0.6450,1082357574500,0.0000,0.3320
592.4860,179.6320,0.6490,1082373582700,0.0000,0.3320
591.9710,179.8510,0.6530,1082373650400,0.0000,0.3320
591.5000,179.9970,0.6560,1082373654499,0.0000,0.3320
591.0710,180.2530,0.6590,1082373656700,0.0000,0.3320
590.6000,180.3990,0.6620,1082373659100,0.0000,0.3320
590.3000,180.4720,0.6650,1082389816500,0.0000,0.3320
590.0000,180.6180,0.6670,1082389892299,0.0000,0.3320
589.7860,180.6900,0.6690,1082405856099,0.0000,0.3320
589.5710,180.8360,0.6710,1082405921699,0.0000,0.3320
589.1000,180.9090,0.6750,1082405927500,0.0000,0.3320
588.8860,180.9820,0.6760,1082422806500,0.0000,0.3320
588.4570,180.9820,0.6760,1082439810300,0.0000,0.3320
587.9860,180.8360,0.6710,1082439868100,0.0000,0.3320
587.6000,180.4720,0.6610,1082439876299,0.0000,0.3320
587.2570,180.2530,0.6550,1082456819800,0.0000,0.3320
587.0000,179.7780,0.6480,1082456887399,0.0000,0.3320
586.7000,179.2680,0.6390,1082456893399,0.0000,0.3320
586.4000,178.8300,0.6310,1082456897200,0.0000,0.3320
586.1000,178.0640,0.6220,1082472815700,0.0000,0.3320
585.8000,177.4070,0.6150,1082472872800,0.0000,0.3320
585.6720,176.7860,0.6070,1082489749500,0.0000,0.3320
585.3710,176.2030,0.6000,1082489820600,0.0000,0.3320
585.2430,175.6550,0.5930,1082489827700,0.0000,0.3320
584.9860,175.1450,0.5870,1082489831300,0.0000,0.3320
584.9430,174.7070,0.5800,1082489835099,0.0000,0.3320
584.8570,174.2320,0.5740,1082505924500,0.0000,0.3320
584.7710,173.7950,0.5680,1082505994700,0.0000,0.3320
584.7710,173.4300,0.5620,1082522201100,0.0000,0.3320
584.7710,173.0280,0.5570,1082522279900,0.0000,0.3320
584.8570,172.7360,0.5520,1082522285999,0.0000,0.3320
584.9860,172.3720,0.5480,1082522289800,0.0000,0.3320
585.2860,172.0070,0.5440,1082522295300,0.0000,0.3320
585.7570,171.6780,0.5400,1082538598800,0.0000,0.3320
586.1860,171.3860,0.5370,1082538676100,0.0000,0.3320
586.7000,171.1680,0.5340,1082555554900,0.0000,0.3320
587.2570,171.0220,0.5330,1082555637900,0.0000,0.3320
587.9000,170.8760,0.5330,1082555644500,0.0000,0.3320
588.7570,170.8760,0.5330,1082555649899,0.0000,0.3320
589.4860,170.8760,0.5330,1082571856000,0.0000,0.3320
590.8570,171.0220,0.5350,1082571905300,0.0000,0.3320
592.0570,171.1680,0.5380,1082571908700,0.0000,0.3320
593.2570,171.3860,0.5410,1082571910899,0.0000,0.3320
595.1000,171.8610,0.5440,1082571912899,0.0000,0.3320
596.9000,172.2990,0.5490,1082588470400,0.0000,0.3320
598.2710,172.7360,0.5530,1082588552900,0.0000,0.3320
599.7710,173.2840,0.5580,1082604387000,0.0000,0.3320
601.0140,173.9410,0.5620,1082604880200,0.0000,0.3320
602.0000,174.4510,0.5670,1082604903200,0.0000,0.3320
602.8140,174.9990,0.5720,1082604908500,0.0000,0.3320
603.5860,175.5820,0.5760,1082620524300,0.0000,0.3320
604.2290,176.2030,0.5810,1082620581500,0.0000,0.3320
604.8280,176.8590,0.5860,1082636724900,0.0000,0.3320
605.4290,177.5530,0.5910,1082636857600,0.0000,0.3320
605.6860,178.2090,0.5960,1082636928500,0.0000,0.3320
606.2000,178.9760,0.6010,1082636935600,0.0000,0.3320
606.4140,179.6320,0.6060,1082636939799,0.0000,0.3320
606.7140,180.3260,0.6110,1082652916300,0.0000,0.3320
606.8000,180.9820,0.6160,1082653080099,0.0000,0.3320
606.8000,181.6760,0.6200,1082653115000,0.0000,0.3320
606.8000,182.3320,0.6250,1082653120700,0.0000,0.3320
606.8000,183.0990,0.6290,1082669664700,0.0000,0.3320
606.5000,184.2660,0.6330,1082670001300,0.0000,0.3320
605.9000,185.8720,0.6370,1082670195200,0.0000,0.3320
605.0860,187.3680,0.6400,1082685958500,0.0000,0.3320
604.3140,188.8640,0.6430,1082686021499,0.0000,0.3320
603.4140,190.4320,0.6460,1082686025799,0.0000,0.3320
602.0860,191.9280,0.6480,1082686028099,0.0000,0.3320
600.5000,193.4240,0.6480,1082702065400,0.0000,0.3320
599.0860,194.8470,0.6430,1082702140599,0.0000,0.3320
597.5000,196.3430,0.6340,1082718081900,0.0000,0.3320
595.7860,197.6930,0.6200,1082718131400,0.0000,0.3320
594.0710,198.8970,0.6020,1082718135000,0.0000,0.3320
592.4000,199.9550,0.5790,1082718137099,0.0000,0.3320
591.0710,200.8310,0.5520,1082718139200,0.0000,0.3320
590.0860,201.4510,0.5320,1082735049200,0.0000,0.3320
589.3570,201.8160,0.4430,1082735128500,0.0000,0.3320
588.7570,201.9620,0.3690,1082751074100,0.0000,0.3320
588.2860,201.9620,0.3080,1082751135100,0.0000,0.3320
632.6430,179.8510,0.0250,1082868282299,0.0000,0.2970
633.2430,179.7780,0.0600,1082884004999,0.0000,0.2970
633.7570,179.7050,0.0980,1082884043800,0.0000,0.2970
634.1860,179.7050,0.1370,1082900123200,0.0000,0.2970
634.5710,179.7050,0.1750,1082900161500,0.0000,0.2970
634.9570,179.7050,0.2100,1082900162900,0.0000,0.2970
635.4710,179.7050,0.2750,1082900164400,0.0000,0.2970
635.6430,179.8510,0.3040,1082916148200,0.0000,0.2970
635.9860,180.0700,0.3530,1082933094300,0.0000,0.2970
636.1570,180.2530,0.3740,1082933264400,0.0000,0.2970
636.2860,180.4720,0.3920,1082933292400,0.0000,0.2970
636.3710,180.8360,0.4140,1082933296100,0.0000,0.2970
636.4570,181.0550,0.4160,1082950078600,0.0000,0.2970
636.5430,181.3470,0.3740,1082967058600,0.0000,0.2970
636.5860,181.6030,0.3120,1082967096500,0.0000,0.2970
553.3140,116.1090,0.2060,1083233347000,0.2280,0.2970
553.2290,115.4890,0.3160,1083233388100,0.2450,0.3140
553.1000,114.9050,0.3750,1083249282000,0.2460,0.3320
552.9290,114.4680,0.4050,1083249319200,0.2460,0.3320
552.8860,113.9930,0.4220,1083249321800,0.2460,0.3320
552.8000,113.6280,0.4310,1083249323199,0.2460,0.3320
552.7140,113.3370,0.4360,1083249324700,0.2460,0.3320
552.6290,113.0450,0.4410,1083265377500,0.2460,0.3320
552.5000,112.6430,0.4490,1083281460400,0.2460,0.3320
552.2860,113.7740,0.4790,1083314534800,0.2460,0.3320
552.2860,114.5410,0.4860,1083314571400,0.2460,0.3320
552.2860,115.7450,0.4930,1083314572800,0.2460,0.3320
552.2860,117.1680,0.5000,1083314573700,0.2460,0.3500
552.2860,119.3200,0.5080,1083330517200,0.2460,0.3500
552.3280,121.5820,0.5150,1083330544100,0.2460,0.3500
552.4140,123.8810,0.5210,1083346576900,0.2460,0.3500
552.3280,126.4350,0.5280,1083346601100,0.2460,0.3500
552.4140,129.2080,0.5360,1083346603799,0.2460,0.3500
552.4140,132.1270,0.5430,1083346605300,0.2460,0.3500
552.5000,135.0460,0.5510,1083362607300,0.2460,0.3500
552.5000,138.2200,0.5580,1083362632600,0.2460,0.3500
552.5860,141.3580,0.5640,1083362634000,0.2460,0.3500
552.5860,144.4960,0.5710,1083362634900,0.2460,0.3500
552.6290,150.1880,0.5770,1083378720500,0.2460,0.3500
552.7140,154.2380,0.5830,1083378742500,0.2460,0.3500
552.7140,157.4490,0.5880,1083395701500,0.2460,0.3500
552.7140,160.0760,0.5940,1083395745000,0.2460,0.3500
552.8860,163.0680,0.5990,1083395749600,0.2460,0.3500
552.8860,165.8410,0.6040,1083395751000,0.2460,0.3500
552.8860,168.6860,0.6090,1083395753800,0.2460,0.3500
552.9290,171.5320,0.6140,1083411799499,0.2460,0.3320
552.8860,174.3780,0.6180,1083411821500,0.2450,0.3140
552.8000,177.2240,0.6230,1083427841400,0.2450,0.2980
552.5860,179.9240,0.6270,1083427865000,0.2450,0.2980
552.3280,182.4780,0.6300,1083427866499,0.2450,0.2980
551.9860,184.9590,0.6340,1083427867299,0.2450,0.2980
551.5140,187.3680,0.6380,1083444838299,0.2450,0.2980
550.9140,189.4470,0.6420,1083444858200,0.2450,0.2980
550.2290,191.4910,0.6460,1083444860800,0.2450,0.2980
549.3290,193.3510,0.6500,1083461813299,0.2450,0.2980
548.3860,194.9930,0.6530,1083461837399,0.2450,0.2980
547.0140,196.5620,0.6570,1083461838900,0.2450,0.2980
545.7290,197.9120,0.6600,1083461839800,0.2450,0.2980
544.4000,199.1160,0.6630,1083478888800,0.2450,0.2980
542.8140,200.1740,0.6660,1083478958200,0.2450,0.2980
540.9710,200.8310,0.6690,1083478966899,0.2450,0.2980
539.3000,201.5240,0.6710,1083478970700,0.2450,0.2980
537.3710,201.8160,0.6740,1083495022600,0.2450,0.2980
535.7000,201.8890,0.6770,1083495100200,0.2450,0.2980
534.2860,201.7430,0.6800,1083495106500,0.2450,0.2980
532.3570,201.3050,0.6830,1083511892199,0.2450,0.2980
530.3860,200.4660,0.6860,1083511956900,0.2450,0.2980
528.6710,199.2620,0.6880,1083511963700,0.2450,0.2980
525.3710,196.8540,0.6890,1083511967599,0.2450,0.2980
523.3570,194.6280,0.6840,1083527899200,0.2450,0.2980
521.7710,192.5850,0.6740,1083527984200,0.2450,0.2980
519.6710,189.0090,0.6570,1083527991200,0.2450,0.2980
518.1720,186.0180,0.6330,1083544794200,0.2450,0.2980
516.9710,183.3910,0.6170,1083544883800,0.2450,0.2980
516.3290,180.9090,0.5860,1083544891400,0.2450,0.2980
514.9570,176.5680,0.4880,1083544895000,0.2450,0.2980
513.9710,173.2840,0.4070,1083560846800,0.2450,0.2980
513.3710,170.6570,0.3390,1083560907200,0.2450,0.2980
467.6430,146.6850,0.0160,1083915975899,0.2800,0.3320
467.8570,146.3570,0.0470,1083932043200,0.2800,0.3320
468.2430,145.9920,0.0840,1083932082600,0.2800,0.3320
468.4570,145.7000,0.1230,1083932084300,0.2800,0.3320
468.6710,145.5540,0.1610,1083948159000,0.2800,0.3320
468.8430,145.3350,0.1980,1083948197400,0.2800,0.3320
468.9710,145.1890,0.2330,1083948198900,0.2800,0.3320
469.1860,144.8610,0.2980,1083965115000,0.2800,0.3320
469.3570,144.7150,0.3280,1083965149400,0.2800,0.3320
469.4860,144.4960,0.3800,1083965151700,0.2800,0.3320
469.7430,144.2770,0.4250,1083982113100,0.2800,0.3320
469.9570,144.1310,0.4780,1083998425900,0.2800,0.3320
470.0860,144.7150,0.5270,1084015272400,0.2800,0.3320
470.0860,145.1160,0.5370,1084031570899,0.2800,0.3320
470.0860,145.6270,0.5450,1084031645100,0.2800,0.3320
470.0860,146.2840,0.5540,1084031649100,0.2800,0.3320
470.0860,147.0500,0.5610,1084031651600,0.2800,0.3320
470.0430,148.2540,0.5680,1084031658599,0.2800,0.3320
469.9570,149.5310,0.5740,1084048503700,0.2800,0.3320
469.7430,151.6840,0.5800,1084048579400,0.2800,0.3320
469.4860,153.9460,0.5860,1084064569899,0.2800,0.3320
469.0570,156.3540,0.5920,1084064648900,0.2800,0.3320
468.8860,158.7260,0.5970,1084064655100,0.2800,0.3320
468.5430,161.1340,0.6030,1084064658600,0.2800,0.3320
468.1570,163.5420,0.6080,1084081435099,0.2800,0.3320
467.7710,165.7680,0.6120,1084081481300,0.2800,0.3320
467.3860,167.9570,0.6160,1084081486300,0.2800,0.3320
467.0430,170.0360,0.6190,1084081488800,0.2800,0.3320
466.5710,171.9340,0.6230,1084097485999,0.2800,0.3320
466.1860,173.2840,0.6260,1084097540300,0.2800,0.3320
465.8860,174.4510,0.6290,1084097542799,0.2810,0.3150
465.4570,175.5820,0.6320,1084113529600,0.2810,0.3150
465.2430,176.4950,0.6340,1084113595399,0.2810,0.3150
464.9430,177.2970,0.6370,1084113599200,0.2810,0.3150
464.5570,178.0640,0.6400,1084113601800,0.2810,0.3150
464.1720,178.6470,0.6420,1084113626600,0.2810,0.3150
463.8710,179.1950,0.6440,1084129576200,0.2810,0.3150
463.5710,179.5600,0.6470,1084129609500,0.2810,0.3150
463.1430,179.8510,0.6490,1084146505700,0.2810,0.3150
462.7570,180.1800,0.6510,1084146540400,0.2810,0.3150
462.3280,180.3990,0.6530,1084146542799,0.2810,0.3150
461.7710,180.4720,0.6540,1084146544700,0.2630,0.3150
461.2570,180.4720,0.6540,1084163549700,0.2630,0.3150
460.6570,180.3990,0.6540,1084163584400,0.2630,0.3150
460.1430,180.2530,0.6530,1084163586899,0.2630,0.3150
459.4570,179.9970,0.6500,1084179594600,0.2630,0.3150
458.7290,179.4870,0.6450,1084179636200,0.2630,0.3150
458.0430,178.9030,0.6410,1084179640300,0.2630,0.3150
457.2290,178.2090,0.6350,1084179642600,0.2630,0.3150
456.1570,177.0780,0.6300,1084195768099,0.2630,0.3150
455.1290,175.8740,0.6250,1084195805099,0.2630,0.3150
454.3570,174.9260,0.6200,1084211810200,0.2630,0.3150
453.7570,174.0130,0.6160,1084211844700,0.2630,0.3150
453.2430,173.2110,0.6120,1084211847200,0.2630,0.3150
452.8140,172.3720,0.6090,1084211848800,0.2630,0.3150
452.2570,171.6050,0.6060,1084227853700,0.2630,0.3150
451.9140,170.8760,0.6040,1084227912699,0.2630,0.3150
451.6140,170.2550,0.6010,1084227916800,0.2630,0.3150
451.3140,169.6720,0.5990,1084227919600,0.2630,0.3150
451.0570,169.2340,0.5980,1084227938300,0.2630,0.3150
450.9290,168.8320,0.5960,1084244234999,0.2630,0.3150
450.7140,168.4680,0.5950,1084244289100,0.2630,0.3150
450.5430,168.1760,0.5940,1084261109300,0.2630,0.3150
450.4570,167.9570,0.5930,1084261147100,0.2630,0.3150
450.1570,167.4820,0.5930,1084261150699,0.2630,0.3150
449.8570,167.1910,0.5920,1084277323300,0.2630,0.3150
449.5570,167.2640,0.5930,1084294373400,0.2630,0.3150
449.2570,167.6650,0.5950,1084294426700,0.2630,0.3150
448.9570,168.0300,0.5950,1084311333100,0.2630,0.3150
448.6570,168.4680,0.5960,1084311381400,0.2630,0.3150
448.4430,169.0150,0.5970,1084311385499,0.2630,0.3150
448.1430,169.5260,0.5970,1084311388000,0.2630,0.3150
447.8000,170.1820,0.5980,1084311391400,0.2630,0.3150
447.3280,170.8760,0.5990,1084328319100,0.2630,0.3150
446.9000,171.6050,0.6000,1084328372200,0.2630,0.3150
446.3430,172.3720,0.6000,1084344428200,0.2630,0.3150
445.9140,173.0280,0.6010,1084344489700,0.2630,0.3150
445.4430,173.6490,0.6020,1084344493600,0.2630,0.3150
444.9290,174.2320,0.6030,1084344495999,0.2630,0.3150
444.4140,174.8530,0.6040,1084361464700,0.2630,0.3150
443.9000,175.2910,0.6050,1084361548899,0.2630,0.3150
443.5140,175.6550,0.6060,1084378356799,0.2630,0.3150
443.1290,176.0570,0.6080,1084378429700,0.2630,0.3150
442.7000,176.4220,0.6090,1084378436100,0.2630,0.3150
442.2290,176.7140,0.6100,1084378439900,0.2630,0.3150
441.8000,176.8590,0.6110,1084394468300,0.2630,0.3150
441.3290,177.0780,0.6120,1084394540999,0.2630,0.3150
440.9000,177.2240,0.6130,1084394545200,0.2630,0.3150
440.4290,177.2970,0.6140,1084394547899,0.2630,0.3150
440.0860,177.2970,0.6140,1084394550100,0.2630,0.3150
439.7000,177.2970,0.6130,1084411335900,0.2630,0.3150
439.1860,177.2240,0.6110,1084411413200,0.2630,0.3150
438.7140,177.0050,0.6100,1084427447100,0.2630,0.3150
438.2860,176.7860,0.6070,1084427520199,0.2630,0.3150
437.8140,176.4950,0.6050,1084427524000,0.2630,0.3150
437.4290,176.1300,0.6030,1084427528300,0.2630,0.3150
437.0000,175.6550,0.6010,1084427530600,0.2630,0.3150
436.6140,175.4360,0.5990,1084443536100,0.2630,0.3150
436.2290,175.0720,0.5970,1084443728900,0.2630,0.3150
435.8860,174.7070,0.5960,1084459562700,0.2630,0.3150
435.5000,174.3780,0.5950,1084459703499,0.2630,0.3150
435.2000,174.0860,0.5940,1084459720300,0.2630,0.3150
434.9000,173.7950,0.5940,1084459727200,0.2630,0.3150
434.6000,173.5760,0.5940,1084475616200,0.2630,0.3150
434.3000,173.2840,0.5940,1084475689700,0.2630,0.3150
434.0860,173.2110,0.5940,1084475693800,0.2630,0.3150
433.5290,172.9550,0.5940,1084491674400,0.2630,0.3150
433.3140,172.8820,0.5940,1084491761499,0.2630,0.3150
432.7140,172.9550,0.5940,1084508758500,0.2630,0.3150
432.2860,173.1010,0.5940,1084508833599,0.2630,0.3150
431.8140,173.2840,0.5940,1084525063500,0.2630,0.3150
431.3000,173.5760,0.5940,1084525138300,0.2630,0.3150
430.7000,173.8680,0.5950,1084525144799,0.2630,0.3150
430.1000,174.3050,0.5950,1084525148700,0.2630,0.3150
429.4140,174.8530,0.5960,1084525152500,0.2630,0.3150
428.6000,175.4360,0.5970,1084541890900,0.2630,0.3150
427.8710,176.0570,0.5980,1084541957200,0.2630,0.3150
427.0140,176.6410,0.6000,1084541964100,0.2630,0.3150
425.7710,177.5530,0.6010,1084557959300,0.2630,0.3150
424.7000,178.3550,0.6030,1084558032599,0.2630,0.3150
423.7570,178.9760,0.6060,1084558038800,0.2810,0.3150
422.8570,179.5600,0.6090,1084575039099,0.2810,0.3150
421.8710,180.0700,0.6120,1084575113700,0.2810,0.3150
420.9710,180.6180,0.6160,1084575118000,0.2810,0.3150
419.9000,181.0550,0.6200,1084575120499,0.2810,0.3150
419.0860,181.4200,0.6240,1084575122700,0.2810,0.3150
418.1860,181.8220,0.6290,1084591974600,0.2810,0.3150
417.4570,181.9680,0.6350,1084592054799,0.2810,0.3150
416.6860,182.1130,0.6420,1084608980199,0.2810,0.3150
416.0430,182.1130,0.6500,1084609091000,0.2810,0.3150
415.3570,182.1130,0.6580,1084609101200,0.2980,0.3150
414.6710,181.9680,0.6660,1084609106700,0.2980,0.3150
413.7710,181.6760,0.6740,1084609110400,0.2980,0.3150
412.7860,181.2740,0.6810,1084625977500,0.2980,0.3150
412.0570,180.7630,0.6890,1084642011100,0.2980,0.3150
411.2430,179.9970,0.6960,1084642095800,0.2980,0.3150
410.1710,178.9030,0.7030,1084642100699,0.2980,0.3150
409.1430,177.6260,0.7100,1084642102900,0.2980,0.3150
408.2430,176.1300,0.7160,1084642105200,0.2980,0.3150
407.3430,174.3780,0.7220,1084658901600,0.2980,0.3150
406.4430,172.5180,0.7270,1084658981200,0.2980,0.3150
405.5430,170.3650,0.7320,1084658988299,0.2980,0.3150
404.8570,168.0300,0.7360,1084658992200,0.2980,0.3150
403.6570,163.6150,0.7400,1084675075500,0.2980,0.3150
402.8430,160.0030,0.7430,1084675152100,0.2980,0.3150
402.2430,156.8650,0.7450,1084675158300,0.2980,0.3150
401.5570,151.9030,0.7460,1084691094400,0.2980,0.3150
401.0430,148.0350,0.7460,1084691170300,0.2980,0.3320
400.6570,144.7880,0.7440,1084691176800,0.2980,0.3320
400.4430,141.8690,0.7400,1084691180500,0.2980,0.3320
400.1430,139.0230,0.7360,1084707325800,0.2980,0.3320
400.0140,136.2500,0.7320,1084707400400,0.2980,0.3320
399.7570,133.6960,0.7280,1084724206700,0.2980,0.3320
399.7140,131.5430,0.7230,1084724283100,0.2980,0.3320
399.5430,129.9010,0.7160,1084724289600,0.2980,0.3320
399.5430,128.6240,0.7060,1084724293300,0.2980,0.3320
399.5430,127.6390,0.6940,1084724297100,0.2980,0.3320
399.5430,126.9090,0.6780,1084740234000,0.2980,0.3320
399.5430,126.3620,0.6600,1084740297500,0.2980,0.3320
399.7140,126.0700,0.6380,1084756551799,0.2980,0.3320
400.2290,127.2010,0.4690,1084756627499,0.2980,0.3320
400.4430,128.2230,0.3910,1084772587500,0.2980,0.3320
400.6570,129.4270,0.3250,1084772651600,0.2980,0.3320
365.7710,164.1260,0.2230,1085041078900,0.2280,0.2800
365.9860,163.8340,0.3360,1085056932400,0.2450,0.2980
366.2000,163.5420,0.4190,1085056977799,0.2450,0.2980
366.4570,163.2860,0.4340,1085072948000,0.2450,0.2980
366.5860,162.9950,0.4400,1085089044800,0.2450,0.2980
366.7570,162.8490,0.4470,1085089095300,0.2450,0.2980
366.9710,162.6300,0.4600,1085105088999,0.2450,0.2980
367.1000,162.4110,0.4790,1085121417600,0.2450,0.2980
367.4860,162.7760,0.5080,1085154518500,0.2450,0.2980
367.6570,163.1410,0.5170,1085171720999,0.2450,0.2980
367.7000,163.3960,0.5210,1085172008000,0.2450,0.2980
367.7860,163.6150,0.5240,1085172139400,0.2450,0.2980
367.9140,163.8340,0.5280,1085172161100,0.2450,0.2980
368.0000,164.1260,0.5310,1085188372700,0.2450,0.2980
368.0860,164.4910,0.5340,1085188464099,0.2450,0.2980
368.1710,164.8190,0.5380,1085188473900,0.2450,0.2980
368.2140,165.1110,0.5410,1085204997900,0.2450,0.2980
368.3860,165.6220,0.5450,1085205075300,0.2450,0.2980
368.3860,166.0590,0.5480,1085205080900,0.2450,0.2980
368.5140,166.5340,0.5520,1085205084799,0.2450,0.2980
368.5140,166.8990,0.5560,1085220896200,0.2450,0.2980
368.5140,167.2640,0.5590,1085220987400,0.2450,0.2980
368.3860,167.6650,0.5630,1085220994200,0.2450,0.2980
368.3860,168.1760,0.5670,1085220998600,0.2450,0.2980
368.1710,168.6860,0.5710,1085237184800,0.2450,0.2980
367.9140,169.1610,0.5750,1085237276900,0.2450,0.2980
367.7000,169.6720,0.5790,1085254165300,0.2450,0.2980
367.2710,170.1090,0.5830,1085254254499,0.2450,0.2980
366.6710,170.8030,0.5860,1085254263200,0.2450,0.2980
365.9860,171.3860,0.5900,1085254269200,0.2450,0.2980
365.2570,171.9340,0.5930,1085254274700,0.2450,0.2980
364.3570,172.5180,0.5970,1085271157899,0.2450,0.2980
362.9000,173.2840,0.6000,1085271211400,0.2450,0.2980
361.6570,173.9410,0.6030,1085288366300,0.2450,0.2980
360.5000,174.3780,0.6060,1085288481099,0.2450,0.2980
359.0430,174.9990,0.6090,1085288499600,0.2450,0.2980
357.5860,175.4360,0.6120,1085288512000,0.2450,0.2980
356.3860,175.8010,0.6140,1085288527800,0.2450,0.2980
355.2710,176.1300,0.6160,1085305273100,0.2450,0.2980
354.2430,176.4220,0.6160,1085305634300,0.2450,0.2980
353.0860,176.7140,0.6130,1085322104099,0.2450,0.2980
352.0570,177.0050,0.6060,1085322174500,0.2450,0.2980
351.0290,177.2240,0.5970,1085322179700,0.2450,0.2980
350.0430,177.4070,0.5830,1085322184100,0.2450,0.2980
349.0570,177.6260,0.5630,1085339121700,0.2450,0.2980
348.2430,177.6990,0.5350,1085339181399,0.2450,0.2980
347.4710,177.7720,0.5110,1085339185200,0.2450,0.2980
346.9570,177.6990,0.4260,1085339187999,0.2630,0.2970
346.4430,177.6260,0.3550,1085339190299,0.2800,0.2970
345.9710,177.4070,0.2960,1085356094499,0.2800,0.2970
356.0860,148.9840,0.0140,1085524265600,0.2460,0.3320
356.3430,148.8380,0.0420,1085524281300,0.2460,0.3320
356.5570,148.6920,0.0750,1085524283700,0.2460,0.3320
356.9430,148.4000,0.1100,1085540212500,0.2460,0.3320
357.3710,148.1080,0.1450,1085540247299,0.2460,0.3320
357.6710,147.9620,0.1780,1085556570799,0.2460,0.3320
358.1860,147.6340,0.2090,1085556611600,0.2460,0.3320
358.6570,147.4150,0.2370,1085556613100,0.2460,0.3320
359.2570,147.1230,0.2630,1085556614099,0.2460,0.3320
359.7710,146.8310,0.2870,1085572652200,0.2460,0.3320
360.5860,146.4300,0.3090,1085572681800,0.2460,0.3320
361.1860,146.1380,0.3280,1085572683200,0.2460,0.3320
361.8710,145.7000,0.3430,1085572684000,0.2460,0.3320
362.3860,145.5540,0.3550,1085588743600,0.2460,0.3320
362.8570,145.2620,0.3630,1085588768099,0.2460,0.3320
363.3710,145.0070,0.3660,1085588769700,0.2460,0.3320
363.7570,144.7880,0.3610,1085604831299,0.2460,0.3320
364.1860,144.4960,0.3420,1085604896900,0.2460,0.3320
364.4860,144.4230,0.2850,1085604900900,0.2460,0.3320
364.7000,144.2770,0.2370,1085604902600,0.2460,0.3320
364.8710,144.2040,0.1980,1085620912400,0.2460,0.3320
352.2710,170.7300,0.0010,1085804595300,0.2460,0.3320
352.0570,170.8760,0.0230,1085820458100,0.2460,0.3320
351.7570,171.0950,0.0550,1085820611100,0.2460,0.3320
351.5430,171.1680,0.0900,1085837442999,0.2460,0.3320
351.3290,171.3130,0.1260,1085837480599,0.2460,0.3320
350.9430,171.4590,0.1940,1085837482700,0.2460,0.3320
350.7290,171.5320,0.2250,1085837483800,0.2460,0.3320
350.2570,171.6050,0.2820,1085854330200,0.2460,0.3320
349.8710,171.6050,0.3300,1085854378600,0.2460,0.3320
349.3570,171.4590,0.3700,1085870678300,0.2460,0.3320
348.9290,171.3130,0.4030,1085886606100,0.2460,0.3320
348.6290,171.1680,0.4170,1085886664800,0.2460,0.3320
348.3710,171.0220,0.4300,1085886667900,0.2620,0.3320
348.0290,170.7300,0.4420,1085886670400,0.2620,0.3320
347.6430,170.5110,0.4520,1085902805100,0.2800,0.3320
347.3430,170.1820,0.4610,1085902864400,0.2800,0.3320
346.9570,169.8910,0.4670,1085918938800,0.2800,0.3320
346.6570,169.5260,0.4730,1085918988899,0.2800,0.3320
346.3570,169.2340,0.4770,1085919032600,0.2800,0.3320
346.0570,168.9050,0.4800,1085919043100,0.2800,0.3320
345.6710,168.6130,0.4820,1085935903300,0.2800,0.3320
345.5430,168.3220,0.4840,1085935937900,0.2800,0.3320
345.3710,168.0300,0.4850,1085935939600,0.2800,0.3320
345.1570,167.8840,0.4850,1085935940300,0.2800,0.3320
345.0290,167.6650,0.4840,1085935941000,0.2800,0.3320
344.7710,167.2640,0.4810,1085952922700,0.2800,0.3320
344.5570,167.0450,0.4770,1085968850600,0.2800,0.3320
344.3430,166.8990,0.4740,1085968888200,0.2800,0.3320
343.8710,167.1910,0.4700,1086000905800,0.2800,0.3320
343.6570,167.5920,0.4690,1086000935000,0.2800,0.3320
343.5710,167.8840,0.4690,1086000936200,0.2800,0.3320
343.4430,168.1030,0.4690,1086016967600,0.2800,0.3320
343.2290,168.3950,0.4690,1086016996600,0.2800,0.3320
343.1430,168.8320,0.4700,1086016998000,0.2800,0.3320
342.9290,169.3070,0.4710,1086034006899,0.2800,0.3320
342.7140,169.6720,0.4720,1086034043500,0.2800,0.3320
342.4570,170.1820,0.4740,1086034045299,0.2800,0.3320
342.1570,170.6570,0.4760,1086034046000,0.2800,0.3320
341.9430,171.0950,0.4780,1086050052200,0.2800,0.3320
341.6430,171.4590,0.4800,1086050084000,0.2800,0.3320
341.3430,171.9340,0.4830,1086067001500,0.2800,0.3320
341.0430,172.2990,0.4850,1086067037900,0.2800,0.3320
340.6570,172.6640,0.4880,1086067041800,0.2800,0.3320
340.3570,172.9550,0.4910,1086067044500,0.2800,0.3320
340.0140,173.2840,0.4930,1086067046800,0.2800,0.3320
339.6290,173.5760,0.4970,1086083476699,0.2800,0.3320
339.2430,173.7950,0.5000,1086083533300,0.2800,0.3320
338.8570,173.9410,0.5030,1086083535900,0.2800,0.3320
338.5140,174.0860,0.5060,1086083538800,0.2800,0.3320
338.2570,174.1590,0.5100,1086100442300,0.2800,0.3320
337.9570,174.2320,0.5130,1086100502100,0.2800,0.3320
337.6570,174.2320,0.5160,1086116748100,0.2800,0.3320
337.0140,174.0860,0.5210,1086116807700,0.2800,0.3320
336.4570,174.0130,0.5230,1086116810600,0.2980,0.3320
335.9430,173.7950,0.5240,1086133644300,0.2980,0.3320
335.4290,173.6490,0.5250,1086133703100,0.2980,0.3320
334.8290,173.4300,0.5260,1086133708200,0.2980,0.3320
334.4000,173.2110,0.5270,1086149882799,0.2980,0.3320
333.8430,172.9550,0.5280,1086149941899,0.2980,0.3320
333.4140,172.7360,0.5290,1086149944500,0.2980,0.3320
332.9430,172.5180,0.5290,1086149946100,0.2980,0.3320
332.6000,172.3720,0.5290,1086166823600,0.2980,0.3320
332.2140,172.2260,0.5290,1086166882199,0.2980,0.3320
331.9140,172.0800,0.5290,1086166886400,0.2980,0.3320
331.6140,171.9340,0.5290,1086166889099,0.2980,0.3320
331.3140,171.8610,0.5290,1086183048800,0.2980,0.3320
331.0140,171.6780,0.5280,1086183110200,0.2980,0.3320
330.6290,171.6050,0.5270,1086199236299,0.2980,0.3320
330.2000,171.6780,0.5250,1086215809399,0.2980,0.3320
329.9430,171.9340,0.5250,1086215867500,0.2980,0.3320
329.7290,172.0800,0.5250,1086215871700,0.2980,0.3320
329.4290,172.3720,0.5250,1086231835699,0.2980,0.3320
329.2140,172.5910,0.5260,1086248332200,0.2980,0.3320
328.9140,172.8820,0.5260,1086248390600,0.2980,0.3320
328.6140,173.2110,0.5270,1086248393200,0.2980,0.3320
328.3140,173.5760,0.5280,1086248394900,0.2460,0.3320
327.9290,173.9410,0.5300,1086248396400,0.2620,0.3320
327.5430,174.3050,0.5310,1086265265900,0.2800,0.3320
327.1140,174.7070,0.5330,1086265323400,0.2980,0.3320
326.4290,175.2910,0.5350,1086281327800,0.2980,0.3320
325.8290,175.6550,0.5370,1086281384899,0.2980,0.3320
325.1860,176.2030,0.5390,1086281387400,0.2980,0.3320
324.4140,176.6410,0.5420,1086281389300,0.2800,0.3320
323.6860,177.0780,0.5440,1086298216299,0.2800,0.3320
322.8290,177.5530,0.5470,1086298266700,0.2800,0.3320
322.0140,177.9180,0.5490,1086298270800,0.2800,0.3320
321.0290,178.3550,0.5520,1086314371799,0.2800,0.3320
320.1290,178.7200,0.5550,1086314439900,0.2800,0.3320
319.1000,179.0490,0.5570,1086314444200,0.2800,0.3320
318.0710,179.4140,0.5600,1086314447199,0.2800,0.3320
317.0860,179.7780,0.5640,1086330498100,0.2800,0.3320
315.8860,180.0700,0.5670,1086330564000,0.2800,0.3320
314.7710,180.4720,0.5710,1086330568400,0.2800,0.3320
313.0140,180.9090,0.5750,1086346586299,0.2800,0.3320
311.2570,181.3470,0.5790,1086346644700,0.2800,0.3320
309.5000,181.8220,0.5830,1086346648900,0.2800,0.3320
307.7860,182.2590,0.5880,1086362791000,0.2800,0.3320
306.2860,182.6240,0.5920,1086362850700,0.2800,0.3320
304.9570,182.8430,0.5970,1086362853600,0.2800,0.3320
303.8000,183.2450,0.6010,1086362855200,0.2800,0.3320
302.6860,183.4640,0.6060,1086362856799,0.2800,0.3320
301.5710,183.6820,0.6110,1086378906900,0.2800,0.3320
300.5860,183.9010,0.6170,1086378953200,0.2800,0.3320
299.6430,184.0470,0.6220,1086394844800,0.2800,0.3320
298.7860,184.2660,0.6270,1086394888300,0.2800,0.3320
298.1430,184.4490,0.6330,1086394890800,0.2800,0.3320
297.5430,184.5220,0.6390,1086394892300,0.2800,0.3320
296.9430,184.5950,0.6450,1086411002800,0.2800,0.3320
296.3860,184.6680,0.6500,1086411066400,0.2800,0.3320
295.9570,184.7410,0.6560,1086426990200,0.2800,0.3320
295.4860,184.7410,0.6610,1086427044000,0.2800,0.3320
295.1430,184.7410,0.6670,1086427048200,0.2800,0.3320
294.8430,184.7410,0.6710,1086427050400,0.2800,0.3320
294.2430,184.7410,0.6800,1086443237499,0.2800,0.3320
293.9430,184.6680,0.6840,1086443292300,0.2800,0.3320
293.4290,184.5950,0.6910,1086459364500,0.2800,0.3320
293.1290,184.5220,0.6950,1086459424100,0.2800,0.3320
292.8290,184.4490,0.6970,1086459427900,0.2800,0.3320
292.3570,184.1930,0.7020,1086475584300,0.2800,0.3320
292.1430,184.0470,0.7050,1086475640299,0.2800,0.3320
291.8430,183.9740,0.7070,1086475642599,0.2800,0.3320
291.6290,183.8280,0.7080,1086475644200,0.2800,0.3320
291.0710,183.4640,0.7110,1086492463300,0.2800,0.3320
290.7290,183.1720,0.7120,1086508617900,0.2800,0.3320
290.4290,182.8430,0.7140,1086508676400,0.2800,0.3320
290.1290,182.5510,0.7150,1086508680500,0.2800,0.3320
289.8290,182.1860,0.7160,1086508682900,0.2800,0.3320
289.5290,181.8220,0.7170,1086524887000,0.2800,0.3320
289.2290,181.4200,0.7180,1086524970500,0.2800,0.3320
288.9710,181.0550,0.7190,1086524975099,0.2800,0.3320
288.6710,180.6900,0.7210,1086540941300,0.2800,0.3320
288.3710,180.3990,0.7220,1086540984100,0.2800,0.3320
288.0710,180.0700,0.7240,1086540987000,0.2800,0.3320
287.8570,179.7050,0.7250,1086540988799,0.2800,0.3320
287.6430,179.4140,0.7270,1086557189100,0.2800,0.3320
287.4290,179.1950,0.7280,1086557250399,0.2800,0.3320
287.2570,178.9760,0.7290,1086557253100,0.2800,0.3320
287.0430,178.7200,0.7300,1086557254900,0.2800,0.3320
286.9140,178.5010,0.7310,1086574095400,0.2800,0.3320
286.6570,178.2090,0.7320,1086574156899,0.2800,0.3320
286.3570,177.9180,0.7330,1086590212300,0.2800,0.3320
286.2290,177.7720,0.7340,1086590257500,0.2800,0.3320
286.0140,177.4800,0.7340,1086606323900,0.2800,0.3320
285.7570,177.1510,0.7350,1086622465400,0.2800,0.3320
285.6290,176.8590,0.7360,1086622512200,0.2800,0.3320
285.4570,176.6410,0.7370,1086638629200,0.2800,0.3320
285.3290,176.2760,0.7380,1086638712900,0.2800,0.3320
285.2430,176.0570,0.7380,1086654767199,0.2800,0.3320
285.1140,175.6550,0.7390,1086654864600,0.2800,0.3320
284.9430,174.9260,0.7410,1086654875300,0.2800,0.3320
284.8570,174.3050,0.7430,1086670946000,0.2800,0.3320
284.7290,173.5760,0.7440,1086671165499,0.2800,0.3320
284.6430,172.8090,0.7460,1086671179300,0.2800,0.3320
284.5140,171.6780,0.7480,1086671186500,0.2800,0.3320
284.5140,170.4380,0.7490,1086686993600,0.2800,0.3320
284.4290,169.0150,0.7510,1086687080400,0.2800,0.3320
284.3430,166.8990,0.7520,1086703036200,0.2800,0.3320
284.2570,164.5640,0.7530,1086703174199,0.2800,0.3320
284.1290,162.1190,0.7540,1086703209999,0.2800,0.3320
284.0430,159.4920,0.7550,1086703215199,0.2800,0.3320
283.9570,156.8650,0.7560,1086703223100,0.2800,0.3320
283.8290,154.0190,0.7570,1086719043600,0.2800,0.3320
283.6140,151.2460,0.7580,1086719122400,0.2800,0.3320
283.3140,148.5460,0.7590,1086735023199,0.2800,0.3320
283.0140,145.8460,0.7590,1086735089400,0.2800,0.3320
282.6290,143.2190,0.7600,1086735093000,0.2800,0.3320
282.1140,140.5190,0.7600,1086735095600,0.2980,0.3320
281.5140,137.9650,0.7600,1086751936599,0.2980,0.3320
280.7430,135.5200,0.7610,1086752022800,0.2980,0.3320
279.9290,133.1850,0.7610,1086767973900,0.2980,0.3320
279.0290,130.9230,0.7610,1086768026499,0.2980,0.3320
278.2140,128.9160,0.7620,1086768030400,0.2980,0.3320
277.3140,126.9090,0.7620,1086768032700,0.2980,0.3320
276.5000,125.2310,0.7620,1086768034700,0.2980,0.3320
275.8140,123.7350,0.7620,1086784037200,0.2980,0.3320
275.3000,122.6040,0.7620,1086784111600,0.2980,0.3320
274.8290,121.7280,0.7610,1086784118600,0.2980,0.3320
274.4430,121.0350,0.7600,1086801013600,0.2980,0.3320
274.1430,120.4510,0.7570,1086801101900,0.2980,0.3320
273.9290,120.0140,0.7540,1086801107700,0.2980,0.3320
273.7140,119.5390,0.7490,1086817972300,0.2980,0.3320
273.5430,119.1740,0.7410,1086818054099,0.2980,0.3320
273.5000,118.8820,0.7300,1086818059200,0.2980,0.3320
273.3290,118.6640,0.7170,1086818062600,0.2980,0.3320
273.5000,118.2620,0.6600,1086834147600,0.2980,0.3320
273.9290,118.3350,0.6130,1086850291700,0.2980,0.3320
274.7000,118.8090,0.4250,1086850365100,0.2980,0.3320
275.3430,119.2470,0.3540,1086867163700,0.2980,0.3320
323.3000,201.3780,0.0290,1087083528599,0.3330,0.2450
323.5140,201.5240,0.0650,1087083566500,0.3330,0.2450
323.9000,201.6700,0.1460,1087099319299,0.3330,0.2450
324.0290,201.7430,0.1850,1087099364800,0.3330,0.2450
324.3290,201.8160,0.2220,1087099367100,0.3330,0.2450
324.5000,201.9620,0.2560,1087116375699,0.3330,0.2450
324.9290,202.1810,0.3160,1087116414099,0.3330,0.2450
325.1860,202.3270,0.3420,1087116416000,0.2630,0.2450
325.2290,202.5460,0.3650,1087132458500,0.2810,0.2450
325.5290,202.8010,0.3850,1087132493900,0.2980,0.2450
325.7000,202.9470,0.4000,1087132495200,0.3150,0.2450
325.8290,203.1660,0.4080,1087132496100,0.3330,0.2450
326.0000,203.2390,0.4090,1087148817100,0.3330,0.2450
326.2140,203.5310,0.3890,1087148853800,0.3330,0.2450
326.3860,203.7500,0.3240,1087164775900,0.3330,0.2450
326.5140,204.0780,0.2250,1087164809800,0.3330,0.2450
256.5710,112.4970,0.0010,1087701022000,0.0000,0.2790
256.4000,112.1320,0.0450,1087716867700,0.0000,0.2790
256.2710,111.9860,0.0730,1087716906400,0.0000,0.2790
256.1000,111.7680,0.1320,1087716908400,0.0000,0.2790
255.6710,112.1320,0.2620,1087750077500,0.0000,0.2790
255.5860,112.7160,0.3060,1087750114700,0.0000,0.2790
255.5000,113.3370,0.3250,1087750115999,0.0000,0.2790
255.4140,114.0660,0.3440,1087766076299,0.0000,0.2790
255.2860,115.0510,0.3610,1087766098300,0.0000,0.2790
255.2000,116.2550,0.3770,1087782107900,0.0000,0.2790
255.0710,117.3860,0.3920,1087782130099,0.0000,0.2970
254.9860,118.6640,0.4050,1087782131600,0.0000,0.3140
254.9000,120.0860,0.4180,1087782132399,0.0000,0.3140
254.9000,121.5820,0.4310,1087782133200,0.0000,0.3140
254.9000,123.8810,0.4430,1087798211000,0.0000,0.3140
254.9860,126.2160,0.4540,1087798265700,0.0000,0.3140
254.9860,128.6970,0.4650,1087815205599,0.0000,0.3140
255.1140,131.1050,0.4750,1087815279200,0.0000,0.3140
255.4140,133.6230,0.4850,1087815285400,0.0000,0.3140
255.7140,136.1040,0.4950,1087815289100,0.0000,0.3140
256.1860,138.7310,0.5040,1087832160800,0.0000,0.3140
256.6140,141.2850,0.5140,1087832203700,0.0000,0.3140
257.0000,143.8390,0.5230,1087832206800,0.0000,0.3140
257.6000,146.4300,0.5320,1087848187800,0.0000,0.3140
257.9860,148.9840,0.5400,1087848224200,0.0000,0.3140
258.4140,151.5380,0.5480,1087848226399,0.0000,0.3140
258.8860,153.9460,0.5550,1087848227700,0.0000,0.3140
259.1860,156.2450,0.5620,1087864266900,0.0000,0.3140
259.4000,158.4340,0.5680,1087864295700,0.0000,0.3140
259.7860,160.5500,0.5740,1087864297700,0.0000,0.3140
259.9140,162.2650,0.5790,1087880312100,0.0000,0.3140
260.0000,163.6880,0.5840,1087880359199,0.0000,0.3140
260.1710,164.8190,0.5880,1087880363600,0.0000,0.3140
260.1710,165.9140,0.5930,1087880365400,0.0000,0.3140
260.1710,166.8260,0.5970,1087896388599,0.0000,0.3140
260.1710,167.6650,0.6020,1087896456799,0.0000,0.3140
260.0000,168.3220,0.6060,1087896460900,0.0000,0.3140
259.9140,169.0150,0.6110,1087913368499,0.0000,0.3140
259.7860,169.5990,0.6150,1087913412200,0.0000,0.3140
259.5710,170.1820,0.6190,1087913415700,0.0000,0.3140
259.2710,170.7300,0.6230,1087929457700,0.0000,0.3140
258.9710,171.2410,0.6270,1087929503300,0.0000,0.3140
258.5860,171.6050,0.6310,1087929505699,0.0000,0.3140
258.0710,172.0070,0.6340,1087929507000,0.0000,0.3140
257.6000,172.2990,0.6370,1087929508400,0.0000,0.3140
256.9140,172.5910,0.6400,1087945521700,0.0000,0.3140
256.4000,172.7360,0.6420,1087945586800,0.0000,0.3140
255.7140,172.8820,0.6450,1087961767800,0.0000,0.3140
255.0710,172.9550,0.6480,1087961798099,0.0000,0.3140
254.2570,172.9550,0.6500,1087961800399,0.0000,0.3140
253.3570,172.8820,0.6520,1087961801700,0.0000,0.3140
252.4570,172.8090,0.6540,1087977767099,0.0000,0.3140
251.3000,172.5910,0.6550,1087977818300,0.0000,0.3140
250.1860,172.2990,0.6570,1087977821700,0.0000,0.3140
249.1570,171.9340,0.6580,1087993772300,0.0000,0.3140
247.4000,171.2410,0.6590,1087993799700,0.0000,0.3140
245.9860,170.5840,0.6600,1087993801700,0.0000,0.3140
244.4860,169.6720,0.6600,1087993805500,0.0000,0.3140
243.1570,168.7590,0.6600,1088009862700,0.0000,0.3140
241.6570,167.8840,0.6600,1088009892600,0.0000,0.3140
240.2430,166.8260,0.6600,1088009894600,0.0000,0.3140
238.9570,165.6950,0.6600,1088009895700,0.0000,0.3140
237.7570,164.6360,0.6590,1088025850100,0.0000,0.3140
236.4710,163.5420,0.6590,1088025889800,0.0000,0.3140
235.2710,162.4110,0.6580,1088041913000,0.0000,0.3140
234.0710,161.2800,0.6570,1088041939700,0.0000,0.3140
232.9570,160.3680,0.6570,1088041941499,0.0000,0.3140
231.9290,159.5650,0.6560,1088041942500,0.0000,0.3140
230.5570,158.6530,0.6550,1088041943600,0.0000,0.3140
229.6140,157.9960,0.6540,1088058906000,0.0000,0.3140
228.7140,157.3760,0.6530,1088058932500,0.0000,0.3140
227.8140,156.8650,0.6510,1088075885400,0.0000,0.3140
226.9140,156.4270,0.6500,1088075914700,0.0000,0.3140
226.0140,155.9530,0.6490,1088075916700,0.0000,0.3140
225.1140,155.5880,0.6480,1088075917899,0.0000,0.3140
224.1290,155.2960,0.6460,1088092029900,0.0000,0.3140
223.2290,155.0040,0.6450,1088092085400,0.0000,0.3140
222.3290,154.6760,0.6440,1088092088500,0.0000,0.3140
221.5140,154.5300,0.6430,1088092090500,0.0000,0.3140
220.7430,154.4570,0.6410,1088108222800,0.0000,0.3140
220.0140,154.3840,0.6400,1088108268900,0.0000,0.3140
219.2430,154.3840,0.6390,1088108271099,0.0000,0.3140
218.6000,154.3840,0.6380,1088125233300,0.0000,0.3140
217.8290,154.4570,0.6370,1088125274300,0.0000,0.3140
217.1430,154.6030,0.6350,1088125276100,0.0000,0.3140
216.5000,154.7490,0.6340,1088125277200,0.0000,0.3140
215.8140,154.9310,0.6330,1088125278199,0.0000,0.3140
215.2140,155.0770,0.6320,1088141387100,0.0000,0.3140
214.7000,155.2960,0.6300,1088141417900,0.0000,0.3140
214.1860,155.4420,0.6290,1088158453200,0.0000,0.3140
213.7140,155.6610,0.6280,1088158521800,0.0000,0.3140
213.3290,155.8800,0.6260,1088158525900,0.0000,0.3140
212.9860,156.0990,0.6250,1088158528100,0.0000,0.3140
212.7290,156.3540,0.6230,1088174496700,0.0000,0.3140
212.6000,156.5000,0.6220,1088174557999,0.0000,0.3140
212.4290,156.7920,0.6210,1088174561999,0.0000,0.3140
212.4290,157.1570,0.6180,1088190559299,0.0000,0.3140
212.7290,157.5220,0.6170,1088206607300,0.0000,0.3140
213.1140,157.8500,0.6150,1088206691800,0.0000,0.3140
213.5860,158.0690,0.6140,1088206698000,0.0000,0.3140
214.1000,158.2880,0.6130,1088206701399,0.0000,0.3140
214.7000,158.5070,0.6120,1088222672500,0.0000,0.3140
215.3000,158.7990,0.6110,1088222733699,0.0000,0.3140
216.2000,159.0910,0.6100,1088222737800,0.0000,0.3140
217.0140,159.4190,0.6100,1088239621500,0.0000,0.3140
217.8290,159.7840,0.6090,1088239694700,0.0000,0.3140
218.6000,160.0760,0.6080,1088239700200,0.0000,0.3140
219.5000,160.4410,0.6080,1088239703300,0.0000,0.3140
220.3140,160.8420,0.6080,1088255717100,0.0000,0.3140
221.0000,161.2070,0.6070,1088255787500,0.0000,0.3140
221.6430,161.5720,0.6070,1088272159899,0.0000,0.3140
222.2000,161.9730,0.6080,1088272226699,0.0000,0.3140
222.6290,162.3380,0.6080,1088272234100,0.0000,0.3140
223.0570,162.7030,0.6090,1088272237200,0.0000,0.3140
223.4430,163.1410,0.6100,1088272240000,0.0000,0.3140
223.8290,163.5420,0.6120,1088288278100,0.0000,0.3140
224.2140,163.9800,0.6140,1088288352699,0.0000,0.3140
224.4290,164.4180,0.6160,1088288359400,0.0000,0.3140
224.5570,164.8920,0.6190,1088288364700,0.0000,0.3140
224.8570,165.3300,0.6220,1088305278999,0.0000,0.3140
224.9430,165.7680,0.6250,1088305362200,0.0000,0.3140
224.9430,166.0590,0.6280,1088321552700,0.0000,0.3140
224.8570,166.6070,0.6310,1088321648500,0.0000,0.3140
224.8140,167.1180,0.6340,1088321653900,0.0000,0.3140
224.5570,167.6650,0.6360,1088321657300,0.0000,0.3140
224.2570,168.1760,0.6380,1088321660699,0.0000,0.3140
223.7430,168.7590,0.6400,1088337689200,0.0000,0.3140
223.1430,169.4530,0.6420,1088337772200,0.0000,0.3140
222.5000,170.0360,0.6440,1088353963999,0.0000,0.3140
221.7290,170.6570,0.6450,1088354024300,0.0000,0.3140
220.8290,171.1680,0.6470,1088354030000,0.0000,0.3140
219.8000,171.6780,0.6480,1088354033600,0.0000,0.3140
218.8140,172.2260,0.6500,1088354036799,0.0000,0.3140
217.3140,172.8090,0.6510,1088370949299,0.0000,0.3140
215.9430,173.2840,0.6520,1088371038800,0.0000,0.3140
214.7000,173.6490,0.6520,1088387993300,0.0000,0.3140
213.5860,173.8680,0.6500,1088388075700,0.0000,0.3140
212.3860,174.0130,0.6460,1088388081900,0.0000,0.3140
211.2290,174.0860,0.6390,1088388085399,0.0000,0.3140
210.1140,174.1590,0.6310,1088404998900,0.0000,0.3140
209.0000,174.0860,0.6190,1088405328000,0.0000,0.3140
207.9290,173.8680,0.6030,1088405351100,0.0000,0.3140
206.9000,173.5760,0.5840,1088405403900,0.0000,0.3140
206.0000,173.1010,0.5600,1088421949300,0.0000,0.3140
205.1000,172.5910,0.5440,1088422017300,0.0000,0.3140
203.9000,171.6050,0.5120,1088422020799,0.0000,0.3140
203.0000,170.6570,0.4270,1088438924600,0.0000,0.3140
202.0140,169.4530,0.3560,1088439002900,0.0000,0.3140
201.2860,168.3950,0.2960,1088439029800,0.0000,0.3140
179.5570,160.4410,0.2100,1088556491699,0.0000,0.2970
179.1710,160.0760,0.3170,1088556532900,0.0000,0.2970
178.8290,159.8570,0.3690,1088572384900,0.0000,0.2970
178.4430,159.6380,0.3920,1088572437500,0.0000,0.2970
178.1430,159.3460,0.4010,1088572439999,0.0000,0.2970
177.7570,159.0910,0.4050,1088588694200,0.0000,0.2970
177.5430,158.8720,0.4060,1088588735000,0.0000,0.2970
177.2430,158.7260,0.4080,1088588736900,0.0000,0.2970
177.0290,158.5800,0.4090,1088605105300,0.0000,0.2970
176.7290,158.4340,0.4120,1088605141199,0.0000,0.2970
176.2570,158.2880,0.4150,1088605142599,0.0000,0.2970
175.8290,158.2150,0.4190,1088605143500,0.0000,0.2970
175.2710,158.1420,0.4240,1088605144299,0.0000,0.2970
174.7570,158.1420,0.4300,1088622075800,0.0000,0.2970
174.1570,158.1420,0.4360,1088622099500,0.0000,0.2970
173.5140,158.2880,0.4430,1088638072799,0.0000,0.2970
172.5290,158.5070,0.4500,1088638117100,0.0000,0.2970
171.6290,158.7990,0.4580,1088638119300,0.0000,0.2970
170.6430,159.2730,0.4650,1088638120700,0.0000,0.2970
169.6570,159.7110,0.4720,1088638121900,0.0000,0.2970
168.7570,160.2950,0.4780,1088655073299,0.0000,0.2970
167.8570,160.9150,0.4840,1088655109300,0.0000,0.2970
167.1290,161.5720,0.4890,1088672056700,0.0000,0.2970
166.0140,162.7030,0.4950,1088672103100,0.0000,0.2970
165.2430,163.6150,0.4990,1088672105500,0.0000,0.2970
164.6430,164.4910,0.5040,1088672106600,0.0000,0.2970
164.3000,165.3300,0.5080,1088672107800,0.0000,0.2970
164.0430,166.3150,0.5110,1088689035599,0.0000,0.2970
164.0000,167.1910,0.5150,1088689068100,0.0000,0.2970
164.0000,168.0300,0.5190,1088689070500,0.0000,0.2970
164.1290,169.1610,0.5230,1088689071999,0.0000,0.2970
164.3430,170.1820,0.5260,1088706024800,0.0000,0.2970
165.0290,171.8610,0.5290,1088706061400,0.0000,0.2970
165.8000,173.4300,0.5320,1088723053799,0.0000,0.2970
166.7430,174.9260,0.5340,1088723083600,0.0000,0.2970
167.7290,176.3490,0.5370,1088723085099,0.0000,0.2970
168.7570,177.6990,0.5390,1088723085899,0.0000,0.2970
169.9570,178.9760,0.5420,1088723086700,0.0000,0.2970
171.2430,180.1800,0.5430,1088739104400,0.0000,0.2970
172.4430,181.3470,0.5450,1088739222400,0.0000,0.2970
173.5570,182.5510,0.5470,1088755214000,0.0000,0.2970
174.6290,183.6820,0.5480,1088755238900,0.0000,0.2970
175.4430,184.7410,0.5490,1088755253000,0.0000,0.2970
176.1290,185.5430,0.5500,1088755253900,0.0000,0.2970
176.6430,186.3090,0.5520,1088772144999,0.0000,0.2790
177.0290,187.1120,0.5540,1088772168799,0.0000,0.2790
177.2430,187.9510,0.5570,1088789171400,0.0000,0.2970
177.4570,188.7910,0.5610,1088789227199,0.0000,0.2970
177.4570,189.5930,0.5660,1088789230500,0.0000,0.2970
177.0710,190.5780,0.5710,1088789232800,0.0000,0.2970
176.4290,192.1470,0.5760,1088789237600,0.0000,0.2970
175.4430,193.6430,0.5810,1088806153600,0.0000,0.2970
174.2430,195.1390,0.5870,1088806230299,0.0000,0.2970
172.7430,196.5620,0.5920,1088806235699,0.0000,0.2970
171.1140,197.9120,0.5980,1088806240800,0.0000,0.2970
169.2290,199.1890,0.6040,1088806244100,0.0000,0.2970
167.2570,200.1740,0.6120,1088823139099,0.0000,0.2970
165.4140,201.0500,0.6200,1088823210100,0.0000,0.2970
163.5290,201.5970,0.6290,1088840229500,0.0000,0.2970
161.6430,201.9620,0.6390,1088840300099,0.0000,0.2970
160.1000,202.0350,0.6480,1088840303799,0.0000,0.2970
158.7290,201.8890,0.6580,1088840305799,0.0000,0.2970
157.6140,201.5970,0.6670,1088857126200,0.0000,0.2970
155.9860,200.8310,0.6750,1088857209700,0.0000,0.2970
154.6140,199.6270,0.6820,1088857218100,0.0000,0.2970
153.5000,198.1310,0.6870,1088874114199,0.0000,0.2970
152.6000,196.1970,0.6890,1088874166399,0.0000,0.2970
151.9140,193.8620,0.6860,1088874172300,0.0000,0.2970
151.5290,191.0160,0.6730,1088874175700,0.0000,0.2970
151.6140,185.2510,0.6520,1088891118600,0.0000,0.2970
152.4290,177.2970,0.6360,1088891186399,0.0000,0.2970
154.0140,169.5990,0.6020,1088891191700,0.0000,0.2970
156.6290,162.2650,0.5020,1088891194800,0.0000,0.2970
160.1000,155.1500,0.4180,1088891198100,0.0000,0.2970
163.6140,148.2540,0.3480,1088908131400,0.0000,0.2970
