709.4000,92.3570,0.0160,1090471343100,0.0880,0.3670
709.6140,91.9920,0.0460,1090471397900,0.1060,0.3680
709.7860,91.6640,0.0820,1090487252700,0.1230,0.3670
709.9140,91.3720,0.1200,1090487399000,0.1410,0.3670
710.0000,91.1530,0.1580,1090487403800,0.1580,0.3670
710.1710,90.7150,0.2280,1090487407399,0.1760,0.3680
710.2140,90.4960,0.2900,1090503258900,0.1760,0.3680
710.3860,91.7360,0.4210,1090535842700,0.1760,0.3680
710.4710,92.5760,0.4380,1090535890400,0.1760,0.3680
710.5140,93.8530,0.4530,1090552866199,0.1760,0.3680
710.7710,96.0420,0.4680,1090552914800,0.1760,0.3680
711.0710,98.3410,0.4820,1090552917100,0.1760,0.3680
711.3710,100.8950,0.4940,1090568904300,0.1760,0.3680
711.6720,103.6680,0.5060,1090568928100,0.1760,0.3680
712.4000,108.7030,0.5160,1090568929500,0.1760,0.3680
712.8710,112.3510,0.5260,1090568930400,0.1760,0.3500
713.3000,115.3430,0.5350,1090568931100,0.1760,0.3500
713.6000,117.8970,0.5430,1090584935800,0.1760,0.3500
713.9860,120.5240,0.5500,1090584969199,0.1760,0.3500
714.1140,123.1510,0.5560,1090601045500,0.1760,0.3500
714.2860,125.7780,0.5590,1090601066799,0.1760,0.3500
714.5000,128.4050,0.5600,1090601068100,0.1760,0.3500
714.5860,130.8500,0.5570,1090601068900,0.1760,0.3500
714.7140,133.2580,0.5490,1090601069600,0.1760,0.3500
714.8000,135.4470,0.5380,1090617054699,0.1760,0.3500
715.0140,137.3080,0.5250,1090617080000,0.1760,0.3500
715.2290,138.8770,0.5090,1090634125500,0.1760,0.3500
715.4000,140.0080,0.4890,1090634162600,0.1760,0.3500
715.5290,140.9200,0.4650,1090634164200,0.1760,0.3500
715.6140,141.7230,0.4500,1090634164900,0.1760,0.3500
715.6140,142.2340,0.3750,1090650286099,0.1760,0.3500
715.6140,142.7080,0.3120,1090650319600,0.1760,0.3500
715.5290,143.0000,0.2600,1090650331099,0.1760,0.3500
686.1290,134.6080,0.0410,1090829865700,0.2100,0.3670
685.7430,134.4620,0.1170,1090845934700,0.2100,0.3670
685.2290,134.3160,0.1910,1090862271000,0.2100,0.3670
684.9290,134.2430,0.2250,1090862305899,0.2100,0.3670
683.9430,134.1700,0.2850,1090862311600,0.2100,0.3670
683.1720,134.0970,0.3120,1090862313099,0.2100,0.3670
682.4430,134.0970,0.3360,1090879216800,0.2100,0.3670
681.3290,134.0240,0.3580,1090879278400,0.2100,0.3670
680.2140,134.0240,0.3780,1090895268499,0.2100,0.3670
679.2290,134.0240,0.3960,1090895292299,0.2100,0.3670
677.9430,134.0240,0.4130,1090895293800,0.2100,0.3670
676.7430,133.9510,0.4280,1090895294800,0.2100,0.3670
675.4570,133.9510,0.4420,1090911305500,0.2100,0.3670
674.3430,133.8420,0.4550,1090911350500,0.2100,0.3670
673.1430,133.6960,0.4660,1090927613900,0.2100,0.3670
671.9000,133.6230,0.4760,1090927750000,0.2100,0.3670
670.7430,133.4770,0.4860,1090927763800,0.2100,0.3670
669.8000,133.3310,0.4950,1090927771100,0.2100,0.3670
668.7290,133.1120,0.5030,1090927774300,0.2100,0.3670
667.7430,132.8200,0.5100,1090943596300,0.2100,0.3670
666.8430,132.5280,0.5160,1090943672800,0.2100,0.3670
666.2860,132.1270,0.5210,1090943676800,0.2100,0.3670
665.8140,131.6160,0.5260,1090943679199,0.2100,0.3670
665.6000,131.1780,0.5290,1090960523300,0.2100,0.3670
665.3860,130.5580,0.5310,1090960624600,0.2100,0.3670
665.2140,129.9740,0.5330,1090976771400,0.2100,0.3670
665.3860,129.2810,0.5350,1090976848300,0.2100,0.3670
665.6860,128.4050,0.5360,1090976852800,0.2100,0.3670
665.9860,127.4930,0.5360,1090976855200,0.2100,0.3670
666.5000,126.5080,0.5370,1090976857400,0.2100,0.3670
667.4430,125.3040,0.5370,1090993657600,0.2100,0.3670
668.2140,124.5010,0.5370,1090993756600,0.2100,0.3670
669.0290,123.7350,0.5370,1091009686300,0.2100,0.3670
669.7140,123.2970,0.5370,1091009753600,0.2100,0.3670
670.5290,122.8590,0.5370,1091009760299,0.2100,0.3670
671.3000,122.5310,0.5360,1091009763999,0.2100,0.3670
672.0290,122.3120,0.5360,1091026643800,0.2100,0.3670
672.6290,122.2390,0.5360,1091026732800,0.2100,0.3670
673.1430,122.3120,0.5360,1091026739800,0.2100,0.3670
673.7430,122.3850,0.5360,1091042766600,0.2100,0.3670
674.2140,122.6040,0.5370,1091042846099,0.2100,0.3670
674.5570,122.9320,0.5380,1091042853299,0.2100,0.3670
675.1140,123.2970,0.5400,1091042856600,0.2100,0.3670
675.4140,123.7350,0.5420,1091058788800,0.2100,0.3670
675.6290,124.2820,0.5440,1091058978100,0.2100,0.3670
675.9290,124.8660,0.5470,1091058989800,0.2100,0.3670
676.3140,125.7050,0.5500,1091058993800,0.2100,0.3670
676.5290,126.4350,0.5530,1091075060200,0.2100,0.3670
676.6570,127.1280,0.5570,1091075140299,0.2100,0.3670
676.7430,127.7120,0.5610,1091075144299,0.2100,0.3670
676.8290,128.4780,0.5650,1091091215500,0.2100,0.3670
676.9140,129.1350,0.5690,1091091299600,0.2100,0.3670
676.8290,129.9010,0.5730,1091091306500,0.2100,0.3670
676.8290,130.5580,0.5770,1091091310400,0.2100,0.3670
676.7430,131.2510,0.5820,1091107395100,0.2100,0.3670
676.3570,132.1270,0.5860,1091107469999,0.2100,0.3670
675.8430,133.0390,0.5900,1091123555800,0.2100,0.3670
675.5430,133.9510,0.5940,1091123626800,0.2100,0.3670
674.9430,134.7540,0.5980,1091123634900,0.1760,0.3680
674.0000,136.0310,0.6010,1091123638399,0.1920,0.3670
672.8000,137.2350,0.6040,1091123641899,0.1920,0.3670
671.6000,138.3660,0.6070,1091139969500,0.1920,0.3670
670.3140,139.3150,0.6100,1091140041000,0.1920,0.3670
668.7290,140.3000,0.6120,1091155978800,0.1920,0.3670
666.9290,141.2120,0.6150,1091156027400,0.1920,0.3670
665.1290,142.0150,0.6170,1091156030700,0.1920,0.3670
663.3280,142.7810,0.6190,1091156032800,0.1920,0.3670
661.4000,143.5110,0.6200,1091172338600,0.1920,0.3670
659.3860,144.2040,0.6210,1091172418700,0.1920,0.3670
657.2000,144.7880,0.6200,1091172425100,0.1920,0.3670
655.2710,145.4080,0.6170,1091189307100,0.1920,0.3670
653.3000,145.9190,0.6110,1091189356700,0.1920,0.3670
651.5000,146.4300,0.6040,1091189360600,0.1920,0.3670
650.0000,146.7580,0.5940,1091189364800,0.2100,0.3670
648.6710,146.9040,0.5810,1091206299200,0.2100,0.3670
647.6000,147.1230,0.5630,1091206394900,0.2100,0.3670
646.7000,147.1960,0.5410,1091206405700,0.2100,0.3670
645.9710,147.1960,0.5250,1091206409800,0.2100,0.3670
645.2860,147.0500,0.4950,1091206413100,0.2100,0.3670
644.8570,146.8310,0.4120,1091222403199,0.2100,0.3670
644.3860,146.5390,0.3440,1091222461800,0.2100,0.3670
644.0000,146.0650,0.2860,1091239372900,0.2100,0.3670
656.3860,118.5180,0.0160,1091371528800,0.1760,0.2810
656.8140,118.1160,0.0450,1091387692999,0.1760,0.2810
657.1140,117.7510,0.0800,1091387728500,0.1760,0.2810
657.4140,117.3860,0.1170,1091387729800,0.1760,0.2810
658.2290,116.9120,0.1540,1091387730500,0.1760,0.2810
659.0860,116.3280,0.1880,1091387744299,0.1760,0.2810
659.9000,115.7450,0.2200,1091404135199,0.1760,0.2810
660.5860,115.3430,0.2490,1091404172600,0.1760,0.2810
661.4000,114.8320,0.2750,1091420934499,0.1760,0.2810
662.3860,114.3950,0.2990,1091420970800,0.1930,0.2800
663.2860,113.9200,0.3190,1091420972100,0.2100,0.2800
664.1000,113.4820,0.3350,1091420986800,0.2100,0.2800
664.7860,113.1910,0.3460,1091437236499,0.2100,0.2800
665.3860,112.9720,0.3520,1091437657499,0.2100,0.2800
665.9000,112.6430,0.3500,1091454217600,0.2100,0.2800
666.5000,112.4970,0.3300,1091454640500,0.2280,0.2800
666.8430,112.4240,0.2740,1091454670099,0.2280,0.2800
667.2290,112.3510,0.2290,1091454672200,0.2280,0.2970
644.1720,149.2030,0.0060,1091604341900,0.2100,0.3330
643.7860,149.4580,0.0290,1091604364200,0.2100,0.3330
643.4000,149.6770,0.0580,1091621055500,0.2100,0.3330
643.1000,149.8230,0.0890,1091621116800,0.2100,0.3330
642.7570,149.9690,0.1210,1091621119500,0.2100,0.3330
642.4570,150.0420,0.1520,1091637916700,0.2100,0.3330
642.1570,150.1150,0.1830,1091637953900,0.2100,0.3330
641.8570,150.1880,0.2120,1091637956200,0.2100,0.3330
641.5570,150.1880,0.2400,1091654075800,0.2100,0.3330
640.9570,150.1880,0.2920,1091654142000,0.2100,0.3330
640.7430,150.1880,0.3150,1091654144700,0.2100,0.3330
640.1430,150.0420,0.3570,1091670170200,0.2100,0.3330
639.8430,149.9690,0.3750,1091670226400,0.2100,0.3330
639.3710,149.8960,0.3920,1091687124900,0.2100,0.3330
638.9430,149.7500,0.4080,1091687244499,0.2100,0.3330
638.5570,149.5310,0.4220,1091687256799,0.2100,0.3330
638.0860,149.3120,0.4360,1091687260600,0.2100,0.3330
637.7430,149.1300,0.4480,1091703245700,0.2100,0.3330
637.3570,148.8380,0.4600,1091703513600,0.2100,0.3330
636.9710,148.6190,0.4700,1091719282800,0.2100,0.3330
636.5860,148.3270,0.4790,1091719323000,0.2100,0.3330
636.2430,147.9620,0.4880,1091719325100,0.2100,0.3330
635.9430,147.5610,0.4960,1091719326599,0.2100,0.3330
635.6430,147.1960,0.5030,1091719327900,0.2100,0.3330
635.2570,146.7580,0.5080,1091735517900,0.2100,0.3330
635.0430,146.2840,0.5130,1091735558200,0.2100,0.3330
634.7860,145.8460,0.5170,1091735562700,0.2100,0.3330
634.4430,145.3350,0.5190,1091735565400,0.2100,0.3330
634.2710,144.8610,0.5190,1091752547000,0.2100,0.3330
634.1430,144.4230,0.5180,1091752607700,0.2100,0.3330
633.9710,143.9850,0.5130,1091769636600,0.2100,0.3330
633.7570,143.5840,0.5070,1091769752900,0.2100,0.3330
633.5430,143.1460,0.4980,1091769761200,0.2100,0.3330
633.3280,142.8540,0.4860,1091769765500,0.2100,0.3330
633.2430,142.6350,0.4660,1091769768899,0.2100,0.3330
633.0710,142.4160,0.4370,1091785992400,0.2280,0.3330
632.9430,142.0880,0.3640,1091786072500,0.2280,0.3330
632.7290,141.9420,0.2520,1091802274200,0.2280,0.3330
616.0140,145.3350,0.0030,1091934677600,0.2100,0.3330
615.5430,145.1890,0.0250,1091950575600,0.2280,0.3330
615.1140,145.0070,0.0550,1091950613100,0.2460,0.3320
614.6430,144.9340,0.0890,1091966733400,0.2460,0.3320
614.3000,144.7150,0.1240,1091966775000,0.2460,0.3320
613.8290,144.4960,0.1580,1091966776400,0.2460,0.3320
613.5290,144.4230,0.1920,1091966777200,0.2460,0.3320
613.1000,144.2040,0.2240,1091982851400,0.2460,0.3320
612.8000,143.9850,0.2540,1091982889299,0.2460,0.3320
612.5000,143.8390,0.2820,1091998949300,0.2460,0.3320
612.2430,143.6570,0.3090,1091998998000,0.2460,0.3320
612.0290,143.4380,0.3330,1091999000300,0.2460,0.3320
611.7290,143.0730,0.3750,1091999002400,0.2460,0.3320
611.6430,142.8540,0.3930,1092014911000,0.2460,0.3320
611.6430,142.3430,0.4240,1092030967100,0.2460,0.3320
611.7290,141.6500,0.4490,1092031039799,0.2460,0.3320
611.9430,141.1390,0.4600,1092031045200,0.2460,0.3320
612.5000,140.5190,0.4690,1092031048000,0.2460,0.3320
613.1430,139.7160,0.4770,1092048062500,0.2460,0.3320
614.4290,138.8040,0.4850,1092048130400,0.2460,0.3320
615.9290,137.6730,0.4910,1092065017700,0.2460,0.3500
617.6430,136.7240,0.4960,1092065078700,0.2450,0.3660
619.6570,135.5930,0.5000,1092065083799,0.2450,0.3660
621.7140,134.5350,0.5030,1092065145699,0.2450,0.3660
625.4430,132.5280,0.5050,1092081955800,0.2450,0.3660
628.3570,131.1050,0.5050,1092082007199,0.2450,0.3660
630.5430,130.1200,0.5050,1092082011199,0.2450,0.3660
632.3430,129.2080,0.5030,1092082013900,0.2450,0.3840
634.0570,128.5510,0.5010,1092082016900,0.2450,0.3840
635.6430,127.7120,0.4990,1092098929700,0.2450,0.3840
636.8430,127.2010,0.4970,1092098985200,0.2450,0.3840
637.7430,126.8000,0.4950,1092115894800,0.2450,0.3840
638.5570,126.5080,0.4930,1092115933500,0.2450,0.3840
638.9860,126.2160,0.4920,1092115937399,0.2450,0.3840
639.3710,125.9970,0.4910,1092115938599,0.2450,0.3840
639.7570,125.8510,0.4900,1092115939999,0.2450,0.3840
640.0570,125.7050,0.4890,1092132892200,0.2450,0.3840
640.1860,125.5590,0.4870,1092132943300,0.2450,0.3840
640.3570,125.3040,0.4850,1092149888700,0.2450,0.3840
639.3710,125.6320,0.4710,1092183867300,0.2450,0.3840
638.9860,125.9240,0.4690,1092183906700,0.2450,0.3840
638.6860,126.2160,0.4680,1092199951699,0.2450,0.3840
638.3430,126.5080,0.4670,1092200006000,0.2450,0.3840
637.9570,127.0550,0.4660,1092200007100,0.2450,0.3840
637.6570,127.5660,0.4660,1092200007700,0.2450,0.3840
637.1430,128.2230,0.4660,1092200008200,0.2450,0.3840
636.6720,128.9160,0.4670,1092216864100,0.2450,0.3840
636.1570,129.8280,0.4680,1092216894100,0.2450,0.3840
635.6430,130.6310,0.4700,1092233044699,0.2450,0.3840
634.8710,132.0540,0.4720,1092233064700,0.2450,0.3840
634.1860,133.1850,0.4740,1092233065700,0.2450,0.3840
633.2430,134.6080,0.4770,1092233066300,0.2450,0.3840
632.4710,136.0310,0.4810,1092233066800,0.2450,0.3840
631.5290,137.4540,0.4840,1092250024000,0.2450,0.3840
630.5430,138.8770,0.4880,1092250042899,0.2450,0.3840
629.4710,140.3730,0.4930,1092266054700,0.2450,0.3840
628.5290,141.7960,0.4970,1092266075900,0.2450,0.3840
627.4570,143.1460,0.5010,1092266076899,0.2450,0.3840
626.3430,144.4960,0.5060,1092266077400,0.2450,0.3840
625.2290,145.9190,0.5110,1092266077900,0.2450,0.3840
624.0290,147.1960,0.5160,1092282097900,0.2450,0.3840
622.9140,148.4730,0.5220,1092282118400,0.2450,0.3840
621.7140,149.6770,0.5270,1092299115000,0.2450,0.3840
620.5140,150.8810,0.5330,1092299134500,0.2450,0.3840
619.4430,151.9760,0.5400,1092299135300,0.2450,0.3840
618.3280,153.0340,0.5460,1092299135900,0.2450,0.3840
617.1290,154.0920,0.5520,1092315094500,0.2450,0.3840
616.1430,154.9310,0.5580,1092315125600,0.2450,0.3840
615.2430,155.6610,0.5640,1092315127000,0.2450,0.3840
614.5140,156.2450,0.5700,1092315127800,0.2450,0.3840
613.7430,156.9380,0.5760,1092331231400,0.2450,0.3840
612.8430,157.5950,0.5810,1092331252200,0.2450,0.3840
611.4290,158.5070,0.5870,1092347317799,0.2450,0.3840
610.3140,159.2730,0.5920,1092347338399,0.2450,0.3840
608.9000,160.0760,0.5980,1092347339200,0.2450,0.3840
607.3140,160.9880,0.6030,1092347339900,0.2450,0.3840
605.4290,161.7910,0.6080,1092363448699,0.2450,0.3840
603.8860,162.4840,0.6120,1092363472800,0.2450,0.3840
602.3000,163.2140,0.6170,1092363473899,0.2450,0.3840
601.0140,163.6880,0.6210,1092379557199,0.2450,0.3840
599.9860,164.1990,0.6240,1092379578500,0.2450,0.3840
599.0000,164.4910,0.6280,1092379579299,0.2450,0.3840
598.1000,164.8920,0.6320,1092379579900,0.2450,0.3840
597.2860,165.1110,0.6350,1092395534000,0.2450,0.3840
596.7710,165.3300,0.6380,1092395560600,0.2450,0.3840
596.3000,165.4760,0.6410,1092411559800,0.2450,0.3840
595.7860,165.6220,0.6440,1092411588900,0.2450,0.3840
595.2710,165.7680,0.6460,1092411589900,0.2450,0.3840
594.8000,165.8410,0.6480,1092411590700,0.2450,0.3840
594.5000,165.9140,0.6510,1092411591300,0.2450,0.3840
594.1140,165.9870,0.6520,1092427628299,0.2450,0.3840
593.9000,165.9870,0.6540,1092427651100,0.2450,0.3840
593.4710,165.9140,0.6530,1092427652800,0.2450,0.3840
593.1720,165.8410,0.6510,1092443650500,0.2450,0.3840
592.8710,165.6950,0.6480,1092443680200,0.2450,0.3840
592.7000,165.4760,0.6440,1092459780800,0.2450,0.3840
592.4000,165.1840,0.6380,1092459824399,0.2450,0.3840
592.1860,164.8190,0.6320,1092459826600,0.2450,0.3840
591.8860,164.3450,0.6240,1092459828400,0.2450,0.3840
591.5000,163.8340,0.6160,1092475823700,0.2450,0.3840
591.2860,163.2140,0.6060,1092475891900,0.2450,0.3840
590.9860,162.4840,0.5970,1092475895399,0.2450,0.3840
590.6860,161.7910,0.5880,1092492819900,0.2450,0.3840
590.4710,161.1340,0.5790,1092492894799,0.2450,0.3840
590.3000,160.5500,0.5710,1092492897899,0.2450,0.3840
590.0860,159.9300,0.5630,1092492900100,0.2450,0.3840
589.9570,159.4190,0.5560,1092508949999,0.2450,0.3840
589.8710,158.8720,0.5500,1092509129399,0.2450,0.3840
589.7860,158.3610,0.5440,1092525275199,0.2450,0.3840
589.7000,157.9230,0.5390,1092525352100,0.2450,0.3840
589.7000,157.4490,0.5340,1092525358000,0.2450,0.3840
589.8710,157.0110,0.5300,1092525360400,0.2450,0.3840
590.0860,156.5000,0.5250,1092525362700,0.2450,0.3840
590.3000,156.1720,0.5220,1092541569799,0.2450,0.3840
590.6860,155.8800,0.5190,1092541616300,0.2450,0.3840
591.2000,155.5880,0.5170,1092557737100,0.2450,0.3840
591.8000,155.2960,0.5160,1092557803200,0.2450,0.3840
592.7860,155.1500,0.5160,1092557806600,0.2450,0.3840
593.9000,155.0040,0.5170,1092557808600,0.2450,0.3840
595.1000,154.9310,0.5190,1092573861200,0.2450,0.3840
596.3860,154.9310,0.5210,1092573908200,0.2450,0.3840
597.7140,155.0770,0.5240,1092573910500,0.2450,0.3840
599.6000,155.2960,0.5270,1092573912200,0.2450,0.3840
601.1000,155.6610,0.5310,1092573913600,0.2450,0.3840
602.3860,156.0260,0.5350,1092590062400,0.2450,0.3840
603.4140,156.4270,0.5390,1092590124800,0.2450,0.3840
604.4000,156.7920,0.5440,1092606199800,0.2450,0.3840
605.4290,157.2300,0.5490,1092606284199,0.2450,0.3840
606.3290,157.6680,0.5550,1092606288200,0.2450,0.3840
607.3140,158.2880,0.5600,1092606290300,0.2450,0.3840
608.0860,158.8720,0.5660,1092623219699,0.2450,0.3840
608.8140,159.4920,0.5710,1092623303500,0.2450,0.3840
609.5000,160.0760,0.5770,1092639732899,0.2450,0.3840
610.1000,160.7690,0.5840,1092639779500,0.2450,0.3840
610.4430,161.2800,0.5900,1092639785099,0.2450,0.3840
610.7430,161.8640,0.5960,1092639786799,0.2450,0.3840
610.9140,162.4840,0.6030,1092639788400,0.2450,0.3840
611.0430,162.9950,0.6090,1092656135799,0.2450,0.3840
611.0430,163.6880,0.6150,1092656188500,0.2450,0.3840
610.9140,164.3450,0.6210,1092656190700,0.2450,0.3840
610.6140,165.3300,0.6270,1092656193399,0.2450,0.3840
609.8000,166.7530,0.6310,1092672269299,0.2450,0.3840
608.8140,168.1760,0.6360,1092672350099,0.2450,0.3840
607.7860,169.5990,0.6400,1092689219700,0.2450,0.3840
606.3290,171.0220,0.6440,1092689292400,0.2450,0.3840
604.7000,172.4450,0.6460,1092689296300,0.2450,0.3840
603.2000,173.7950,0.6470,1092689298500,0.2450,0.3840
601.4860,175.1450,0.6440,1092689300600,0.2450,0.3840
599.6860,176.4220,0.6360,1092705392399,0.2450,0.3840
598.1860,177.6990,0.6250,1092705468800,0.2450,0.3840
596.7710,178.9030,0.6080,1092722368000,0.2450,0.3660
595.3140,179.9240,0.5860,1092722417799,0.2450,0.3660
594.2860,180.7630,0.5560,1092722420000,0.2450,0.3660
593.3860,181.3470,0.5350,1092722421400,0.2450,0.3660
592.7860,181.8220,0.4460,1092739049800,0.2450,0.3660
592.3570,182.1860,0.3710,1092739120100,0.2450,0.3660
592.0570,182.2590,0.3090,1092739125800,0.2450,0.3660
616.4430,172.7360,0.2890,1092838798800,0.2100,0.2450
617.6000,172.5910,0.4360,1092838823800,0.2100,0.2450
618.4140,172.5180,0.5080,1092854422899,0.2100,0.2450
619.1430,172.4450,0.5420,1092854467599,0.2100,0.2450
619.9140,172.3720,0.5570,1092870679500,0.2100,0.2450
620.5570,172.3720,0.5630,1092870858100,0.2100,0.2450
621.2430,172.3720,0.5650,1092870860300,0.2100,0.2450
621.8430,172.3720,0.5660,1092870861100,0.2100,0.2450
622.3570,172.3720,0.5660,1092870861899,0.2100,0.2450
622.8290,172.3720,0.5650,1092886795700,0.2100,0.2450
623.2570,172.3720,0.5650,1092886862200,0.2100,0.2450
623.5570,172.4450,0.5640,1092902711499,0.2100,0.2450
623.8570,172.4450,0.5630,1092902763500,0.2100,0.2450
624.2430,172.5180,0.5600,1092902766600,0.2100,0.2450
624.4570,172.5910,0.5550,1092902768500,0.2100,0.2450
624.8430,172.7360,0.5290,1092919016699,0.2100,0.2800
625.0570,172.8820,0.5030,1092919086299,0.2100,0.2800
625.3140,173.0280,0.3990,1092935999800,0.2100,0.2800
547.7860,99.1070,0.1770,1093148337899,0.1750,0.2450
547.6140,98.2680,0.2660,1093164333300,0.1930,0.2630
547.4860,97.6110,0.3070,1093164365400,0.2100,0.2800
547.4000,97.0640,0.3270,1093164366199,0.2280,0.2970
547.3140,96.5530,0.3360,1093164367000,0.2450,0.3140
547.3140,96.2610,0.3450,1093180353400,0.2460,0.3320
547.2290,95.9320,0.3530,1093180377599,0.2460,0.3320
547.1860,95.4950,0.3710,1093196423000,0.2460,0.3320
547.1860,95.1300,0.3890,1093196452599,0.2460,0.3320
547.6140,95.8590,0.4730,1093228781100,0.2460,0.3320
547.8290,96.4800,0.4850,1093245721999,0.2460,0.3320
548.1290,97.4650,0.4960,1093245741900,0.2460,0.3320
548.3860,98.4870,0.5070,1093245742800,0.2460,0.3320
548.6860,99.6180,0.5170,1093245743300,0.2460,0.3320
549.1140,101.5510,0.5270,1093245743900,0.2460,0.3320
549.5860,103.6680,0.5360,1093262733000,0.2460,0.3320
549.9290,105.9300,0.5450,1093262770500,0.2460,0.3320
550.3140,108.3740,0.5540,1093278812200,0.2460,0.3320
550.7860,111.0740,0.5620,1093278856200,0.2450,0.3140
551.7290,115.8910,0.5710,1093278859400,0.2450,0.3140
552.3280,119.3200,0.5790,1093278861100,0.2450,0.3140
552.8860,122.3120,0.5870,1093278862700,0.2450,0.3140
553.3140,124.8660,0.5940,1093294912200,0.2450,0.3140
554.1290,129.8280,0.6010,1093294962799,0.2450,0.3140
554.6430,133.4770,0.6070,1093311855600,0.2450,0.3140
554.9430,136.5420,0.6120,1093311897699,0.2450,0.3140
555.2430,139.1690,0.6170,1093311900500,0.2450,0.3140
555.5000,142.0150,0.6220,1093311902299,0.2450,0.3140
555.7140,144.8610,0.6260,1093311903999,0.2450,0.3140
555.8000,147.8530,0.6300,1093328845600,0.2450,0.3140
555.7140,150.8080,0.6340,1093345008400,0.2450,0.3140
555.5430,153.7270,0.6380,1093345073499,0.2450,0.3140
555.3290,156.5000,0.6420,1093345083100,0.2450,0.3140
554.9430,159.3460,0.6470,1093345085100,0.2450,0.3140
554.6000,161.9730,0.6520,1093345086699,0.2450,0.3140
554.0430,164.4180,0.6570,1093361954499,0.2450,0.3140
553.4430,166.8260,0.6630,1093362004700,0.2450,0.3140
552.7140,168.9050,0.6700,1093362007400,0.2450,0.3140
551.8140,170.8760,0.6760,1093362009000,0.2450,0.3140
551.0000,172.7360,0.6820,1093362010600,0.2450,0.3140
550.0140,174.3780,0.6880,1093378083099,0.2450,0.3140
548.8140,175.6550,0.6950,1093378122399,0.2450,0.3140
547.6140,177.0050,0.7000,1093394231400,0.2450,0.3140
546.2860,177.9910,0.7060,1093394280600,0.2450,0.3140
545.0860,178.6470,0.7100,1093394282499,0.2450,0.3140
543.8860,179.1220,0.7150,1093394283600,0.2450,0.3140
542.8140,179.2680,0.7190,1093410508700,0.2450,0.3140
541.7000,179.4140,0.7230,1093410567400,0.2450,0.3140
540.3710,179.2680,0.7270,1093426714300,0.2450,0.3140
538.3140,178.8300,0.7290,1093426752500,0.2450,0.3140
536.5570,178.0640,0.7310,1093426754600,0.2450,0.3140
534.8860,177.0780,0.7310,1093426757300,0.2450,0.3140
533.2570,175.6550,0.7280,1093443683199,0.2450,0.3140
531.7570,174.0130,0.7210,1093443724799,0.2450,0.3140
529.6570,170.5110,0.7090,1093443726700,0.2450,0.3140
528.3710,167.2640,0.6910,1093460659400,0.2450,0.3140
527.5570,164.4180,0.6650,1093460702099,0.2450,0.3140
526.7860,159.4920,0.6470,1093460703799,0.2450,0.3140
526.4430,155.4420,0.6080,1093460705100,0.2450,0.3140
526.5710,151.9760,0.5060,1093477644300,0.2460,0.3320
527.4710,146.6850,0.4220,1093477686400,0.2280,0.3330
528.2860,141.8690,0.3520,1093477688400,0.2460,0.3320
497.7290,139.4970,0.1760,1094273630599,0.0000,0.0000
497.8140,138.9500,0.2700,1094273668800,0.0000,0.0000
497.9430,138.3660,0.3220,1094273669900,0.0000,0.0000
497.9430,137.8190,0.3520,1094289736100,0.0000,0.0000
497.9430,137.3080,0.3700,1094289771600,0.0000,0.0000
497.8140,136.8700,0.3830,1094289772899,0.0000,0.0000
497.8140,136.4690,0.3940,1094289775700,0.0000,0.0000
497.8140,136.0310,0.4040,1094305850700,0.0000,0.0000
497.7290,135.5200,0.4130,1094305878200,0.0000,0.0000
497.6430,135.1190,0.4210,1094322008599,0.0000,0.0000
497.5140,134.7540,0.4290,1094322039800,0.0000,0.0000
497.4290,134.4620,0.4360,1094322040600,0.0000,0.0000
497.3000,134.1700,0.4440,1094322041299,0.0000,0.0000
497.2140,133.8420,0.4510,1094322042000,0.0000,0.0000
496.9140,133.4770,0.4640,1094338154300,0.0000,0.0000
496.7000,133.3310,0.4700,1094354333400,0.0000,0.0000
496.4860,133.1850,0.4810,1094354381700,0.0000,0.0000
496.0140,133.4040,0.4940,1094371370900,0.0000,0.0000
495.7140,133.8420,0.4980,1094388294300,0.0000,0.0000
495.4140,134.3160,0.5030,1094388560500,0.0000,0.0000
495.2000,135.1190,0.5070,1094388758200,0.0000,0.0000
494.9860,136.1040,0.5110,1094388763900,0.0000,0.0000
494.6000,137.2350,0.5160,1094388767200,0.0000,0.0000
494.2140,139.0230,0.5200,1094405285399,0.0000,0.0000
493.8290,140.8110,0.5240,1094405439500,0.0000,0.0000
493.4000,142.7080,0.5290,1094405485000,0.0000,0.0000
492.9290,144.4960,0.5330,1094405488599,0.0000,0.0000
492.5000,146.5390,0.5370,1094405491100,0.0000,0.0000
491.9000,148.3270,0.5400,1094421420400,0.0000,0.0000
491.4290,150.1150,0.5440,1094421474100,0.0000,0.0000
490.9140,151.8300,0.5470,1094438427600,0.0000,0.0000
490.4000,153.4720,0.5490,1094438487200,0.0000,0.0000
489.8000,155.0770,0.5520,1094438489299,0.0000,0.0000
489.2860,156.2450,0.5540,1094438490800,0.0000,0.0000
488.8140,157.2300,0.5570,1094455578099,0.0000,0.0000
488.4710,158.0690,0.5590,1094455659499,0.0000,0.0000
488.0000,158.8720,0.5610,1094455664900,0.0000,0.0000
487.5710,159.5650,0.5630,1094472390700,0.0000,0.0000
487.0140,160.2220,0.5650,1094472469300,0.0000,0.0000
486.5000,160.9150,0.5670,1094472473600,0.0000,0.0000
485.9860,161.2800,0.5700,1094472477000,0.0000,0.0000
485.5140,161.7180,0.5710,1094489390100,0.0000,0.0000
485.0860,162.0460,0.5730,1094489434800,0.0000,0.0000
484.5710,162.3380,0.5750,1094506390400,0.0000,0.0000
484.1000,162.4840,0.5770,1094506471100,0.0000,0.0000
483.5860,162.6300,0.5780,1094506475599,0.0000,0.0000
483.1140,162.7030,0.5800,1094506478000,0.0000,0.0000
482.6860,162.7030,0.5810,1094506480600,0.0000,0.0000
482.1710,162.6300,0.5810,1094522404900,0.0000,0.0000
481.6140,162.4110,0.5820,1094522474599,0.0000,0.0000
481.1860,162.1920,0.5820,1094539391800,0.0000,0.0000
480.6720,161.8640,0.5820,1094539448400,0.0000,0.0000
480.0710,161.2800,0.5810,1094539450800,0.0000,0.0000
479.4710,160.6960,0.5800,1094539452400,0.0000,0.0000
478.9570,160.0030,0.5790,1094556439300,0.0000,0.0000
478.4000,159.3460,0.5780,1094556505800,0.0000,0.0000
477.8860,158.6530,0.5770,1094556508100,0.0000,0.0000
477.3710,157.9960,0.5760,1094556510100,0.0000,0.0000
476.9860,157.4490,0.5750,1094556511500,0.0000,0.0000
476.5570,156.9380,0.5740,1094572547499,0.0000,0.0000
476.2570,156.5000,0.5740,1094572610400,0.0000,0.0000
475.8710,156.0990,0.5740,1094588705599,0.0000,0.0000
475.5710,155.8070,0.5730,1094588766300,0.0000,0.0000
475.2710,155.4420,0.5730,1094588769799,0.0000,0.0000
474.9710,155.2230,0.5730,1094588772099,0.0000,0.0000
474.7570,154.9310,0.5720,1094604936300,0.0000,0.0000
474.4570,154.7490,0.5720,1094605143100,0.0000,0.0000
474.2000,154.6760,0.5710,1094605154400,0.0000,0.0000
473.7710,154.7490,0.5710,1094621863000,0.0000,0.0000
473.0860,155.0770,0.5700,1094621945800,0.0000,0.0000
472.6570,155.2960,0.5700,1094638856800,0.0000,0.0000
472.3570,155.7340,0.5700,1094638916400,0.0000,0.0000
471.8430,156.0990,0.5700,1094638919400,0.0000,0.0000
471.2860,156.7190,0.5700,1094638920899,0.0000,0.0000
470.6860,157.3030,0.5700,1094655812600,0.0000,0.0000
470.0860,157.9230,0.5700,1094655880300,0.0000,0.0000
469.4860,158.5070,0.5700,1094655883700,0.0000,0.0000
468.8430,159.0910,0.5700,1094671981300,0.0000,0.0000
468.2430,159.6380,0.5710,1094672030100,0.0000,0.0000
467.5570,160.0760,0.5710,1094672032700,0.0000,0.0000
466.8710,160.6960,0.5710,1094672034300,0.0000,0.0000
466.1860,161.1340,0.5720,1094688363000,0.0000,0.0000
465.5430,161.4990,0.5720,1094688425399,0.0000,0.0000
464.9860,161.7910,0.5730,1094705366599,0.0000,0.0000
464.4710,162.1190,0.5740,1094705435500,0.0000,0.0000
464.0430,162.3380,0.5750,1094705439200,0.0000,0.0000
463.5710,162.4840,0.5750,1094705441600,0.0000,0.0000
463.0570,162.6300,0.5760,1094721856899,0.0000,0.0350
462.6290,162.6300,0.5760,1094721945400,0.0000,0.0700
462.1570,162.6300,0.5770,1094721951199,0.0000,0.1050
461.8570,162.6300,0.5770,1094721954400,0.0000,0.1220
461.4710,162.4840,0.5780,1094721957499,0.0180,0.1400
461.0430,162.3380,0.5770,1094738054800,0.0350,0.1590
460.5710,162.1920,0.5770,1094738253199,0.0530,0.1760
460.1430,161.8640,0.5760,1094754973000,0.0700,0.1920
459.7570,161.6450,0.5760,1094755040000,0.0880,0.2100
459.3710,161.2800,0.5750,1094755045899,0.1050,0.2280
459.0710,161.1340,0.5750,1094755048100,0.1230,0.2450
458.7290,160.9150,0.5750,1094771647200,0.1400,0.2630
458.3430,160.7690,0.5750,1094771728100,0.1580,0.2800
458.1720,160.5500,0.5750,1094771731900,0.1580,0.2800
457.9570,160.3680,0.5750,1094771734400,0.1580,0.2800
457.5290,160.0760,0.5750,1094788067900,0.1580,0.2800
457.0570,160.0030,0.5750,1094804080599,0.1580,0.2800
456.6290,160.0030,0.5760,1094804188399,0.1760,0.2810
456.1140,160.0760,0.5760,1094821055100,0.1930,0.2800
455.8140,160.2220,0.5760,1094821141299,0.1930,0.2800
455.2570,160.3680,0.5770,1094821145500,0.1930,0.2800
454.6570,160.6230,0.5770,1094837375200,0.1930,0.2800
454.2290,160.7690,0.5770,1094837444400,0.1930,0.2800
453.5430,160.9880,0.5770,1094837448600,0.1930,0.2800
453.0290,161.2800,0.5780,1094837450900,0.2100,0.2800
452.1290,161.5720,0.5780,1094854371800,0.2100,0.2800
451.1430,161.9730,0.5780,1094854550999,0.2100,0.2800
450.2430,162.2650,0.5790,1094870696600,0.2100,0.2800
449.2140,162.6300,0.5790,1094870777300,0.2100,0.2800
448.1430,162.9950,0.5800,1094870781500,0.2100,0.2800
447.1140,163.4690,0.5810,1094870785900,0.2100,0.2800
445.4430,163.9800,0.5830,1094870789300,0.2280,0.2800
443.8140,164.4910,0.5840,1094886747800,0.2280,0.2800
442.1000,165.1110,0.5870,1094886834800,0.2280,0.2800
440.4290,165.5490,0.5890,1094903719800,0.2460,0.2800
438.8000,166.0590,0.5920,1094903765100,0.2460,0.2800
437.3860,166.5340,0.5940,1094903768700,0.2460,0.2800
436.1860,166.8260,0.5980,1094903771400,0.2460,0.2800
435.0290,167.1180,0.6020,1094903773500,0.2460,0.2800
434.0000,167.2640,0.6060,1094920679000,0.2460,0.2800
432.9290,167.6650,0.6100,1094920757200,0.2460,0.2800
431.9000,167.8840,0.6150,1094937169500,0.2460,0.2800
430.8710,168.0300,0.6210,1094937248799,0.2460,0.2800
429.8860,168.2490,0.6260,1094937252400,0.2460,0.2800
428.9860,168.3220,0.6330,1094937254600,0.2460,0.2800
428.1710,168.3950,0.6390,1094937256500,0.2460,0.2800
427.4000,168.3950,0.6470,1094954312900,0.2460,0.2800
426.7140,168.3950,0.6550,1094954407600,0.2630,0.2800
425.9000,168.2490,0.6630,1094954412399,0.2800,0.2800
425.3000,168.1030,0.6720,1094954414399,0.2800,0.2800
424.4000,167.8110,0.6820,1094971260300,0.2800,0.2800
423.5000,167.2640,0.6910,1094971377700,0.2800,0.2800
422.7710,166.6800,0.7000,1094971387300,0.2800,0.2800
421.7860,165.4760,0.7080,1094987714899,0.2800,0.2800
420.8000,164.1260,0.7160,1094987792500,0.2800,0.2800
419.9000,162.7030,0.7240,1094987796599,0.2800,0.2800
419.0860,160.9880,0.7320,1094987798599,0.2800,0.2800
418.3570,159.0180,0.7390,1095003853900,0.2800,0.2800
417.5860,156.9380,0.7460,1095003894499,0.2800,0.2970
417.0710,154.6030,0.7510,1095020872000,0.2800,0.2970
416.4710,152.0490,0.7560,1095020947600,0.2800,0.2970
415.5710,147.4150,0.7620,1095020950700,0.2800,0.2970
415.0570,143.7660,0.7660,1095020954900,0.2800,0.2970
414.5860,140.5920,0.7680,1095020957200,0.2800,0.2970
414.0710,135.3740,0.7680,1095036950400,0.2800,0.2970
413.7710,131.2510,0.7660,1095037021500,0.2800,0.2970
413.6430,127.7120,0.7600,1095037025200,0.2800,0.2970
413.4710,124.6470,0.7530,1095037027800,0.2800,0.2970
413.4710,119.1010,0.7440,1095053115900,0.2800,0.2970
413.4710,115.0510,0.7350,1095053222600,0.2800,0.2970
413.5570,111.9860,0.7250,1095070146000,0.2800,0.2970
413.6430,109.5050,0.7150,1095070276700,0.2800,0.2970
413.6860,107.3530,0.7060,1095070280700,0.2800,0.2970
413.8570,105.5280,0.6960,1095070291500,0.2800,0.2970
413.9430,104.1780,0.6830,1095070293600,0.2800,0.2970
413.9430,103.1570,0.6680,1095086925500,0.2800,0.2970
414.0710,102.2450,0.6470,1095087034599,0.2800,0.2970
414.2430,101.5510,0.6210,1095103067200,0.2800,0.2970
414.2860,101.0410,0.6010,1095103172400,0.2970,0.2970
414.3710,100.7490,0.5010,1095103178000,0.2970,0.2970
377.9860,147.9620,0.0350,1095432105899,0.2110,0.2980
377.9000,147.5610,0.1630,1095448956100,0.2110,0.2980
377.9860,148.6920,0.3680,1095497304400,0.2110,0.2980
378.1140,148.9840,0.3850,1095497338899,0.2110,0.2980
378.1140,149.3120,0.4000,1095514273400,0.2110,0.2980
378.1140,149.6770,0.4150,1095514306500,0.2110,0.2980
377.9860,150.3340,0.4290,1095514307800,0.2110,0.2980
377.9860,150.8810,0.4430,1095514308500,0.2110,0.2980
377.9860,151.5380,0.4550,1095514309100,0.2110,0.2980
377.7290,152.2310,0.4670,1095530332000,0.2110,0.2980
377.5140,153.1070,0.4780,1095530352000,0.2110,0.2980
377.2140,153.9460,0.4890,1095546379400,0.2110,0.2980
376.7860,154.8220,0.4990,1095546401300,0.2110,0.2980
376.4000,155.7340,0.5080,1095546402400,0.2110,0.2980
375.9290,156.5000,0.5180,1095546403399,0.2110,0.2980
375.3710,157.4490,0.5260,1095562669700,0.2110,0.2980
374.3860,158.7260,0.5340,1095562699099,0.2110,0.2980
373.1860,159.8570,0.5420,1095562700900,0.2110,0.2980
372.0710,160.9880,0.5500,1095562701900,0.2110,0.2980
370.9140,162.0460,0.5580,1095562702900,0.2110,0.2980
369.5860,162.9220,0.5650,1095578790500,0.2110,0.2980
368.1710,163.8340,0.5720,1095578843800,0.2110,0.2980
366.6710,164.5640,0.5790,1095595777900,0.2110,0.2980
365.0860,165.2570,0.5850,1095595841800,0.2110,0.2980
363.4570,165.8410,0.5910,1095595846100,0.2280,0.2970
362.0000,166.2420,0.5960,1095595848800,0.2280,0.2970
360.7570,166.5340,0.6000,1095611787600,0.2450,0.2980
359.5570,166.6800,0.6050,1095611835600,0.2450,0.2980
358.2710,166.8260,0.6080,1095627920400,0.2450,0.2980
356.9860,166.8260,0.6110,1095627987900,0.2450,0.2980
355.7430,166.8260,0.6130,1095627992200,0.2450,0.2980
354.3710,166.7530,0.6130,1095627994700,0.2450,0.2980
353.0860,166.6070,0.6080,1095627997099,0.2450,0.2980
351.8860,166.3880,0.6000,1095644866800,0.2450,0.2980
350.1290,165.9870,0.5880,1095644949700,0.2450,0.2980
348.6710,165.6220,0.5700,1095661065999,0.2630,0.2970
347.4290,165.3300,0.5470,1095661136400,0.2630,0.2970
346.4430,165.0380,0.5310,1095661140100,0.2630,0.2970
345.4570,164.5640,0.5000,1095661142500,0.2630,0.2970
344.6430,164.1260,0.4160,1095661144900,0.2800,0.2970
343.8710,163.6150,0.3470,1095677014300,0.2800,0.2970
343.3140,162.9950,0.2890,1095677068100,0.2800,0.2970
362.0000,138.3660,0.0110,1095862081199,0.2270,0.0000
362.4710,138.1470,0.0390,1095862092600,0.2270,0.0000
362.9860,137.8190,0.0740,1095862093900,0.2270,0.0000
363.5000,137.6000,0.1130,1095862094800,0.2270,0.0000
363.9710,137.3080,0.1520,1095878175600,0.2270,0.0000
364.5710,137.0890,0.1890,1095878214300,0.2270,0.0000
365.0860,136.7970,0.2240,1095895091000,0.2270,0.0000
365.9000,136.4690,0.2570,1095895110300,0.2270,0.0000
366.7570,136.1040,0.2870,1095895119400,0.2270,0.0000
367.5710,135.7390,0.3140,1095895120299,0.2270,0.0000
368.2140,135.4470,0.3390,1095911136400,0.2270,0.0000
369.1140,135.0460,0.3610,1095911156299,0.2270,0.0000
369.9710,134.6810,0.3800,1095928113700,0.2270,0.0000
370.7860,134.3890,0.3960,1095928163399,0.2270,0.0000
371.6000,134.0240,0.4090,1095928166299,0.2270,0.0000
372.4140,133.6230,0.4180,1095928168200,0.2270,0.0000
373.1860,133.3310,0.4230,1095928169900,0.2270,0.0000
373.7860,133.0390,0.4230,1095944268799,0.2270,0.0000
374.3860,132.8200,0.4140,1095944309000,0.2270,0.0000
375.2000,132.5280,0.3950,1095944311300,0.2270,0.0000
375.8860,132.1270,0.3780,1095944312600,0.2270,0.0000
376.5290,131.9080,0.3150,1095960399699,0.2270,0.0000
377.0860,131.7620,0.2620,1095960472199,0.2270,0.0000
377.5140,131.6160,0.2190,1095977426400,0.2270,0.0000
353.5570,161.5720,0.0500,1096192020799,0.2440,0.0000
353.3430,161.7180,0.0840,1096192052800,0.2440,0.0000
353.0860,161.8640,0.1190,1096192056599,0.2440,0.0000
352.7860,162.0460,0.1530,1096207947700,0.2440,0.0000
352.5710,162.1190,0.1850,1096207983300,0.2440,0.0000
352.2710,162.2650,0.2160,1096207984100,0.2440,0.0000
351.7570,162.4840,0.2710,1096224103999,0.2440,0.0000
351.4570,162.4840,0.2950,1096224133600,0.2440,0.0000
351.1570,162.6300,0.3170,1096224136800,0.2440,0.0000
350.8570,162.7030,0.3380,1096240397100,0.2440,0.0000
350.4290,162.7760,0.3560,1096240432600,0.2440,0.0000
350.2570,162.8490,0.3720,1096240433500,0.2440,0.0000
349.8710,162.8490,0.3870,1096240434300,0.2440,0.0000
349.2290,162.8490,0.4130,1096257416600,0.2620,0.0000
348.9710,162.8490,0.4240,1096274389100,0.2620,0.0000
348.3290,162.7030,0.4430,1096274433999,0.2790,0.0000
347.9430,162.6300,0.4500,1096274435000,0.2790,0.0000
347.4710,162.4110,0.4560,1096290436900,0.2790,0.0000
347.1290,162.1920,0.4600,1096290459099,0.2790,0.0000
346.6570,161.9730,0.4640,1096290459900,0.2790,0.0000
346.2710,161.6450,0.4660,1096290460600,0.2790,0.0000
345.8430,161.2800,0.4680,1096290461399,0.2790,0.0000
345.4570,160.9150,0.4690,1096306447400,0.2790,0.0000
345.0710,160.4410,0.4690,1096306482400,0.2790,0.0000
344.6430,160.0760,0.4690,1096322613000,0.2790,0.0000
344.3430,159.7110,0.4690,1096322633700,0.2790,0.0000
343.9570,159.2730,0.4690,1096322634700,0.2790,0.0000
343.6570,158.8720,0.4690,1096322635199,0.2790,0.0000
343.3140,158.6530,0.4700,1096338835400,0.2790,0.0000
343.1430,158.3610,0.4710,1096338872500,0.2790,0.0000
342.9290,158.1420,0.4710,1096338873800,0.2790,0.0000
342.7140,157.9230,0.4720,1096355190700,0.2790,0.0000
342.5430,157.6680,0.4730,1096355399000,0.2790,0.0000
342.3290,157.5220,0.4740,1096355404800,0.2790,0.0000
341.7290,157.8500,0.4810,1096388319100,0.2790,0.0000
341.5570,157.9960,0.4830,1096388437800,0.2790,0.0000
341.3430,158.4340,0.4870,1096404121100,0.2790,0.0000
341.2140,158.7260,0.4880,1096404202200,0.2790,0.0000
341.1290,158.8720,0.4900,1096404205800,0.2790,0.0000
340.8290,159.4190,0.4920,1096420236800,0.2790,0.0000
340.7430,159.7840,0.4940,1096420350500,0.2790,0.0000
340.4430,160.2220,0.4960,1096420357400,0.2790,0.0000
340.2290,160.6230,0.4970,1096436381900,0.2790,0.0000
340.0140,161.0610,0.4990,1096436518600,0.2790,0.0000
339.7570,161.4260,0.5000,1096436750900,0.2790,0.0000
339.4570,161.7910,0.5020,1096436758600,0.2790,0.0000
339.1570,162.2650,0.5030,1096452480800,0.2790,0.0000
338.8570,162.6300,0.5050,1096452548400,0.2790,0.0000
338.5140,162.9950,0.5060,1096452551600,0.2790,0.0000
338.1290,163.2860,0.5070,1096469383299,0.2790,0.0000
337.7430,163.6880,0.5090,1096470035900,0.2790,0.0000
337.3570,163.9800,0.5100,1096470157300,0.2790,0.0000
336.9290,164.1990,0.5110,1096470163400,0.2790,0.0000
336.4570,164.4910,0.5120,1096485481500,0.2790,0.0000
336.0290,164.7460,0.5130,1096485551199,0.2270,0.0000
335.5570,164.8920,0.5140,1096485554599,0.2440,0.0000
335.1290,165.0380,0.5150,1096502319600,0.2620,0.0000
334.7000,165.1840,0.5160,1096502389000,0.2790,0.0000
334.2290,165.2570,0.5170,1096502392800,0.2790,0.0000
333.8430,165.3300,0.5180,1096502395400,0.2790,0.0000
333.4140,165.3300,0.5190,1096518542100,0.2970,0.0000
333.1140,165.3300,0.5200,1096518611600,0.2970,0.0000
332.4290,165.1840,0.5220,1096535149900,0.2970,0.0000
332.0000,165.0380,0.5220,1096535218600,0.2970,0.0000
331.7000,164.8920,0.5230,1096535223000,0.2970,0.0000
331.2290,164.7460,0.5240,1096535225200,0.2970,0.0000
331.0140,164.6360,0.5250,1096551364800,0.2970,0.0000
330.8000,164.4910,0.5260,1096551452900,0.2970,0.0000
330.5000,164.3450,0.5270,1096551461200,0.2970,0.0000
330.0290,164.1260,0.5290,1096568222000,0.2970,0.0000
329.8140,163.9800,0.5300,1096568288200,0.2970,0.0000
329.3430,163.6880,0.5310,1096584367300,0.2970,0.0000
329.1290,163.6880,0.5320,1096584435400,0.2970,0.0000
328.7000,163.5420,0.5330,1096584439100,0.2970,0.0000
328.2290,163.4690,0.5340,1096601240900,0.2970,0.0000
327.8000,163.4690,0.5340,1096618062900,0.2970,0.0000
327.3290,163.5420,0.5350,1096618132200,0.2970,0.0000
327.1140,163.6880,0.5350,1096618134900,0.2970,0.0000
326.9000,163.6880,0.5350,1096634908000,0.2440,-0.0530
326.5140,163.9070,0.5350,1096634987100,0.2630,-0.0350
326.3000,164.1990,0.5350,1096651155999,0.2810,-0.0350
325.9140,164.4910,0.5350,1096651231300,0.2980,-0.0360
325.6140,164.8190,0.5350,1096651233600,0.2980,-0.0360
325.1860,165.0380,0.5350,1096651235399,0.2980,-0.0360
324.8000,165.4030,0.5350,1096667233100,0.2980,-0.0360
324.4140,165.6950,0.5360,1096667314399,0.2980,-0.0360
324.0290,165.9870,0.5360,1096667318600,0.2980,-0.0360
323.6000,166.3150,0.5370,1096667321899,0.2810,-0.0350
323.1290,166.6800,0.5370,1096683534400,0.2810,-0.0350
322.6140,166.9720,0.5380,1096683613200,0.2810,-0.0350
322.1000,167.2640,0.5390,1096683617700,0.2810,-0.0350
321.4140,167.7380,0.5390,1096700538900,0.2810,-0.0350
320.7290,168.1030,0.5400,1096700600100,0.2810,-0.0350
320.0860,168.4680,0.5410,1096700602899,0.2810,-0.0350
319.2710,168.9050,0.5420,1096700604400,0.2810,-0.0350
318.5860,169.2340,0.5430,1096716643799,0.2810,-0.0350
317.9000,169.4530,0.5450,1096716701600,0.2810,-0.0350
317.3000,169.6720,0.5460,1096732966000,0.2810,-0.0350
316.7000,169.8180,0.5480,1096733075100,0.2810,-0.0350
316.1000,170.0360,0.5500,1096733079600,0.2810,-0.0350
315.5000,170.1820,0.5520,1096733082700,0.2810,-0.0350
314.9000,170.3650,0.5540,1096749376799,0.2810,-0.0350
314.3860,170.5110,0.5570,1096749485000,0.2810,-0.0350
313.7860,170.5840,0.5590,1096749490299,0.2810,-0.0350
313.2710,170.6570,0.5620,1096749494700,0.2810,-0.0350
312.6710,170.7300,0.5650,1096749497600,0.2810,-0.0350
312.1140,170.7300,0.5680,1096766326300,0.2810,-0.0350
311.6860,170.7300,0.5720,1096766395300,0.2810,-0.0350
311.3000,170.7300,0.5760,1096782331299,0.2810,-0.0350
310.8710,170.7300,0.5800,1096782392300,0.2800,-0.0710
310.5710,170.6570,0.5840,1096782396099,0.2800,-0.0530
310.1000,170.5840,0.5870,1096782398600,0.2810,-0.0350
309.6710,170.4380,0.5910,1096782400999,0.2810,-0.0350
309.2000,170.1820,0.5950,1096798468000,0.2810,-0.0350
308.8570,170.0360,0.5980,1096798538700,0.2810,-0.0350
308.3860,169.6720,0.6010,1096814525300,0.2810,-0.0350
308.0000,169.5260,0.6040,1096814618700,0.2810,-0.0350
307.6570,169.1610,0.6070,1096814624300,0.2810,-0.0350
307.2710,168.8320,0.6090,1096814627400,0.2810,-0.0350
306.9710,168.3950,0.6110,1096830601200,0.2810,-0.0350
306.6710,168.0300,0.6130,1096830672399,0.2810,-0.0350
306.3710,167.4820,0.6140,1096830674900,0.2810,-0.0350
306.0710,167.0450,0.6160,1096847591199,0.2810,-0.0350
305.8570,166.6070,0.6170,1096847686500,0.2810,-0.0350
305.6000,166.0590,0.6180,1096847692000,0.2810,-0.0350
305.3000,165.6220,0.6190,1096847694300,0.2810,-0.0350
305.0860,165.2570,0.6200,1096863733299,0.2810,-0.0350
304.8710,164.8920,0.6200,1096863784599,0.2810,-0.0350
304.6570,164.4910,0.6210,1096880824000,0.2810,-0.0350
304.4860,164.1260,0.6220,1096880894800,0.2810,-0.0350
304.2710,163.8340,0.6220,1096880897700,0.2810,-0.0350
304.1000,163.6150,0.6230,1096880899400,0.2810,-0.0350
303.9710,163.3960,0.6230,1096880902800,0.2810,-0.0350
303.8000,163.1410,0.6230,1096896877100,0.2810,-0.0350
303.5000,162.7760,0.6240,1096896958999,0.2810,-0.0350
303.4570,162.4840,0.6240,1096896962600,0.2810,-0.0350
303.1570,162.1920,0.6250,1096912971400,0.2810,-0.0350
303.0710,162.0460,0.6260,1096929865399,0.2810,-0.0350
302.9430,161.7910,0.6260,1096929935299,0.2800,-0.0530
302.6860,161.4260,0.6270,1096929939000,0.2810,-0.0350
302.5570,161.2070,0.6270,1096929940600,0.2810,-0.0350
302.4710,160.7690,0.6270,1096945984400,0.2790,0.0000
302.3430,160.4410,0.6270,1096961993800,0.2790,0.0000
302.2570,160.0760,0.6270,1096962085700,0.2790,0.0000
302.1710,159.7110,0.6270,1096962090800,0.2790,0.0000
302.0430,159.2000,0.6270,1096962093400,0.2790,0.0000
301.9570,158.5800,0.6280,1096978058900,0.2790,0.0000
301.7860,157.9960,0.6280,1096978128400,0.2790,0.0000
301.7430,157.3760,0.6280,1096994964799,0.2790,0.0000
301.5710,156.7190,0.6290,1096995026600,0.2790,0.0000
301.4860,156.0990,0.6300,1096995031600,0.2790,0.0000
301.2710,155.5150,0.6310,1096995035400,0.2790,0.0000
301.2710,154.8220,0.6330,1096995038500,0.2790,0.0000
301.1430,154.2380,0.6340,1097010975800,0.2790,0.0000
301.0570,153.7270,0.6360,1097011042899,0.2790,0.0000
300.9710,153.1800,0.6380,1097027970200,0.2790,0.0000
300.8860,152.6690,0.6400,1097028052400,0.2790,0.0000
300.8430,152.2310,0.6420,1097028056700,0.2790,0.0000
300.7570,151.8300,0.6430,1097028059499,0.2790,0.0000
300.6710,151.4650,0.6450,1097028061700,0.2790,0.0000
300.5860,151.1730,0.6460,1097044356500,0.2790,0.0000
300.5430,150.8810,0.6480,1097044430700,0.2790,0.0000
300.5430,150.2610,0.6500,1097060510999,0.2790,0.0000
300.4570,149.9690,0.6520,1097060542799,0.2790,0.0000
300.3710,149.3120,0.6540,1097077540600,0.2790,0.0000
300.3710,149.0570,0.6560,1097077588400,0.2790,0.0000
300.3710,148.6920,0.6570,1097077590000,0.2790,0.0000
300.3710,148.1080,0.6590,1097077591100,0.2790,0.0000
300.3710,147.4880,0.6610,1097077592599,0.2790,0.0000
300.3710,146.8310,0.6630,1097094457100,0.2790,0.0000
300.4570,146.0650,0.6650,1097094506500,0.2790,0.0000
300.4570,145.0070,0.6670,1097110506600,0.2790,0.0000
300.5430,143.9120,0.6700,1097110554300,0.2790,0.0000
300.5430,142.7080,0.6730,1097110556000,0.2790,0.0000
300.5860,141.5040,0.6760,1097110557100,0.2790,0.0000
300.6710,140.2270,0.6790,1097110558200,0.2790,0.0000
300.6710,138.8770,0.6810,1097127448300,0.2790,0.0000
300.6710,137.5270,0.6840,1097127498800,0.2790,0.0000
300.6710,136.1040,0.6860,1097143464100,0.2790,0.0000
300.6710,134.6810,0.6900,1097143498500,0.2790,0.0000
300.7570,132.5280,0.6940,1097143500299,0.2790,0.0000
300.6710,130.7770,0.6980,1097143501500,0.2790,0.0000
300.5860,129.2080,0.7010,1097160494000,0.2790,0.0000
300.5430,127.1280,0.7050,1097160525300,0.2790,0.0000
300.3710,125.0120,0.7080,1097176653700,0.2790,0.0000
300.2860,122.9320,0.7100,1097176684300,0.2790,0.0000
300.0710,121.2900,0.7130,1097176685899,0.2790,0.0000
300.0710,119.2470,0.7150,1097176687100,0.2790,0.0000
299.8570,117.2410,0.7160,1097176688200,0.2790,0.0000
299.6430,115.1240,0.7170,1097192696399,0.2790,0.0000
299.3430,113.2640,0.7170,1097192743699,0.2790,0.0000
298.8710,111.3660,0.7160,1097192745500,0.2790,0.0000
298.5710,109.5050,0.7150,1097192748500,0.2790,0.0000
298.1860,108.0090,0.7150,1097208719499,0.2790,0.0000
297.7570,106.8050,0.7150,1097208749200,0.2790,0.0000
297.5860,105.7470,0.7130,1097208751200,0.2790,0.0000
297.3710,104.8720,0.7100,1097224903200,0.2790,0.0000
297.1570,104.1780,0.7060,1097224938500,0.2790,0.0000
296.9860,103.5950,0.7010,1097224940699,0.2790,0.0000
296.8570,103.0840,0.6950,1097224942099,0.2790,0.0000
296.7710,102.7550,0.6880,1097241118900,0.2790,0.0000
296.7710,102.4640,0.6800,1097241169800,0.2790,0.0000
297.5860,103.0840,0.6020,1097257252000,0.2790,0.0000
298.0570,103.8870,0.5750,1097274153600,0.2790,0.0000
298.8710,105.3820,0.5560,1097274208000,0.2790,0.0000
299.6860,106.9510,0.4630,1097291148000,0.2790,0.0000
300.6710,108.8490,0.3860,1097291188299,0.2790,0.0000
301.5710,110.8550,0.3220,1097291190800,0.2790,0.0000
331.2290,187.2220,0.0460,1097503876100,0.2980,0.1750
331.2290,187.5860,0.1510,1097504053000,0.2450,0.1740
331.2290,187.8780,0.2210,1097519648400,0.2810,0.1750
331.2290,188.3160,0.3110,1097536017599,0.2810,0.1750
331.2290,188.7910,0.3590,1097536052400,0.2810,0.1750
331.3140,189.0090,0.3800,1097552220500,0.2810,0.1750
331.4430,189.3740,0.4120,1097552253600,0.2810,0.1750
331.5290,189.8120,0.4290,1097568349700,0.2810,0.1750
331.6140,189.9950,0.4290,1097568381800,0.2810,0.1750
331.7430,190.2860,0.3910,1097584345799,0.2810,0.1750
331.7430,190.5780,0.2260,1097600503100,0.2810,0.1750
280.9140,102.8280,0.0050,1098047110300,0.0000,0.2970
280.8290,102.3910,0.0270,1098047158300,0.0000,0.2970
280.6570,102.0260,0.0560,1098047160700,0.0000,0.2970
280.5290,101.6610,0.0870,1098047162000,0.0000,0.2970
280.3570,101.3320,0.1180,1098062925000,0.0000,0.2970
280.1430,100.8950,0.1750,1098079939900,0.0000,0.2970
280.0570,100.6760,0.2010,1098079974000,0.0000,0.2970
279.8430,100.3110,0.2470,1098079975700,0.0000,0.2970
279.7140,100.0550,0.2680,1098079976199,0.0000,0.2970
279.5430,99.7640,0.3190,1098112301200,0.0000,0.2970
279.1140,100.3840,0.3720,1098128472200,0.0000,0.2970
279.0290,100.8950,0.3840,1098128508100,0.0000,0.2970
278.9430,101.5510,0.3950,1098128509100,0.0000,0.2970
278.9430,102.3180,0.4070,1098128509800,0.0000,0.2970
278.9000,103.5220,0.4180,1098145431900,0.0000,0.2970
278.8140,104.8720,0.4280,1098145451500,0.0000,0.2970
278.8140,106.2950,0.4390,1098145452400,0.0000,0.2970
278.9430,108.5200,0.4490,1098161498600,0.0000,0.2970
279.0290,110.9280,0.4600,1098161522899,0.0000,0.2790
279.2430,113.3370,0.4700,1098161526300,0.0000,0.2970
279.4140,115.8910,0.4800,1098161527400,0.0000,0.2970
279.6290,118.3350,0.4910,1098177590200,0.0000,0.2970
279.9290,120.8890,0.5020,1098177640700,0.0000,0.2970
280.1430,123.3700,0.5130,1098177644800,0.0000,0.2970
280.4430,125.9240,0.5230,1098193806600,0.0000,0.2970
280.7430,128.4780,0.5320,1098193858400,0.0000,0.2970
280.9570,130.9230,0.5410,1098193860600,0.0000,0.2970
281.3430,133.4770,0.5490,1098210789700,0.0000,0.2970
281.6430,135.8850,0.5560,1098210869600,0.0000,0.2970
282.0290,138.3660,0.5630,1098210873300,0.0000,0.2970
282.4140,140.7380,0.5710,1098210875700,0.0000,0.2970
282.7140,143.1460,0.5790,1098210877900,0.0000,0.2970
282.9290,145.6270,0.5870,1098227051099,0.0000,0.2970
283.1430,147.8530,0.5950,1098227122999,0.0000,0.2970
283.3140,150.0420,0.6030,1098243044000,0.0000,0.2970
283.6140,152.0490,0.6100,1098243110599,0.0000,0.2970
283.7430,153.6540,0.6170,1098243114000,0.0000,0.2970
283.8290,155.0040,0.6230,1098243116100,0.0000,0.2970
283.9140,156.0990,0.6280,1098259279599,0.0000,0.2970
283.9570,157.0840,0.6340,1098259348699,0.0000,0.2970
284.0430,157.9230,0.6390,1098275322199,0.0000,0.2970
284.0430,158.6530,0.6430,1098275402799,0.0000,0.2970
284.1290,159.3460,0.6470,1098275406600,0.0000,0.2970
284.1290,159.9300,0.6510,1098275408799,0.0000,0.2970
284.0430,160.5500,0.6550,1098275410799,0.0000,0.2970
284.0430,161.0610,0.6590,1098291606100,0.0000,0.2970
283.9570,161.4990,0.6630,1098291674000,0.0000,0.2970
283.9140,161.9730,0.6660,1098291676399,0.0000,0.2970
283.7430,162.3380,0.6690,1098291677900,0.0000,0.2970
283.6140,162.7030,0.6730,1098307643400,0.0000,0.2970
283.3140,162.9950,0.6760,1098307720999,0.0000,0.2970
283.1430,163.2140,0.6780,1098324711100,0.0000,0.2970
282.9290,163.4690,0.6810,1098324778200,0.0000,0.2970
282.7140,163.6150,0.6830,1098324780600,0.0000,0.2970
282.4140,163.6880,0.6860,1098324782200,0.0000,0.2970
282.1140,163.8340,0.6870,1098340710100,0.0000,0.2970
281.7290,163.8340,0.6890,1098340899000,0.0000,0.2970
281.3430,163.9070,0.6910,1098340920100,0.0000,0.2970
280.8290,163.8340,0.6920,1098357640100,0.0000,0.2970
280.2290,163.6880,0.6920,1098357701599,0.0000,0.2970
279.4570,163.6150,0.6920,1098357703800,0.0000,0.2970
278.5140,163.2860,0.6920,1098357705400,0.0000,0.2970
277.6140,162.9220,0.6900,1098373760799,0.0000,0.2970
276.6290,162.4840,0.6890,1098373828100,0.0000,0.2970
275.6000,162.1190,0.6870,1098389961899,0.0000,0.2970
274.1000,161.2800,0.6840,1098390038000,0.0000,0.2970
272.5140,160.5500,0.6810,1098390041700,0.0000,0.2970
271.1000,159.7110,0.6780,1098390043599,0.0000,0.2970
269.6000,158.7990,0.6760,1098390045700,0.0000,0.2970
268.1000,157.9230,0.6730,1098405974600,0.0000,0.2970
266.6000,157.0110,0.6710,1098406020599,0.0000,0.2970
265.3140,156.0990,0.6690,1098422952599,0.0000,0.2970
263.9000,155.2960,0.6670,1098423027900,0.0000,0.2970
262.7000,154.6760,0.6650,1098423031699,0.0000,0.2970
261.5860,154.0920,0.6630,1098423033699,0.0000,0.2970
260.2140,153.3260,0.6620,1098423035999,0.0000,0.2970
258.9710,152.8150,0.6600,1098438963900,0.0000,0.2970
257.8140,152.3770,0.6590,1098439020800,0.0000,0.2970
256.8710,151.9030,0.6570,1098439024300,0.0000,0.2970
255.7140,151.5380,0.6560,1098439026500,0.0000,0.2970
254.8140,151.1730,0.6540,1098455961299,0.0000,0.2970
253.8710,150.8810,0.6520,1098456037400,0.0000,0.2970
252.9710,150.4800,0.6500,1098472092499,0.0000,0.2970
251.9860,150.2610,0.6490,1098472140400,0.0000,0.2970
250.9570,149.9690,0.6470,1098472142700,0.0000,0.2970
250.1000,149.7500,0.6450,1098472144200,0.0000,0.2970
249.2860,149.5310,0.6430,1098472145600,0.0000,0.2970
248.5570,149.3120,0.6400,1098488314100,0.0000,0.2970
247.9570,149.3120,0.6380,1098488541700,0.0000,0.2970
247.2710,149.1300,0.6360,1098505346900,0.0000,0.2970
246.6710,149.1300,0.6340,1098505443800,0.0000,0.2970
245.9860,149.0570,0.6310,1098505447400,0.0000,0.2970
245.3860,149.0570,0.6290,1098505449600,0.0000,0.2970
244.8710,149.0570,0.6280,1098521462500,0.0000,0.2970
244.3570,149.0570,0.6260,1098521553800,0.0000,0.2970
243.9710,149.0570,0.6230,1098521557600,0.0000,0.2970
243.6710,149.0570,0.6210,1098538425900,0.0000,0.2970
243.2860,149.0570,0.6170,1098538505400,0.0000,0.2970
242.7710,149.1300,0.6100,1098538515700,0.0000,0.2970
242.5570,149.2030,0.6070,1098554877100,0.0000,0.2970
242.1710,149.3120,0.6000,1098554963800,0.0000,0.2970
242.0430,149.5310,0.5920,1098571704100,0.0000,0.2970
242.5570,149.8960,0.5820,1098588672700,0.0000,0.2970
243.0710,150.0420,0.5800,1098588735399,0.0000,0.2970
243.5860,150.1880,0.5780,1098588738700,0.0000,0.2970
244.1860,150.3340,0.5760,1098604884800,0.0000,0.2970
245.1710,150.4800,0.5750,1098605001500,0.0000,0.2970
245.9860,150.8810,0.5730,1098621985700,0.0180,0.2980
246.9710,151.1730,0.5720,1098622083000,0.0530,0.2980
247.9570,151.4650,0.5720,1098622087799,0.0880,0.2980
248.8570,151.6840,0.5710,1098622092099,0.1230,0.2980
249.7570,152.1580,0.5710,1098622094399,0.1400,0.2970
250.6570,152.5960,0.5710,1098638813300,0.1570,0.2970
251.3860,152.8880,0.5710,1098638881899,0.1750,0.2980
252.1570,153.3990,0.5720,1098654982100,0.1930,0.2980
252.8000,153.9460,0.5730,1098655157900,0.2110,0.2980
253.3570,154.3110,0.5740,1098655164999,0.2280,0.2970
253.7860,154.7490,0.5760,1098655169700,0.2450,0.2980
254.1710,155.1500,0.5790,1098655181000,0.2450,0.2980
254.4710,155.5880,0.5820,1098671965300,0.2450,0.2980
254.5570,156.0260,0.5850,1098672022900,0.2450,0.2980
254.7710,156.5000,0.5870,1098672026300,0.2450,0.2980
254.8140,156.9380,0.5910,1098672028600,0.2450,0.2980
254.7710,157.3030,0.5940,1098688061699,0.2450,0.2980
254.7710,157.8500,0.5970,1098688151200,0.2450,0.2980
254.5570,158.3610,0.6000,1098704907900,0.2450,0.2980
254.3000,158.8720,0.6030,1098704968200,0.2450,0.2980
253.7860,159.6380,0.6060,1098704970300,0.2450,0.2980
253.2710,160.3680,0.6080,1098704971599,0.2450,0.2980
252.6710,161.0610,0.6110,1098704972700,0.2450,0.2980
251.9000,161.6450,0.6130,1098721888600,0.2450,0.2980
251.0860,162.3380,0.6150,1098721938299,0.2450,0.2980
249.7570,163.2140,0.6170,1098738207300,0.2450,0.2980
248.4710,164.0530,0.6180,1098738246100,0.2450,0.2980
247.2710,164.6360,0.6200,1098738247800,0.2450,0.2980
246.1570,165.1110,0.6210,1098738248800,0.2450,0.2980
245.0430,165.4760,0.6220,1098755191199,0.2450,0.2980
244.1430,165.8410,0.6230,1098755224600,0.2450,0.2980
243.0710,166.0590,0.6200,1098755226100,0.2450,0.2980
242.0430,166.3880,0.6160,1098772178799,0.2450,0.2980
241.0570,166.5340,0.6100,1098772222600,0.2450,0.2980
240.1570,166.6070,0.6010,1098772224000,0.2450,0.2980
239.3860,166.5340,0.5880,1098772224999,0.2450,0.2980
238.7430,166.4610,0.5710,1098772225799,0.2450,0.2980
238.0570,166.2420,0.5500,1098788270400,0.2450,0.2980
237.3290,165.9140,0.5200,1098788321900,0.2450,0.2980
236.4710,165.4760,0.5000,1098804475800,0.2450,0.2980
235.7430,164.8920,0.4170,1098804544600,0.2450,0.2980
234.9710,164.4180,0.3470,1098804546900,0.2450,0.2980
234.3290,163.6880,0.2890,1098804548500,0.2450,0.2980
211.6140,156.2450,0.2240,1098936845000,0.2450,0.2980
211.1000,156.0260,0.3370,1098936897900,0.2450,0.2980
210.6290,155.8070,0.3880,1098936900299,0.2450,0.2980
210.2000,155.5880,0.4090,1098936901200,0.2450,0.2980
209.7290,155.4420,0.4180,1098952678400,0.2450,0.2980
209.4290,155.2230,0.4200,1098952719700,0.2450,0.2980
209.1290,155.0770,0.4220,1098952721200,0.2450,0.2980
208.8290,155.0040,0.4240,1098969637200,0.2450,0.2980
208.5290,154.8220,0.4260,1098969704000,0.2450,0.2980
208.0140,154.6760,0.4300,1098969707199,0.2450,0.2980
207.7140,154.6030,0.4330,1098986297600,0.2450,0.2980
207.4140,154.5300,0.4370,1098986373100,0.2450,0.2980
207.1140,154.4570,0.4410,1099003203100,0.2450,0.2980
206.7290,154.4570,0.4460,1099003237100,0.2450,0.2980
205.7000,154.5300,0.4560,1099003250600,0.2450,0.2980
205.1000,154.6760,0.4620,1099003251200,0.2450,0.2980
204.4140,154.8220,0.4670,1099020199699,0.2450,0.2980
203.5140,155.2230,0.4730,1099020224200,0.2450,0.2980
202.6140,155.5880,0.4770,1099020225900,0.2450,0.2980
201.7140,156.0260,0.4820,1099020226899,0.2450,0.2980
200.9000,156.5000,0.4860,1099036310100,0.2450,0.2980
200.0860,157.1570,0.4900,1099036359900,0.2450,0.2980
199.3140,157.8500,0.4940,1099052416900,0.2450,0.2980
198.6710,158.5800,0.4970,1099052481900,0.2450,0.2980
198.0710,159.3460,0.5000,1099052485900,0.2450,0.2980
197.5570,160.0760,0.5020,1099052487900,0.2450,0.2980
197.0860,160.9150,0.5050,1099052490100,0.2450,0.2980
196.7860,161.7910,0.5070,1099069431100,0.2450,0.2980
196.5710,162.4840,0.5090,1099069484500,0.2450,0.2980
196.4860,163.2860,0.5110,1099069487600,0.2450,0.2980
196.5710,163.9800,0.5130,1099085590299,0.2450,0.2980
196.7000,164.5640,0.5140,1099085669000,0.2450,0.2980
197.0860,165.4760,0.5160,1099085673099,0.2450,0.2980
197.6860,166.3150,0.5170,1099102563200,0.2450,0.2980
198.8000,167.4820,0.5190,1099102611500,0.2450,0.2980
200.0000,168.6130,0.5210,1099102613600,0.2450,0.2980
201.2860,169.5990,0.5220,1099102615200,0.2450,0.2980
202.5710,170.5840,0.5240,1099102616599,0.2450,0.2980
203.8140,171.5320,0.5250,1099118766600,0.2450,0.2980
205.0140,172.4450,0.5270,1099118941700,0.2450,0.2980
206.0860,173.2840,0.5280,1099134911000,0.2450,0.2980
206.9000,173.9410,0.5300,1099134966400,0.2450,0.2980
207.6290,174.6340,0.5320,1099134969400,0.2450,0.2980
208.2290,175.2910,0.5340,1099134971300,0.2450,0.2980
208.7860,175.9840,0.5370,1099151244500,0.2450,0.2980
209.2140,176.6410,0.5410,1099151309200,0.2450,0.2980
209.4290,177.2970,0.5470,1099167461000,0.2450,0.2980
209.6000,177.9910,0.5540,1099167502800,0.2450,0.2980
209.6000,178.5740,0.5610,1099167504999,0.2450,0.2980
209.4290,179.2680,0.5690,1099167506400,0.2450,0.2980
209.1290,180.2530,0.5770,1099167507700,0.2460,0.2800
208.3140,181.6030,0.5860,1099184397600,0.2460,0.2800
207.2860,182.8430,0.5940,1099184451500,0.2460,0.2800
205.9140,183.9740,0.6030,1099184454700,0.2460,0.2800
204.4140,185.1050,0.6110,1099200465299,0.2460,0.2800
202.7860,186.0180,0.6210,1099200525499,0.2460,0.2800
200.9860,186.7470,0.6310,1099200528400,0.2460,0.2800
199.1860,187.3680,0.6420,1099216654500,0.2460,0.2800
197.3860,187.6590,0.6530,1099216701099,0.2460,0.2800
195.7570,187.6590,0.6640,1099216704400,0.2630,0.2800
194.2570,187.6590,0.6750,1099216706200,0.2800,0.2800
192.3710,187.4410,0.6860,1099216707999,0.2800,0.2800
190.5710,186.9660,0.6960,1099232731500,0.2800,0.2800
188.7710,186.2370,0.7040,1099232773700,0.2800,0.2800
187.0570,185.2510,0.7090,1099248896699,0.2800,0.2800
185.3860,184.0470,0.7090,1099248963600,0.2800,0.2800
183.8430,182.6240,0.7010,1099248966599,0.2800,0.2800
181.2290,179.4140,0.6890,1099248968400,0.2800,0.2800
179.6430,176.6410,0.6720,1099264938200,0.2800,0.2800
178.6570,173.8680,0.6480,1099265028999,0.2800,0.2800
177.9290,168.8320,0.6280,1099265033500,0.2800,0.2800
177.6710,164.7460,0.5230,1099281859500,0.2800,0.2800
178.2290,159.0180,0.4360,1099281913500,0.2630,0.2970
179.4290,151.4650,0.3630,1099281931600,0.2800,0.2970
