658.6000,93.5220,1.0000,1879351595900,0.2450,0.5950
648.2710,96.8050,1.0000,1880576489500,0.2620,0.5940
645.0570,92.6090,0.0060,1880694603100,0.2810,0.5940
644.9710,93.1570,0.0170,1880694656300,0.2810,0.5940
644.9710,93.7400,0.0290,1880694659700,0.2810,0.5940
644.8000,94.3610,0.0410,1880694661600,0.2810,0.5940
644.7570,95.0910,0.0520,1880694671900,0.2810,0.5940
644.6720,95.8570,0.0630,1880710519600,0.2810,0.5940
644.6720,96.5860,0.0730,1880710553900,0.2810,0.5940
644.5860,97.7910,0.0830,1880726690500,0.2810,0.5940
644.4570,100.1990,0.1120,1880726744300,0.2460,0.5770
644.2860,105.6720,0.0180,1880760607900,0.2800,0.5760
644.2000,109.3930,0.0320,1880760770200,0.2810,0.5940
644.2000,110.9990,0.0350,1880760814100,0.2800,0.6120
644.0710,112.3490,0.0390,1880777671800,0.2800,0.6120
644.0710,113.6620,0.0460,1880777719800,0.2800,0.6120
643.9000,115.7780,0.0490,1880777722000,0.2800,0.6280
643.8570,117.4200,0.0530,1880777723000,0.2800,0.6280
643.7710,118.9890,0.0540,1880777723900,0.2800,0.6280
643.6860,120.2660,0.0760,1880793760900,0.2800,0.6280
643.6860,121.6160,0.0780,1880793797400,0.2800,0.6280
643.7710,122.9660,0.0780,1880810723400,0.2800,0.6280
643.6860,124.1700,0.0790,1880810783900,0.2800,0.6280
643.6860,125.5200,0.0800,1880810786900,0.2800,0.6280
643.6860,126.8700,0.0810,1880810788400,0.2800,0.6280
643.7710,128.0740,0.0840,1880826718200,0.2800,0.6280
643.6860,129.2780,0.0870,1880826754800,0.2800,0.6280
643.6860,130.3730,0.0890,1880842803300,0.2800,0.6280
643.6860,131.5040,0.0900,1880842852800,0.2800,0.6280
643.6860,132.4890,0.0920,1880842856300,0.2800,0.6280
643.6000,133.6200,0.0940,1880842858200,0.2800,0.6280
643.6000,134.5690,0.1000,1880859800400,0.2800,0.6280
643.6000,135.4080,0.1040,1880859847800,0.2800,0.6280
643.6000,136.2470,0.1040,1880859850700,0.2800,0.6280
643.5570,137.0500,0.1070,1880875830400,0.2800,0.6280
643.5570,137.8890,0.1080,1880875882100,0.2800,0.6280
643.4710,138.6920,0.1090,1880875885000,0.2800,0.6280
643.4710,139.5310,0.1100,1880875886300,0.2800,0.6280
643.3860,140.3700,0.1090,1880891896900,0.2800,0.6280
643.4710,141.1000,0.1100,1880891952800,0.2800,0.6280
643.4710,141.9390,0.1100,1880891956500,0.2800,0.6280
643.3860,142.6690,0.1130,1880891958000,0.2800,0.6280
643.3860,143.5080,0.1120,1880907958000,0.2800,0.6280
643.3860,144.1650,0.1110,1880908025300,0.2800,0.6280
643.3860,144.9310,0.1050,1880924006300,0.2800,0.6280
643.3860,145.6610,0.1120,1880924350700,0.2800,0.6280
643.3000,146.3540,0.1140,1880924629700,0.2800,0.6280
643.3000,147.0110,0.1110,1880924638600,0.2800,0.6280
643.3000,147.7040,0.1100,1880940203700,0.2800,0.6280
643.3000,148.2880,0.1130,1880940303700,0.2800,0.6280
643.2570,148.9810,0.1130,1880957236200,0.2800,0.6280
643.1710,149.5650,0.1130,1880957335900,0.2800,0.6280
643.1710,150.1850,0.1130,1880957343400,0.2800,0.6280
643.1710,150.7690,0.1130,1880957347200,0.2800,0.6280
643.1710,151.3530,0.1130,1880957351600,0.2800,0.6280
643.1710,151.9000,0.1110,1880973639700,0.2800,0.6280
643.0860,152.4110,0.1150,1880973722300,0.2800,0.6280
643.0860,152.8490,0.1150,1880990424200,0.2800,0.6280
643.0860,153.3230,0.1140,1880990821500,0.2800,0.6280
643.0860,153.7610,0.1150,1880990829900,0.2800,0.6280
643.1710,154.1260,0.1150,1880990832000,0.2800,0.6280
643.1710,154.4540,0.1180,1881007468900,0.2800,0.6280
643.2570,154.8190,0.1150,1881007546900,0.2800,0.6280
643.2570,155.1110,0.1140,1881007550100,0.2800,0.6280
643.2570,155.4030,0.1140,1881024170200,0.2800,0.6280
643.3000,155.8040,0.1130,1881024253400,0.2800,0.6280
643.3860,156.0960,0.1130,1881024256300,0.2800,0.6280
643.4710,156.3880,0.1150,1881024258200,0.2800,0.6280
643.4710,156.6800,0.1140,1881041121600,0.2800,0.6280
643.5570,157.0450,0.1200,1881041170500,0.2800,0.6280
643.5570,157.3730,0.1160,1881041173200,0.2800,0.6280
643.5570,157.6650,0.1140,1881041174600,0.2800,0.6280
643.6000,158.1760,0.1150,1881058137600,0.2800,0.6280
643.6860,158.4680,0.1170,1881075172500,0.2800,0.6280
643.7710,158.9420,0.1160,1881075217900,0.2800,0.6280
643.7710,159.1610,0.1150,1881075222600,0.2800,0.6280
643.7710,159.5990,0.1100,1881091691000,0.2800,0.6280
643.7710,159.8180,0.1030,1881091743500,0.2800,0.6280
643.8570,160.1460,0.0610,1881107810300,0.2800,0.6280
613.0000,134.1310,0.0040,1882254559200,0.2110,0.5770
612.4430,134.3500,0.0130,1882254672700,0.2110,0.5770
611.9290,134.4960,0.0240,1882254678500,0.2110,0.5770
611.3280,134.7150,0.0350,1882254680100,0.2110,0.5770
610.6860,134.8970,0.0460,1882254681700,0.2110,0.5770
610.0860,135.1160,0.0570,1882270475700,0.2110,0.5770
609.4000,135.1890,0.0670,1882270531000,0.2110,0.5770
608.7140,135.3350,0.0760,1882286642300,0.2110,0.5770
607.9860,135.4080,0.0850,1882286695000,0.2110,0.5770
607.2140,135.4810,0.0930,1882286698200,0.2110,0.5770
606.5290,135.4810,0.1000,1882286710500,0.2110,0.5770
605.8000,135.4810,0.1070,1882286712500,0.2110,0.5770
605.1140,135.4080,0.1140,1882302651100,0.2110,0.5770
604.4290,135.3350,0.1200,1882302685800,0.2110,0.5770
603.7860,135.2620,0.1250,1882319639600,0.2110,0.5770
603.1860,135.1160,0.1300,1882319675900,0.2110,0.5770
602.5860,134.9700,0.1350,1882319683700,0.2110,0.5770
602.1140,134.7150,0.1390,1882319684800,0.2110,0.5770
601.6000,134.4960,0.1430,1882335807300,0.2110,0.5770
601.1720,134.2770,0.1470,1882335855400,0.2110,0.5770
600.7860,133.9850,0.1500,1882335857300,0.2110,0.5770
600.5710,133.6200,0.1530,1882335858300,0.2110,0.5770
600.2710,133.2190,0.1550,1882335859200,0.2110,0.5770
600.0140,132.9270,0.1580,1882352064300,0.2110,0.5770
599.8860,132.4890,0.1600,1882352126100,0.2110,0.5770
599.8000,132.0510,0.1620,1882368982400,0.2100,0.5940
599.8860,131.6500,0.1630,1882369038800,0.2100,0.5940
599.8860,131.2850,0.1650,1882369041600,0.2100,0.5940
600.0140,130.8470,0.1670,1882369043400,0.2100,0.5940
600.1860,130.3730,0.1680,1882385053300,0.2100,0.5940
600.4000,129.9350,0.1690,1882385110100,0.2100,0.5940
600.7000,129.4970,0.1700,1882401099600,0.2100,0.5940
600.9140,129.0960,0.1710,1882401148900,0.2100,0.5940
601.2140,128.7310,0.1720,1882401150700,0.2100,0.5940
601.6000,128.4390,0.1720,1882401151600,0.2100,0.5940
601.9000,128.1470,0.1730,1882401154800,0.2100,0.5940
602.3710,127.8550,0.1730,1882417325100,0.2100,0.5940
602.8000,127.5270,0.1740,1882417402100,0.2100,0.5940
603.1860,127.3080,0.1740,1882417408900,0.2100,0.5940
603.7000,127.1620,0.1750,1882417412400,0.2100,0.5940
604.1290,127.0160,0.1750,1882433457700,0.2100,0.5940
604.6860,126.8700,0.1760,1882433541000,0.2100,0.5940
605.2000,126.7240,0.1770,1882449469500,0.2100,0.5940
605.7140,126.6510,0.1780,1882449549400,0.2100,0.5940
606.2290,126.6510,0.1790,1882449553300,0.2100,0.5940
606.7860,126.7240,0.1810,1882449555400,0.2100,0.5940
607.3000,126.8700,0.1830,1882466477300,0.2100,0.5940
607.9000,127.0890,0.1850,1882466554000,0.2100,0.5940
608.3290,127.3810,0.1870,1882466560200,0.2100,0.5940
609.0140,127.9280,0.1900,1882482487300,0.2100,0.5940
609.6140,128.5120,0.1930,1882482578500,0.2100,0.5940
610.0860,129.2050,0.1950,1882482584900,0.2100,0.5940
610.3860,129.8620,0.1980,1882482588200,0.2100,0.5940
610.6000,130.5550,0.2010,1882498540000,0.2100,0.5940
610.7290,131.2120,0.2040,1882498625400,0.2100,0.5940
610.9000,131.8690,0.2060,1882515535400,0.2100,0.5940
610.9000,132.6350,0.2090,1882515619600,0.2100,0.5940
610.9000,133.4010,0.2120,1882515626900,0.2100,0.5940
610.8140,134.0580,0.2150,1882515630400,0.2100,0.5940
610.6000,135.0430,0.2180,1882515633500,0.2100,0.5940
610.3000,135.8460,0.2210,1882532100200,0.2100,0.5940
609.7860,136.6850,0.2250,1882532169600,0.2100,0.5940
609.2290,137.4880,0.2290,1882532176800,0.2100,0.5940
608.5860,138.2540,0.2340,1882548405100,0.2100,0.5940
607.3000,139.3120,0.2380,1882548501900,0.2100,0.5940
606.0140,140.2610,0.2430,1882548509600,0.2100,0.5940
604.6860,141.1000,0.2480,1882565346500,0.2100,0.5940
603.2290,142.0120,0.2520,1882565415300,0.2100,0.5940
601.6860,142.7420,0.2560,1882565419300,0.2100,0.5940
599.9710,143.4350,0.2600,1882565421400,0.2100,0.5940
598.3000,144.0920,0.2640,1882565427000,0.2100,0.5940
596.5860,144.7120,0.2670,1882582339300,0.2100,0.5940
594.8710,145.2960,0.2710,1882582451700,0.2100,0.5940
593.1570,145.8070,0.2740,1882598306300,0.2100,0.5940
591.7000,146.2080,0.2780,1882598356300,0.2100,0.5940
589.9860,146.6460,0.2810,1882598360600,0.2100,0.5940
588.4860,147.0110,0.2840,1882598362900,0.2100,0.5940
586.6860,147.4850,0.2860,1882615296600,0.2100,0.5940
585.1430,147.7770,0.2890,1882615385100,0.2270,0.5940
583.8570,147.9960,0.2910,1882615390700,0.2270,0.5940
582.6570,148.2150,0.2930,1882632278400,0.2270,0.5940
581.5430,148.4340,0.2950,1882632324700,0.2450,0.5950
580.4710,148.5800,0.2970,1882632327400,0.2450,0.5950
579.5710,148.7260,0.2990,1882632328800,0.2450,0.5950
578.7570,148.8350,0.3010,1882632330000,0.2450,0.5950
578.0290,148.8350,0.3020,1882649261800,0.2450,0.5950
577.4290,148.9080,0.3030,1882649297700,0.2450,0.5950
576.6570,148.8350,0.3010,1882665318900,0.2450,0.5950
576.1430,148.7260,0.2950,1882665372200,0.2450,0.5950
575.6710,148.5800,0.2860,1882665374000,0.2450,0.5950
575.1570,148.3610,0.2730,1882665375000,0.2450,0.5950
574.7290,148.0690,0.2530,1882681412900,0.2450,0.5950
574.3430,147.6310,0.2110,1882681462500,0.2450,0.5950
574.1290,147.0840,0.1760,1882681464200,0.2450,0.5950
573.7430,143.6540,1.0000,1882698367900,0.2450,0.5950
583.9430,119.3910,0.0080,1882862108500,0.2630,0.5760
583.9860,118.8430,0.0310,1882862157600,0.2630,0.5760
583.9860,118.1870,0.0550,1882878839700,0.2630,0.5760
584.0710,117.6390,0.0760,1882878899300,0.2630,0.5760
584.0710,117.2010,0.0940,1882878902000,0.2630,0.5760
584.1570,116.9090,0.1080,1882878903700,0.2630,0.5760
584.2430,116.5450,0.1190,1882878905200,0.2630,0.5760
584.3710,116.2160,0.1280,1882895059200,0.2630,0.5760
584.5430,115.9970,0.1370,1882895110600,0.2630,0.5760
584.7570,115.4860,0.1500,1882912038700,0.2630,0.5760
585.1430,115.1950,0.1560,1882912085000,0.2630,0.5760
585.4430,114.8660,0.1630,1882912086500,0.2630,0.5760
585.8710,114.5010,0.1690,1882912087600,0.2630,0.5760
586.3430,114.2090,0.1750,1882928946000,0.2630,0.5760
586.7710,113.9180,0.1810,1882929002300,0.2630,0.5760
587.2860,113.5890,0.1860,1882945033700,0.2630,0.5760
588.1000,113.2970,0.1910,1882945068200,0.2630,0.5760
588.8710,113.0050,0.1960,1882945070200,0.2630,0.5760
589.7710,112.7140,0.2000,1882945071200,0.2630,0.5760
590.7570,112.4220,0.2040,1882961119000,0.2630,0.5760
591.7000,112.1660,0.2060,1882961150300,0.2630,0.5760
592.7710,111.9470,0.2050,1882977265300,0.2630,0.5760
593.7570,111.8010,0.1970,1882977315500,0.2630,0.5760
594.7000,111.5820,0.1820,1882977317200,0.2630,0.5760
595.6860,111.4370,0.1520,1882977318100,0.2630,0.5760
596.5860,111.3640,0.1260,1882977319000,0.2630,0.5760
597.3140,111.2910,0.1050,1882993328300,0.2630,0.5760
586.5570,139.0200,1.0000,1883294268700,0.2810,0.5940
569.4140,145.3690,0.0080,1883376031500,0.2810,0.5940
567.9570,145.4420,0.0210,1883391784500,0.2810,0.5940
566.6290,145.5150,0.0350,1883391844300,0.2810,0.5940
564.5290,145.5880,0.0500,1883391857400,0.2810,0.5940
562.7290,145.5880,0.0630,1883391858600,0.2810,0.5940
560.4140,145.5880,0.0770,1883407971900,0.2810,0.5940
558.6140,145.5150,0.0890,1883408005100,0.2810,0.5940
556.4290,145.4420,0.1000,1883408006500,0.2810,0.5940
554.7140,145.2960,0.1110,1883424219700,0.2810,0.5940
552.7860,145.0770,0.1200,1883424731100,0.2810,0.5940
551.1140,144.9310,0.1290,1883424745100,0.2810,0.5940
549.7000,144.7120,0.1370,1883424756600,0.2810,0.5940
548.4140,144.4570,0.1450,1883441274800,0.2810,0.5940
546.7000,144.0190,0.1520,1883441602600,0.2810,0.5940
545.2860,143.5810,0.1570,1883458244700,0.2810,0.5940
544.2140,143.2160,0.1630,1883458426900,0.2810,0.5940
543.2710,142.7420,0.1680,1883458431400,0.2810,0.5940
542.2860,142.2310,0.1730,1883458433000,0.2810,0.5940
541.4710,141.6840,0.1770,1883458434900,0.2810,0.5940
540.7860,141.1000,0.1810,1883475258100,0.2810,0.5940
540.1000,140.5160,0.1840,1883475425700,0.2810,0.5940
539.5860,139.8230,0.1870,1883492088900,0.2810,0.5940
539.2000,139.2390,0.1900,1883492139700,0.2810,0.5940
538.9000,138.6190,0.1930,1883492141500,0.2810,0.5940
538.8140,138.1080,0.1950,1883492142500,0.2810,0.5940
538.7710,137.5970,0.1970,1883492143500,0.2810,0.5940
538.7710,137.0500,0.1980,1883508265200,0.2810,0.5940
538.8140,136.6120,0.2000,1883508305100,0.2810,0.5940
538.9000,136.1740,0.2010,1883508306500,0.2810,0.5940
539.0710,135.7000,0.2020,1883508318700,0.2810,0.5940
539.2000,135.2620,0.2030,1883524347200,0.2810,0.5940
539.5860,134.9700,0.2030,1883524425300,0.2810,0.5940
539.9710,134.6420,0.2040,1883541304300,0.2810,0.5940
540.4000,134.4230,0.2040,1883541393300,0.2810,0.5940
540.7860,134.2770,0.2050,1883541400200,0.2810,0.5940
541.3000,134.2040,0.2050,1883541404500,0.2810,0.5940
541.8140,134.2040,0.2060,1883558325000,0.2810,0.5940
542.5000,134.2770,0.2070,1883558431500,0.2810,0.5940
543.1000,134.4230,0.2080,1883558438500,0.2810,0.5940
543.7000,134.6420,0.2100,1883558444500,0.2810,0.5940
544.5140,135.0430,0.2110,1883575282000,0.2810,0.5940
545.2000,135.4080,0.2120,1883575350600,0.2810,0.5940
546.1000,135.9190,0.2130,1883575354800,0.2810,0.5940
546.7860,136.4660,0.2150,1883591480400,0.2810,0.5940
547.3860,137.0500,0.2160,1883591559300,0.2810,0.5940
547.9000,137.6700,0.2170,1883591563400,0.2810,0.5940
548.2860,138.3270,0.2190,1883591566800,0.2810,0.5940
548.4140,139.0200,0.2210,1883607769700,0.2810,0.5940
548.3290,139.6770,0.2230,1883607926000,0.2810,0.5940
548.1140,140.2610,0.2250,1883624796200,0.2800,0.6120
547.7290,141.1730,0.2270,1883624875700,0.2800,0.6120
547.2140,142.1580,0.2290,1883624879800,0.2800,0.6120
546.1860,143.3620,0.2320,1883624884700,0.2800,0.6120
544.9000,144.5300,0.2350,1883641757500,0.2800,0.6120
543.4860,145.5880,0.2380,1883641915800,0.2800,0.6120
542.2000,146.5730,0.2410,1883641986500,0.2800,0.6120
540.7860,147.4850,0.2440,1883641994700,0.2800,0.6120
539.1140,148.2150,0.2470,1883642001700,0.2800,0.6120
537.4000,148.9080,0.2500,1883657917500,0.2800,0.6120
535.5570,149.4920,0.2520,1883657993500,0.2800,0.6120
533.5860,150.0760,0.2550,1883674916100,0.2800,0.6120
531.6570,150.4770,0.2570,1883674999300,0.2800,0.6120
529.5570,150.8420,0.2590,1883675005400,0.2800,0.6120
527.3710,151.1340,0.2610,1883675009700,0.2970,0.6110
525.0570,151.3530,0.2630,1883691246000,0.2970,0.6110
522.7430,151.4990,0.2650,1883691349200,0.2970,0.6110
520.4290,151.6080,0.2660,1883691355700,0.2970,0.6110
518.0710,151.4990,0.2670,1883707466400,0.2970,0.6110
515.9290,151.3530,0.2680,1883707678600,0.2970,0.6110
514.2570,151.2800,0.2690,1883707783800,0.2970,0.6110
512.7570,151.1340,0.2700,1883707792100,0.2970,0.6110
511.5570,150.9880,0.2700,1883723561800,0.2970,0.6110
510.4430,150.7690,0.2710,1883723649200,0.2970,0.6110
509.3290,150.5500,0.2710,1883740681800,0.2970,0.6110
508.5140,150.3310,0.2710,1883741016200,0.2970,0.6110
507.8280,150.0030,0.2700,1883741023900,0.2970,0.6110
507.3570,149.7110,0.2690,1883741028000,0.2970,0.6110
507.0570,149.4920,0.2680,1883741034600,0.2970,0.6110
506.7570,149.1270,0.2660,1883756890300,0.2970,0.6110
506.7140,148.8350,0.2650,1883757123000,0.2970,0.6110
506.7570,148.5070,0.2630,1883757149000,0.2970,0.6110
506.9290,148.0690,0.2620,1883757155500,0.2970,0.6110
507.3140,147.7770,0.2600,1883773979800,0.2970,0.6110
507.7430,147.4120,0.2590,1883774135300,0.2970,0.6110
508.5140,146.9380,0.2580,1883791101800,0.2970,0.6110
509.1570,146.5730,0.2570,1883791202100,0.2970,0.6110
509.8430,146.3540,0.2560,1883791212800,0.2970,0.6110
510.4430,146.2080,0.2550,1883791217500,0.2970,0.6110
511.1290,146.0620,0.2540,1883807830100,0.2970,0.6110
511.7290,146.0620,0.2520,1883807942300,0.2970,0.6110
512.5430,146.1350,0.2520,1883807952000,0.2970,0.6110
513.2290,146.2080,0.2510,1883823844000,0.2970,0.6110
514.0430,146.5000,0.2510,1883823957800,0.2970,0.6110
514.8570,146.8650,0.2500,1883823967900,0.2980,0.5240
518.0710,150.0760,0.0730,1883841922200,0.2980,0.5950
518.5430,150.9880,0.0760,1883857796500,0.2970,0.6110
518.8430,151.9730,0.0760,1883857857400,0.2970,0.6110
519.2290,153.0310,0.0770,1883857859800,0.2970,0.6110
519.3570,154.0530,0.0770,1883874789700,0.2970,0.6110
519.5290,155.2570,0.0790,1883874837600,0.2970,0.6110
519.5290,156.5340,0.0790,1883874848200,0.2970,0.6110
519.5290,157.8110,0.0670,1883874849500,0.2970,0.6110
519.4430,159.1610,0.0340,1883891764500,0.2970,0.6110
530.3710,171.5300,0.0610,1884038605500,0.2810,0.5940
531.0570,171.3110,0.0580,1884038715600,0.2810,0.5940
531.6570,171.0550,0.0540,1884038751200,0.2810,0.5940
532.1720,170.9090,0.0320,1884055359000,0.2810,0.5940
480.7000,111.3640,0.0050,1884404680600,0.2980,0.5760
480.4860,110.9990,0.0140,1884404704000,0.2980,0.5760
480.1860,110.7430,0.0230,1884420588300,0.2980,0.5760
479.8860,110.4510,0.0310,1884420645700,0.2980,0.5760
479.6720,110.3050,0.0390,1884420648200,0.2980,0.5760
479.4570,110.1590,0.0450,1884420659600,0.2980,0.5760
479.2000,110.0130,0.0510,1884436619700,0.2980,0.5760
478.9000,109.7950,0.0610,1884452656600,0.2980,0.5760
478.5570,109.6490,0.0690,1884452708400,0.2980,0.5760
478.1710,109.5760,0.0770,1884452710700,0.2980,0.5760
477.9570,109.7950,0.0880,1884485381600,0.2980,0.5760
477.8710,110.2320,0.0940,1884485431400,0.2980,0.5760
477.7860,110.5970,0.0980,1884485433000,0.2980,0.5760
477.7860,111.2910,0.1000,1884502274500,0.2980,0.5760
477.7860,112.0200,0.1030,1884502315300,0.2980,0.5950
477.8710,113.2240,0.1060,1884518410100,0.2980,0.5950
477.9570,114.5740,0.1080,1884518504800,0.2980,0.5950
478.0860,116.6900,0.1100,1884518509100,0.2980,0.5950
478.1710,118.8430,0.1120,1884518511100,0.2980,0.5950
478.4710,121.1050,0.1140,1884518513100,0.2980,0.5950
478.6860,123.4770,0.1160,1884534743600,0.2980,0.5950
478.9860,125.8850,0.1180,1884534857000,0.2980,0.5950
479.2860,128.4390,0.1200,1884534867000,0.2980,0.5950
479.5860,130.9930,0.1220,1884534871800,0.2980,0.5950
479.9710,133.5470,0.1250,1884550788700,0.2980,0.5950
480.4860,136.1740,0.1270,1884550866500,0.2980,0.5950
481.0000,138.7650,0.1290,1884566911000,0.2980,0.5950
482.1140,143.2890,0.1310,1884566989000,0.2980,0.5950
482.8860,146.4270,0.1330,1884566995500,0.2980,0.5950
483.4000,148.9810,0.1350,1884566999100,0.2980,0.5950
484.0000,150.9880,0.1370,1884567003500,0.2980,0.5950
484.4710,153.1040,0.1390,1884583045300,0.2980,0.5950
484.9860,155.1110,0.1400,1884583131000,0.2980,0.5950
485.3710,157.1180,0.1420,1884599036700,0.2980,0.5950
485.8860,159.2340,0.1440,1884599095500,0.2980,0.5950
486.1860,161.2400,0.1450,1884599099300,0.2980,0.5950
486.2710,162.9190,0.1470,1884599101600,0.2980,0.5950
486.1860,164.4150,0.1480,1884615254200,0.2980,0.5950
486.2710,165.8380,0.1490,1884615338600,0.2980,0.5950
485.9710,167.6990,0.1510,1884615344800,0.2980,0.5950
485.7140,169.2680,0.1530,1884631315700,0.2980,0.5950
485.1140,170.8360,0.1570,1884631399200,0.2980,0.5950
484.3000,172.1860,0.1630,1884631405200,0.2980,0.5950
483.7000,173.3180,0.1690,1884631411200,0.2980,0.5950
483.1000,174.2300,0.1760,1884647323100,0.2980,0.5950
482.3710,174.8860,0.1840,1884647412400,0.2980,0.5950
481.6000,175.5800,0.1920,1884647416200,0.2980,0.5950
480.7000,176.0910,0.2000,1884663552600,0.2980,0.5950
479.7570,176.4550,0.2080,1884663635100,0.2980,0.5950
478.6860,176.7470,0.2150,1884663640600,0.2980,0.5950
477.5710,176.9300,0.2210,1884663644100,0.2980,0.5950
476.2000,177.0760,0.2270,1884679773800,0.2980,0.5950
474.9570,177.0030,0.2330,1884679857700,0.2980,0.5950
472.9430,176.8570,0.2380,1884696699900,0.2980,0.5950
470.7570,176.5280,0.2420,1884696812600,0.3160,0.5940
468.4430,176.0910,0.2460,1884696821500,0.3160,0.5940
466.0860,175.5070,0.2500,1884696826900,0.3330,0.5940
463.7290,174.7410,0.2530,1884696833000,0.3330,0.5940
459.5710,173.1720,0.2560,1884713045000,0.3330,0.5940
456.7430,171.8950,0.2580,1884713127600,0.3330,0.5940
454.5140,170.6910,0.2610,1884729935200,0.3330,0.5940
452.5430,169.5590,0.2630,1884730024300,0.3330,0.5940
450.7430,168.2820,0.2650,1884730030700,0.3330,0.5940
449.0290,166.9320,0.2670,1884730049000,0.3330,0.5940
447.4000,165.6190,0.2680,1884730054100,0.3330,0.5940
445.9000,164.0860,0.2690,1884746023000,0.3330,0.5940
444.4430,162.4450,0.2680,1884746106400,0.3330,0.5940
443.2430,160.8030,0.2620,1884746110600,0.3330,0.5940
442.2140,159.1610,0.2510,1884746112700,0.3330,0.5940
441.6140,157.3000,0.2300,1884762070700,0.3320,0.6110
441.1860,155.4030,0.1910,1884762157500,0.3320,0.6280
441.1000,152.1920,0.8330,1884778430600,0.3320,0.6280
441.2290,149.9300,0.6940,1884778513800,0.3320,0.6280
409.3860,146.9380,0.0110,1886229234400,0.2980,0.5760
409.1710,146.7190,0.0470,1886229394100,0.2980,0.5760
409.0430,146.5000,0.1020,1886245063900,0.2980,0.5760
408.5710,147.0840,0.1800,1886277376900,0.2980,0.5760
408.5710,147.4120,0.1910,1886277424700,0.2980,0.5760
408.5290,147.7040,0.2010,1886277426400,0.2980,0.5760
408.4430,148.2150,0.2110,1886293656600,0.2980,0.5760
408.4430,148.7260,0.2210,1886293720900,0.2980,0.5760
408.3570,149.3460,0.2300,1886310588600,0.2980,0.5760
408.2710,150.0030,0.2380,1886310642500,0.2980,0.5760
408.2710,150.6960,0.2450,1886310645000,0.2980,0.5760
408.2710,151.3530,0.2520,1886310655600,0.2980,0.5760
408.2290,152.1190,0.2580,1886310656700,0.2980,0.5760
408.2290,152.7760,0.2640,1886326851300,0.2980,0.5760
408.2290,153.5420,0.2690,1886326950600,0.2980,0.5760
408.1430,154.1990,0.2740,1886326958400,0.2980,0.5760
408.1430,154.8920,0.2780,1886326962900,0.2980,0.5760
408.0570,155.5490,0.2820,1886343992900,0.2980,0.5760
408.0570,156.2420,0.2860,1886344086600,0.2980,0.5760
408.0570,156.8260,0.2890,1886359937900,0.2980,0.5760
407.9710,157.4460,0.2930,1886360031900,0.2980,0.5760
407.8430,158.0300,0.2960,1886360038900,0.2980,0.5760
407.6290,158.5410,0.2980,1886360044100,0.2980,0.5760
407.3710,159.0150,0.3010,1886376142400,0.3150,0.5760
407.1570,159.4530,0.3030,1886376244900,0.3150,0.5760
406.8570,159.8180,0.3050,1886376253500,0.3150,0.5760
406.5570,160.2190,0.3070,1886393147800,0.3150,0.5760
406.1720,160.4380,0.3090,1886393277900,0.3150,0.5760
405.8710,160.7300,0.3110,1886393286200,0.3150,0.5760
405.5710,160.8760,0.3130,1886393290700,0.3330,0.5770
405.2290,161.0220,0.3140,1886409192800,0.3330,0.5770
404.9290,161.0950,0.3160,1886409272700,0.3330,0.5770
404.5430,161.0950,0.3170,1886426141700,0.3330,0.5770
403.7710,161.0950,0.3190,1886426272800,0.3330,0.5770
403.3430,160.9490,0.3190,1886426322200,0.3330,0.5770
402.8280,160.8030,0.3200,1886426545900,0.3330,0.5770
402.2710,160.5840,0.3200,1886442108300,0.3330,0.5770
401.7570,160.2920,0.3200,1886442176200,0.3330,0.5770
401.2430,160.0000,0.3210,1886458459300,0.3330,0.5770
400.7290,159.5990,0.3210,1886458531900,0.3330,0.5770
400.2140,159.2340,0.3210,1886458536400,0.3330,0.5770
399.8290,158.8690,0.3210,1886458539300,0.3330,0.5770
399.3570,158.4680,0.3210,1886475155400,0.3330,0.5770
399.0140,158.0300,0.3210,1886475229700,0.3330,0.5770
398.6290,157.6650,0.3210,1886475232800,0.3330,0.5770
398.3290,157.3000,0.3210,1886475234600,0.3330,0.5770
398.0290,156.8990,0.3210,1886475236200,0.3330,0.5770
397.6430,156.6070,0.3210,1886492130100,0.3330,0.5770
397.4290,156.3880,0.3210,1886492200300,0.3330,0.5770
397.2140,156.1690,0.3200,1886509068300,0.3330,0.5770
396.9570,155.9500,0.3200,1886509146400,0.3330,0.5770
396.8290,155.8040,0.3190,1886509151400,0.3330,0.5770
396.5290,155.5490,0.3180,1886525184600,0.3330,0.5770
395.9290,155.9500,0.3170,1886541347500,0.3330,0.5770
395.7570,156.1690,0.3180,1886541418800,0.3330,0.5770
395.5430,156.6070,0.3190,1886557589000,0.3330,0.5770
395.4140,156.9720,0.3200,1886557700000,0.3330,0.5770
395.1570,157.4460,0.3220,1886557709500,0.3330,0.5770
394.9430,157.9570,0.3240,1886557716200,0.3330,0.5770
394.7290,158.3950,0.3260,1886573841500,0.3330,0.5770
394.5140,158.8690,0.3270,1886573978300,0.3330,0.5770
394.2140,159.3070,0.3290,1886574013000,0.3330,0.5770
394.0430,159.6720,0.3310,1886590175300,0.3330,0.5770
393.6570,160.0730,0.3330,1886590488600,0.3330,0.5770
393.3570,160.4380,0.3350,1886590513100,0.3330,0.5770
393.0140,160.7300,0.3370,1886590518900,0.3330,0.5770
392.6290,160.9490,0.3400,1886607140300,0.3330,0.5770
392.2430,161.0220,0.3420,1886607233000,0.3330,0.5770
391.8140,161.0950,0.3440,1886624225900,0.3330,0.5770
391.5140,161.0950,0.3460,1886624346800,0.3330,0.5770
390.6140,160.8760,0.3500,1886624357800,0.3330,0.5770
390.0140,160.5840,0.3510,1886640201900,0.3330,0.5770
389.3290,160.2190,0.3530,1886640293300,0.3500,0.5760
388.6000,159.6720,0.3540,1886640300900,0.3500,0.5760
387.9140,159.0880,0.3550,1886656392600,0.3500,0.5760
387.1000,158.4680,0.3550,1886656489500,0.3500,0.5760
386.4140,157.8110,0.3560,1886656494000,0.3500,0.5760
385.7290,157.1180,0.3560,1886656497000,0.3500,0.5760
385.0430,156.5340,0.3560,1886672763300,0.3500,0.5760
384.4860,155.8770,0.3550,1886672896300,0.3500,0.5760
383.9290,155.4030,0.3550,1886672907500,0.3500,0.5940
383.4140,154.9650,0.3540,1886672912600,0.3500,0.5940
383.1140,154.6730,0.3540,1886688864400,0.3500,0.5940
382.7290,154.3450,0.3530,1886689142000,0.3500,0.5940
382.4290,154.1990,0.3530,1886689151400,0.3500,0.5940
382.2140,154.0530,0.3510,1886705753200,0.3500,0.5940
381.7000,154.1260,0.3520,1886705918700,0.3500,0.5940
381.4860,154.2720,0.3520,1886705928700,0.3500,0.5940
381.2290,154.4540,0.3520,1886721836900,0.3500,0.5940
380.9290,154.8190,0.3520,1886721950400,0.3680,0.5950
380.5860,155.1110,0.3520,1886721957500,0.3680,0.5950
380.2860,155.5490,0.3530,1886738727500,0.3680,0.5950
379.8140,155.9500,0.3540,1886738860200,0.3680,0.5950
379.5140,156.3880,0.3550,1886738875500,0.3680,0.5950
379.0860,156.8260,0.3560,1886738886700,0.3680,0.5950
378.6140,157.3000,0.3570,1886754839700,0.3680,0.5950
378.1000,157.8110,0.3590,1886754918200,0.3680,0.5950
377.4140,158.3220,0.3610,1886770823000,0.3680,0.5950
376.6860,158.7960,0.3640,1886770923400,0.3680,0.5950
376.0000,159.2340,0.3660,1886770930500,0.3680,0.5950
375.1000,159.5990,0.3680,1886770935600,0.3680,0.5950
374.3710,159.8910,0.3700,1886770939900,0.3680,0.5950
373.4710,160.1460,0.3720,1886786996700,0.3680,0.5950
372.4860,160.3650,0.3730,1886787163900,0.3680,0.5950
371.4140,160.5110,0.3750,1886803029800,0.3680,0.5950
370.4710,160.5110,0.3770,1886803128000,0.3680,0.5950
369.5710,160.5110,0.3780,1886803132700,0.3680,0.5950
368.4570,160.4380,0.3800,1886803135200,0.3680,0.5950
367.3000,160.2190,0.3810,1886819149300,0.3680,0.5950
366.1860,160.0000,0.3830,1886819269200,0.3680,0.5950
365.1570,159.6720,0.3840,1886819277400,0.3680,0.5950
364.2570,159.2340,0.3860,1886819283100,0.3680,0.5950
363.2710,158.7960,0.3870,1886819287700,0.3850,0.5930
362.4570,158.1030,0.3870,1886835431400,0.3850,0.5930
361.7710,157.3730,0.3880,1886835533000,0.3850,0.5930
360.6570,156.0230,0.3880,1886852406800,0.3850,0.5930
359.9710,154.5270,0.3890,1886852551400,0.3850,0.5930
359.3710,152.7760,0.3890,1886852559400,0.3850,0.5930
358.8570,150.9150,0.3890,1886852565500,0.3850,0.5930
358.5570,148.9080,0.3890,1886868417900,0.3850,0.5930
358.2570,146.7190,0.3890,1886868519100,0.3850,0.5930
358.0430,144.3840,0.3890,1886884523100,0.3850,0.5930
357.7860,142.0120,0.3890,1886884630900,0.3850,0.5930
357.6570,139.6040,0.3890,1886884638400,0.3850,0.6120
357.4430,137.1960,0.3880,1886884642700,0.3850,0.6120
357.3570,134.8240,0.3870,1886884647000,0.3850,0.6120
357.1860,132.5620,0.3870,1886900591300,0.3850,0.6120
357.0570,130.4460,0.3860,1886900668800,0.3850,0.6120
357.0570,128.9500,0.3860,1886917038500,0.3850,0.6120
356.9710,127.6000,0.3850,1886917138200,0.3850,0.6120
356.8860,126.5050,0.3850,1886917143200,0.3850,0.6120
356.8430,125.5930,0.3840,1886917145900,0.3850,0.6120
356.7570,124.9370,0.3840,1886934057500,0.3850,0.6120
356.7570,124.3160,0.3830,1886934176200,0.3850,0.6120
356.7570,123.8050,0.3830,1886934183900,0.3850,0.6120
356.7570,123.3310,0.3830,1886934188700,0.3850,0.6120
356.7570,122.9660,0.3820,1886934193900,0.3850,0.6120
356.8860,122.6010,0.3770,1886950107400,0.3850,0.6120
356.9710,122.3820,0.3580,1886966427400,0.3850,0.6120
356.2430,123.8050,0.8330,1886999180100,0.3850,0.6290
330.1000,146.5730,0.0400,1887213788800,0.3500,0.6110
329.9290,146.7920,0.0790,1887213840900,0.3500,0.6110
329.8000,147.0840,0.1330,1887230379400,0.3680,0.6120
329.7140,147.4120,0.1600,1887230450000,0.3680,0.6120
329.7140,147.7770,0.1740,1887247358500,0.3680,0.6120
329.8430,148.2150,0.1820,1887247410600,0.3680,0.6120
329.9290,148.4340,0.1860,1887264397400,0.3680,0.6120
330.0140,148.7260,0.1890,1887264471700,0.3680,0.6120
330.1430,148.9810,0.1930,1887264474900,0.3680,0.6120
330.3140,149.4190,0.1970,1887264476600,0.3680,0.6120
330.5290,149.8570,0.2010,1887281276800,0.3680,0.6120
330.7000,150.3310,0.2070,1887281316400,0.3680,0.6120
331.0000,150.8420,0.2130,1887297429100,0.3680,0.6120
331.2140,151.3530,0.2190,1887297464500,0.3680,0.6120
331.5140,151.9730,0.2260,1887297469600,0.3680,0.6120
331.6430,152.4840,0.2320,1887297470600,0.3680,0.6120
331.9000,153.1040,0.2390,1887297471700,0.3680,0.6120
331.9430,153.7610,0.2460,1887313505700,0.3680,0.6120
332.1140,154.3450,0.2530,1887313548500,0.3680,0.6120
332.2000,155.0380,0.2590,1887313550400,0.3680,0.6120
332.1140,155.6950,0.2660,1887313551300,0.3680,0.6120
331.9000,156.3880,0.2720,1887329552400,0.3850,0.6120
331.6000,157.3000,0.2780,1887329587300,0.3850,0.6120
331.1290,158.1030,0.2840,1887345590600,0.3850,0.6120
330.5290,158.8690,0.2900,1887345624500,0.3850,0.6120
329.8430,159.5990,0.2950,1887345626200,0.3850,0.6120
329.0290,160.2190,0.3000,1887345627200,0.3850,0.6120
328.1290,160.7300,0.3050,1887362556300,0.3850,0.6120
327.1000,161.1680,0.3090,1887362591300,0.3850,0.6120
325.9000,161.5690,0.3130,1887362592900,0.3850,0.6120
324.7000,161.8610,0.3170,1887379537400,0.3850,0.6120
323.5000,162.0070,0.3210,1887379572600,0.3850,0.6120
322.2140,162.1530,0.3240,1887379574400,0.3850,0.6120
320.9290,162.2260,0.3270,1887379575400,0.3850,0.6120
319.6860,162.2260,0.3280,1887395665800,0.3850,0.6120
318.4860,162.2260,0.3240,1887395743800,0.3850,0.6120
317.3710,162.1530,0.3140,1887411933500,0.3850,0.6120
316.3000,162.0800,0.2980,1887412012000,0.3850,0.6120
315.6140,161.9340,0.2710,1887412015900,0.3850,0.6120
314.9710,161.7150,0.2260,1887412017900,0.3850,0.6120
313.3860,160.3650,0.8330,1887428264200,0.3850,0.6120
313.2140,159.8180,0.6940,1887428349800,0.3850,0.6120
315.5710,147.2300,0.5950,1887526982800,0.3850,0.6120
315.4860,146.5730,0.3940,1887543051300,0.3850,0.6120
315.3140,145.9890,0.2970,1887543100200,0.3850,0.6120
315.1000,145.2960,0.2530,1887559139300,0.3850,0.6120
315.0140,144.6390,0.2350,1887559188000,0.3850,0.6120
314.8860,144.0920,0.2210,1887559203300,0.3850,0.6120
314.8000,143.5080,0.2230,1887559204400,0.3850,0.6120
314.6720,143.0340,0.2260,1887575178800,0.3850,0.6120
314.5860,142.5960,0.2280,1887575239700,0.3850,0.6120
314.5000,142.2310,0.2290,1887575242500,0.3850,0.6120
314.5000,141.9390,0.2300,1887575244500,0.3850,0.6120
314.4140,141.3920,0.2340,1887591269500,0.3850,0.6120
314.4140,140.8810,0.2390,1887607407200,0.3850,0.6120
314.5860,140.7350,0.2430,1887607455200,0.3850,0.6120
314.8000,140.1880,0.2510,1887607457300,0.3850,0.6120
314.9710,140.0420,0.2540,1887623480000,0.3850,0.6120
315.1000,139.8230,0.2580,1887623740200,0.3850,0.6120
315.5710,139.6770,0.2610,1887639498200,0.3850,0.6120
315.9140,139.3850,0.2640,1887639572100,0.3850,0.6120
316.3000,139.1660,0.2670,1887639574700,0.3850,0.6120
316.8140,138.9110,0.2670,1887639579200,0.3850,0.6120
317.4140,138.6920,0.2610,1887655774000,0.3850,0.6120
318.0140,138.5460,0.2480,1887655858000,0.3850,0.6120
318.6140,138.3270,0.2060,1887655861200,0.3850,0.6120
319.5140,138.1080,0.1720,1887672177000,0.3850,0.6120
321.9140,137.3420,1.0000,1887689350100,0.3850,0.6120
322.3000,137.1960,0.8330,1887689517700,0.3850,0.6120
320.8000,145.9890,0.0030,1887771566100,0.3850,0.6120
320.2860,146.7190,0.0220,1887771586700,0.3850,0.6120
319.7710,147.4850,0.0430,1887771594100,0.3850,0.6120
319.1710,148.1420,0.0620,1887787584300,0.3850,0.6120
318.4860,148.8350,0.0780,1887787618300,0.3850,0.6120
317.8000,149.4190,0.0910,1887803660600,0.3850,0.6120
317.0710,150.0760,0.1010,1887803692800,0.3850,0.6120
316.3000,150.7690,0.1090,1887803694500,0.3850,0.6120
315.4000,151.3530,0.1170,1887803695400,0.3850,0.6120
314.2000,152.2650,0.1240,1887820651200,0.3850,0.6120
313.0860,152.9220,0.1300,1887820686100,0.3850,0.6120
312.0570,153.5420,0.1350,1887820688000,0.3850,0.6120
311.1570,153.9800,0.1400,1887836744600,0.3850,0.6120
310.2570,154.4540,0.1460,1887836802000,0.3850,0.6120
309.4000,154.8920,0.1510,1887836804700,0.3850,0.6120
308.5000,155.2570,0.1560,1887836806300,0.3850,0.6120
307.6860,155.5490,0.1610,1887853138900,0.3850,0.6120
307.0000,155.8040,0.1660,1887853185100,0.3850,0.6120
306.4000,156.0230,0.1710,1887869290600,0.3850,0.6120
305.8860,156.1690,0.1750,1887869336800,0.3850,0.6120
305.3710,156.2420,0.1790,1887869338500,0.3850,0.6120
304.9000,156.3880,0.1830,1887869342000,0.3850,0.6120
304.5570,156.3880,0.1870,1887885361800,0.3850,0.6120
304.2570,156.3880,0.1900,1887885427200,0.3850,0.6120
303.6570,156.3880,0.1950,1887885431000,0.3850,0.6120
303.4430,156.2420,0.1970,1887885432900,0.3850,0.6120
302.9710,156.0230,0.2000,1887901999800,0.3850,0.6120
302.7570,155.8770,0.2010,1887918203500,0.3850,0.6120
302.5430,155.6950,0.2020,1887918398100,0.3850,0.6120
302.1570,155.4030,0.2030,1887918407400,0.3850,0.6120
301.9430,155.2570,0.2030,1887935104900,0.3850,0.6120
301.6430,155.0380,0.2030,1887951185000,0.3850,0.6120
301.3860,154.8920,0.2030,1887951276900,0.3850,0.6120
301.0430,154.8920,0.2030,1887951286900,0.3850,0.6120
300.7430,155.3300,0.2070,1887983564900,0.3850,0.6120
300.6570,155.4760,0.2090,1887983667900,0.3850,0.6120
300.5710,155.8040,0.2110,1887983672400,0.3850,0.6120
300.4430,156.0230,0.2130,1887983674700,0.3850,0.6120
300.2710,156.3880,0.2150,1888000549100,0.3850,0.6120
300.0570,156.7530,0.2170,1888000638800,0.3850,0.6120
299.7570,157.2270,0.2190,1888000643000,0.3850,0.6120
299.4570,157.5190,0.2210,1888016663300,0.3850,0.6120
299.0710,157.8840,0.2230,1888016750100,0.3850,0.6120
298.6430,158.1760,0.2250,1888016755000,0.3850,0.6120
298.2570,158.4680,0.2270,1888016757300,0.3850,0.6120
297.6570,158.7960,0.2290,1888032952700,0.3850,0.6120
297.0570,158.9420,0.2300,1888033052300,0.3850,0.6120
296.4570,159.0880,0.2320,1888033059500,0.3850,0.6120
295.7710,159.1610,0.2320,1888033063600,0.3850,0.6120
295.1290,159.1610,0.2320,1888048864500,0.3850,0.6120
294.2710,159.1610,0.2300,1888048940400,0.3850,0.6120
293.3290,159.0150,0.2280,1888048944500,0.3850,0.6120
292.3430,158.7960,0.2260,1888065871400,0.3850,0.6120
291.2290,158.5410,0.2240,1888065959500,0.3850,0.6120
290.2430,158.2490,0.2220,1888065966900,0.3850,0.6120
289.2570,157.9570,0.2200,1888065971000,0.3850,0.6120
288.3570,157.6650,0.2190,1888082870100,0.3850,0.6120
287.5430,157.4460,0.2170,1888082918500,0.3850,0.6120
286.8570,157.2270,0.2160,1888099086400,0.3850,0.6120
286.2140,157.1180,0.2140,1888099184500,0.3850,0.6120
285.5290,157.0450,0.2130,1888099187200,0.3850,0.6120
284.7570,157.1180,0.2120,1888099189000,0.3850,0.6120
283.8140,157.3000,0.2120,1888099190200,0.3850,0.6120
282.6570,157.5190,0.2130,1888116053200,0.3850,0.6120
281.1140,158.1760,0.2140,1888116120500,0.3850,0.6120
279.4430,158.8690,0.2150,1888132210300,0.3850,0.6120
277.9000,159.7450,0.2180,1888132348700,0.3850,0.6120
276.3140,160.6570,0.2200,1888132352800,0.3850,0.6120
274.8140,161.5690,0.2230,1888132358600,0.3850,0.6120
273.4000,162.4450,0.2250,1888148356200,0.3850,0.6120
271.9430,163.2840,0.2280,1888148421000,0.3850,0.6120
270.7000,164.0860,0.2300,1888148423500,0.3850,0.6120
269.5860,164.7070,0.2330,1888148425000,0.3850,0.6120
268.6000,165.1450,0.2360,1888148426700,0.3850,0.6120
267.7000,165.5090,0.2390,1888164428600,0.3850,0.6120
266.8000,165.7650,0.2410,1888164473000,0.3850,0.6120
265.9860,165.8380,0.2440,1888181429400,0.3850,0.6120
265.1290,165.8380,0.2460,1888181473100,0.3850,0.6120
264.1000,165.6190,0.2480,1888181478900,0.3850,0.6120
263.1140,165.2180,0.2510,1888181480400,0.3850,0.6120
261.5710,164.4880,0.2520,1888197472900,0.3850,0.6120
260.0710,163.5760,0.2540,1888197524500,0.3850,0.6120
258.7000,162.3720,0.2550,1888213795900,0.4030,0.6120
257.3710,161.0220,0.2570,1888213890400,0.4200,0.6110
256.0860,159.5260,0.2580,1888213897900,0.4200,0.6110
254.8860,157.8840,0.2590,1888213901200,0.4200,0.6110
253.7710,156.0230,0.2600,1888213903800,0.4200,0.6110
252.7860,153.9070,0.2610,1888230017400,0.4200,0.6110
251.9710,151.8270,0.2610,1888230137200,0.4200,0.6110
251.2000,149.5650,0.2620,1888246133900,0.4200,0.6110
250.4710,147.3030,0.2620,1888246398000,0.4200,0.6110
250.0860,145.0040,0.2630,1888246443800,0.4200,0.6110
249.7860,142.5960,0.2640,1888246453400,0.4200,0.6110
249.5710,140.1880,0.2660,1888263029400,0.4200,0.6110
249.4000,137.8890,0.2680,1888263146800,0.4200,0.6110
249.3570,135.7000,0.2710,1888263155000,0.4200,0.6110
249.3570,133.9850,0.2740,1888263159900,0.4200,0.6110
249.3570,132.4890,0.2770,1888263165900,0.4200,0.6110
249.3570,131.2850,0.2800,1888279246000,0.4200,0.6110
249.3570,130.0810,0.2830,1888279341400,0.4200,0.6110
249.1860,129.0960,0.2860,1888295656400,0.4200,0.6110
249.1860,128.3660,0.2890,1888295742500,0.4200,0.6110
249.1860,127.6730,0.2910,1888295747200,0.4200,0.6110
249.1860,127.0890,0.2940,1888295749700,0.4200,0.6110
249.1860,126.5780,0.2960,1888311935500,0.4200,0.6110
249.0570,125.8850,0.2990,1888328877000,0.4200,0.6110
248.8860,125.5930,0.2980,1888328978800,0.4200,0.6110
248.6710,125.5930,0.2830,1888329013900,0.4200,0.6110
248.5000,126.4320,0.1840,1888361971200,0.4200,0.6110
248.4570,129.2780,0.8330,1888378905200,0.4200,0.6110
274.8140,168.2820,0.6110,1888479174400,0.3850,0.6120
274.9000,168.6840,0.4170,1888479208400,0.3850,0.6120
274.9430,169.0490,0.3190,1888495969700,0.3850,0.6120
274.9430,169.3410,0.2710,1888496016500,0.3850,0.6120
274.9430,169.6320,0.2470,1888496018100,0.3850,0.6120
274.9430,170.0340,0.2220,1888496019100,0.3850,0.6120
274.9000,170.3990,0.2170,1888512881500,0.3850,0.6120
274.9000,170.7630,0.2090,1888512939600,0.3850,0.6120
274.8140,171.0550,0.1970,1888529117300,0.3850,0.6120
274.8140,171.4570,0.1820,1888529187500,0.3850,0.6120
274.8140,171.8220,0.1520,1888529208700,0.3850,0.6120
274.9000,172.4050,0.1050,1888529228200,0.3850,0.6120
225.2290,127.6000,0.0000,1889232071100,0.4540,0.2610
225.0570,126.9430,0.0120,1889232128800,0.4550,0.3140
224.8430,126.3590,0.0290,1889232132900,0.4550,0.3500
224.7140,125.8850,0.0470,1889232134900,0.4550,0.3840
224.5430,125.5200,0.0640,1889232137100,0.4550,0.4190
224.4570,125.2280,0.0810,1889248634700,0.4540,0.4540
224.3290,125.0820,0.0960,1889248685500,0.4560,0.4900
224.0290,125.8120,0.1730,1889281766000,0.4540,0.5940
224.1140,126.5050,0.1830,1889281814500,0.4550,0.6110
224.2430,127.6000,0.1920,1889281817700,0.4540,0.6280
224.4140,128.7310,0.2000,1889297838500,0.4560,0.6470
224.6290,130.0080,0.2080,1889297877100,0.4560,0.6470
225.0140,131.8690,0.2140,1889314046800,0.4560,0.6470
225.3570,133.9120,0.2210,1889314124700,0.4560,0.6470
225.7430,135.9190,0.2270,1889314129400,0.4560,0.6470
226.1290,138.0350,0.2330,1889314131900,0.4560,0.6470
226.5140,140.0420,0.2380,1889314134300,0.4560,0.6470
226.9430,142.0850,0.2430,1889330170300,0.4560,0.6470
227.3290,144.0190,0.2480,1889330286500,0.4560,0.6470
227.6290,145.9890,0.2520,1889330294700,0.4560,0.6470
227.9290,147.5580,0.2560,1889347172000,0.4560,0.6470
228.0570,148.9080,0.2600,1889347287500,0.4560,0.6470
228.2290,150.0030,0.2640,1889347295300,0.4560,0.6470
228.3140,151.0610,0.2670,1889363478400,0.4560,0.6470
228.3140,151.9730,0.2710,1889363575700,0.4560,0.6470
228.3140,152.7030,0.2740,1889363582900,0.4560,0.6470
228.2290,153.3230,0.2780,1889363585300,0.4560,0.6470
228.1430,153.9070,0.2820,1889363587600,0.4560,0.6470
228.0140,154.4540,0.2870,1889379640900,0.4560,0.6470
227.6290,154.8190,0.2910,1889379735900,0.4560,0.6470
227.4140,155.1840,0.2950,1889396547900,0.4560,0.6470
226.8570,155.4760,0.2990,1889396620000,0.4560,0.6470
226.3430,155.6220,0.3030,1889396624500,0.4560,0.6470
225.6570,155.6950,0.3060,1889396627500,0.4560,0.6470
224.9290,155.6220,0.3090,1889413537500,0.4560,0.6470
223.8570,155.4030,0.3120,1889413744500,0.4560,0.6470
222.7430,155.1110,0.3150,1889413765400,0.4560,0.6470
220.9430,154.4540,0.3170,1889429733700,0.4560,0.6470
219.2290,153.6150,0.3190,1889429830700,0.4560,0.6470
217.6000,152.7030,0.3210,1889429836600,0.4560,0.6470
215.8430,151.7540,0.3220,1889429839100,0.4560,0.6470
214.3860,150.7690,0.3240,1889446533100,0.4560,0.6470
212.9290,149.7840,0.3250,1889446650700,0.4560,0.6470
211.6000,148.9080,0.3250,1889446658400,0.4560,0.6470
210.5290,148.1420,0.3260,1889463639100,0.4560,0.6470
209.6290,147.6310,0.3260,1889463736200,0.4560,0.6470
208.9860,147.0840,0.3270,1889463740600,0.4560,0.6470
208.4290,146.7190,0.3270,1889463743200,0.4560,0.6470
208.0860,146.4270,0.3270,1889480539600,0.4560,0.6470
207.7860,146.2080,0.3270,1889480660700,0.4560,0.6470
207.5290,146.1350,0.3260,1889480671400,0.4560,0.6470
208.2140,147.3030,0.3260,1889512667100,0.4560,0.6470
208.6000,148.2150,0.3270,1889512767300,0.4560,0.6470
208.9000,149.2000,0.3290,1889512773900,0.4560,0.6470
209.1140,150.2580,0.3300,1889528978900,0.4560,0.6470
209.2860,151.3530,0.3310,1889529051500,0.4560,0.6470
209.3290,152.6300,0.3330,1889545217500,0.4560,0.6470
209.2860,153.8340,0.3350,1889545317000,0.4560,0.6470
209.0290,155.1110,0.3360,1889545322100,0.4560,0.6470
208.7290,156.8990,0.3380,1889545324500,0.4560,0.6470
208.1290,158.7230,0.3400,1889545326800,0.4560,0.6470
207.2710,160.3650,0.3410,1889562109300,0.4560,0.6470
206.4140,161.9340,0.3430,1889562209000,0.4560,0.6470
205.5140,163.3570,0.3460,1889578199700,0.4560,0.6470
204.4860,164.6340,0.3480,1889578322400,0.4560,0.6470
203.3710,165.8380,0.3500,1889578330100,0.4560,0.6470
202.3860,166.6410,0.3510,1889578337600,0.4560,0.6470
201.4000,167.2610,0.3470,1889594309900,0.4560,0.6470
200.5860,167.6990,0.3370,1889594419000,0.4560,0.6470
199.6860,168.0640,0.3230,1889594426300,0.4560,0.6470
198.8710,168.3550,0.2980,1889594430800,0.4560,0.6470
197.9710,168.3550,0.2490,1889594434800,0.4560,0.6470
197.1570,168.2820,0.2070,1889610750200,0.4560,0.6470
191.6710,164.7070,1.0000,1889626823900,0.4560,0.6470
180.5710,147.2300,0.0080,1889724566700,0.4560,0.6470
179.9710,146.6460,0.0310,1889724638100,0.4560,0.6470
179.3290,146.2080,0.0560,1889724641600,0.4560,0.6470
178.7290,145.8070,0.0790,1889724643100,0.4560,0.6470
178.0430,145.5150,0.0970,1889740591800,0.4560,0.6470
177.4430,145.3690,0.1120,1889740657900,0.4560,0.6470
176.7570,145.2960,0.1240,1889740673100,0.4560,0.6470
176.0290,145.2230,0.1350,1889740674500,0.4560,0.6470
175.2570,145.2230,0.1440,1889757560300,0.4560,0.6470
174.2290,145.3690,0.1520,1889757600000,0.4560,0.6470
173.1570,145.5150,0.1610,1889757601600,0.4720,0.6460
172.0430,145.6610,0.1690,1889774524700,0.4720,0.6460
170.9290,145.8800,0.1780,1889774635800,0.4720,0.6460
169.8140,146.2810,0.1870,1889774654600,0.4720,0.6460
168.7430,146.5730,0.1960,1889774681100,0.4720,0.6460
167.1570,147.2300,0.2040,1889790630000,0.4720,0.6460
165.9140,147.8500,0.2130,1889790676100,0.4720,0.6460
164.9290,148.3610,0.2210,1889807619900,0.4720,0.6460
164.0290,148.9810,0.2280,1889807682700,0.4740,0.6640
163.3000,149.4920,0.2350,1889807693300,0.4740,0.6640
162.6140,150.1850,0.2410,1889807694900,0.4740,0.6640
162.0140,150.8420,0.2460,1889807696200,0.4740,0.6640
161.6290,151.4990,0.2510,1889823818600,0.4740,0.6640
161.3290,152.1920,0.2560,1889824131400,0.4740,0.6640
161.2000,152.7760,0.2610,1889839712900,0.4740,0.6640
161.2000,153.3960,0.2650,1889839774300,0.4740,0.6640
161.2430,153.9800,0.2680,1889839775900,0.4740,0.6640
161.6290,154.8920,0.2710,1889839776900,0.4740,0.6640
162.1000,155.6950,0.2740,1889855751300,0.4740,0.6640
162.6140,156.5340,0.2770,1889855835700,0.4740,0.6640
163.2140,157.3730,0.2790,1889871861200,0.4740,0.6640
163.8140,158.2490,0.2820,1889871914900,0.4740,0.6640
164.3290,159.0880,0.2840,1889871916700,0.4740,0.6640
164.8430,160.0000,0.2850,1889871917600,0.4740,0.6640
165.3140,160.9490,0.2870,1889871918600,0.4740,0.6640
165.6140,161.8610,0.2890,1889887904600,0.4740,0.6640
165.7000,162.7370,0.2910,1889887950000,0.4740,0.6640
165.6140,163.5760,0.2950,1889887952200,0.4740,0.6640
165.3140,164.7070,0.2980,1889887953100,0.4740,0.6640
164.5000,166.2030,0.3030,1889904070600,0.4740,0.6640
163.3000,167.6260,0.3070,1889904121800,0.4740,0.6640
161.7140,168.9760,0.3120,1889920085800,0.4740,0.6640
159.9140,170.2530,0.3160,1889920123200,0.4740,0.6640
156.1000,172.2590,0.3210,1889920125000,0.4740,0.6640
153.0140,173.3910,0.3250,1889920127100,0.4740,0.6640
150.2710,174.1570,0.3290,1889920128000,0.4740,0.6640
147.7000,174.5950,0.3330,1889936153400,0.4740,0.6640
145.0000,174.8860,0.3360,1889936186700,0.4740,0.6640
142.4710,174.9590,0.3400,1889953262100,0.4740,0.6640
139.7710,174.8860,0.3440,1889953343200,0.4740,0.6640
137.1570,174.5950,0.3470,1889953347200,0.4740,0.6640
134.6710,173.9740,0.3510,1889953349100,0.4740,0.6640
132.4430,173.2450,0.3540,1889969623500,0.4900,0.6630
130.3860,172.1860,0.3570,1889969713500,0.4900,0.6630
128.7570,170.8360,0.3590,1889969720400,0.4900,0.6630
127.3860,169.2680,0.3590,1889986488600,0.5070,0.6630
126.5290,167.5530,0.3550,1889986550900,0.5070,0.6630
125.9710,165.6190,0.3480,1889986554400,0.5070,0.6630
125.8430,163.7950,0.3370,1889986556200,0.5070,0.6630
126.3570,161.5690,0.3210,1890002574500,0.5070,0.6630
127.1710,159.1610,0.3040,1890002746600,0.5070,0.6630
128.9710,154.9650,0.2530,1890019448400,0.5070,0.6630
135.8710,145.5150,0.8330,1890019536800,0.5070,0.6630
137.2860,143.4350,0.6940,1890019542100,0.5070,0.6630
