690.8290,85.1300,1.0000,1903750419100,0.2100,0.6460
690.6570,84.6190,1.0000,1903766241200,0.2110,0.6630
686.3280,71.4110,0.0050,1904239332100,0.2450,0.6640
686.3280,71.8850,0.0140,1904239494700,0.2450,0.6640
686.3710,72.4690,0.0250,1904239498000,0.2450,0.6640
686.3710,73.1620,0.0360,1904239499000,0.2450,0.6640
686.3280,73.8190,0.0470,1904255169800,0.2450,0.6640
686.3280,74.5120,0.0580,1904255202100,0.2450,0.6640
686.3280,75.2420,0.0680,1904271273100,0.2450,0.6640
686.2430,75.9350,0.0770,1904271292800,0.2450,0.6640
686.1570,76.6650,0.0860,1904271294100,0.2450,0.6640
686.1570,77.4310,0.0940,1904271294900,0.2450,0.6640
686.0710,78.2340,0.1020,1904271295600,0.2450,0.6640
686.0710,79.0730,0.1100,1904287681600,0.2450,0.6640
686.0710,79.8030,0.1170,1904287703800,0.2450,0.6640
686.0290,80.7150,0.1240,1904303768500,0.2450,0.6640
686.0710,81.8460,0.1310,1904303790800,0.2450,0.6640
686.1570,82.9770,0.1370,1904303792100,0.2450,0.6640
686.3280,84.1450,0.1430,1904303792800,0.2450,0.6640
686.3710,85.2760,0.1480,1904319822400,0.2450,0.6640
686.3710,86.4070,0.1530,1904319839800,0.2450,0.6640
686.4570,87.5380,0.1570,1904319841100,0.2450,0.6640
686.6290,88.6690,0.1620,1904319841800,0.2450,0.6640
686.6710,89.8730,0.1660,1904335948500,0.2450,0.6640
686.7570,91.1140,0.1700,1904335984000,0.2450,0.6640
686.7570,92.3910,0.1740,1904352866900,0.2450,0.6640
686.8430,93.7400,0.1770,1904352887300,0.2450,0.6640
686.8430,95.0910,0.1800,1904352888500,0.2450,0.6640
686.8430,96.5140,0.1830,1904352889200,0.2450,0.6640
686.7570,98.6300,0.1860,1904352889900,0.2450,0.6640
686.6710,100.4180,0.1880,1904368937200,0.2450,0.6640
686.6710,101.9140,0.1900,1904368969300,0.2450,0.6640
686.6290,103.3360,0.1920,1904385056400,0.2450,0.6640
686.5430,104.7590,0.1940,1904385079500,0.2450,0.6640
686.4570,106.1090,0.1950,1904385081000,0.2450,0.6640
686.4570,107.3860,0.1960,1904385081900,0.2450,0.6640
686.4570,108.7360,0.1980,1904401112600,0.2450,0.6640
686.3710,110.0130,0.1990,1904401132100,0.2450,0.6640
686.4570,111.2910,0.2000,1904417337700,0.2450,0.6640
686.3710,112.5680,0.2010,1904417378800,0.2450,0.6640
686.4570,113.7720,0.2030,1904417381200,0.2450,0.6640
686.5430,114.9390,0.2040,1904417382300,0.2450,0.6640
686.5430,116.2160,0.2050,1904417383500,0.2450,0.6640
686.6710,117.4200,0.2070,1904433743000,0.2450,0.6640
686.7570,118.6240,0.2080,1904433774100,0.2450,0.6640
686.8430,119.7550,0.2090,1904433775300,0.2450,0.6640
686.9290,120.8860,0.2100,1904433777500,0.2450,0.6640
686.9710,121.9810,0.2110,1904450671500,0.2450,0.6640
687.0570,123.1120,0.2120,1904450714500,0.2450,0.6640
687.0570,124.1700,0.2130,1904466731200,0.2450,0.6640
687.1430,125.3740,0.2140,1904466770800,0.2450,0.6640
687.1430,126.5050,0.2140,1904466773700,0.2450,0.6640
687.2290,127.4540,0.2150,1904466775500,0.2450,0.6640
687.2290,128.2930,0.2160,1904466777100,0.2450,0.6640
687.2290,129.0960,0.2170,1904483724500,0.2450,0.6640
687.2290,129.8620,0.2170,1904483774000,0.2450,0.6640
687.2710,130.7010,0.2180,1904499916300,0.2450,0.6640
687.2710,131.5040,0.2190,1904499976300,0.2450,0.6640
687.3570,132.2700,0.2190,1904499983100,0.2450,0.6640
687.4430,133.2920,0.2200,1904499985600,0.2450,0.6640
687.5290,134.2770,0.2210,1904516159800,0.2450,0.6640
687.5290,135.1160,0.2220,1904516218400,0.2450,0.6640
687.5710,135.7730,0.2230,1904516222900,0.2450,0.6640
687.6570,136.5390,0.2240,1904516225300,0.2450,0.6640
687.7430,137.2690,0.2250,1904532280300,0.2450,0.6640
687.7430,138.0350,0.2270,1904532360800,0.2450,0.6640
687.8280,138.6920,0.2300,1904548355200,0.2450,0.6640
687.8280,139.4580,0.2330,1904548414000,0.2450,0.6640
687.8710,140.1150,0.2350,1904548417500,0.2450,0.6640
687.8710,140.8080,0.2380,1904548419300,0.2450,0.6640
687.9570,141.3920,0.2410,1904548421200,0.2450,0.6640
688.0430,142.0120,0.2430,1904565271900,0.2450,0.6640
688.0430,142.5960,0.2450,1904565331900,0.2450,0.6640
688.1290,143.2160,0.2470,1904581254300,0.2450,0.6640
688.1290,143.7270,0.2490,1904581294900,0.2450,0.6640
688.2570,144.2380,0.2510,1904581297400,0.2450,0.6640
688.2570,144.7120,0.2520,1904581298900,0.2450,0.6640
688.3430,145.0770,0.2530,1904581300400,0.2450,0.6640
688.3430,145.4420,0.2550,1904597324900,0.2450,0.6640
688.4290,145.7340,0.2560,1904597380100,0.2450,0.6640
688.4290,146.1350,0.2570,1904614252800,0.2450,0.6640
688.4710,146.4270,0.2580,1904614291800,0.2450,0.6640
688.4710,146.7190,0.2590,1904614294500,0.2450,0.6640
688.4710,147.0110,0.2600,1904614296000,0.2450,0.6640
688.5570,147.3030,0.2610,1904630437200,0.2450,0.6640
688.5570,147.8500,0.2620,1904630499000,0.2450,0.6640
688.5570,148.1420,0.2630,1904647348000,0.2450,0.6640
688.5570,148.6530,0.2650,1904647410900,0.2450,0.6640
688.6430,148.9810,0.2650,1904647413600,0.2450,0.6640
688.6430,149.4190,0.2670,1904664351800,0.2450,0.6640
688.6430,149.7110,0.2680,1904680627100,0.2450,0.6640
688.6430,150.1850,0.2690,1904680687900,0.2450,0.6640
688.6430,150.4040,0.2700,1904680690400,0.2450,0.6640
688.6430,150.6960,0.2710,1904680692300,0.2450,0.6640
688.7290,150.9150,0.2710,1904696804500,0.2450,0.6640
688.6430,151.3530,0.2730,1904696862400,0.2450,0.6640
688.6430,151.8270,0.2740,1904712843300,0.2450,0.6640
688.6430,152.1920,0.2750,1904728869100,0.2450,0.6640
688.5570,152.6300,0.2760,1904728926100,0.2450,0.6640
688.5570,153.1040,0.2770,1904728929800,0.2450,0.6640
688.4710,153.3230,0.2770,1904745860400,0.2450,0.6640
688.4710,153.6880,0.2770,1904762918200,0.2450,0.6640
688.4710,154.1260,0.2780,1904763010600,0.2450,0.6640
688.4290,154.3450,0.2780,1904763017300,0.2450,0.6640
688.4290,154.7460,0.2790,1904779001700,0.2450,0.6640
688.3430,155.1840,0.2790,1904795107200,0.2450,0.6640
688.3430,155.4760,0.2790,1904795175000,0.2450,0.6640
688.2570,155.8770,0.2800,1904811378600,0.2450,0.6640
688.1710,156.1690,0.2800,1904828368100,0.2450,0.6640
688.1290,156.5340,0.2800,1904828439100,0.2450,0.6640
688.1290,156.8990,0.2810,1904844520300,0.2450,0.6640
688.0430,157.2270,0.2810,1904844597500,0.2450,0.6640
687.9570,157.5190,0.2810,1904844604300,0.2450,0.6640
687.8710,157.8110,0.2820,1904860943300,0.2450,0.6640
687.8280,158.2490,0.2830,1904877388500,0.2450,0.6640
687.8280,158.5410,0.2850,1904910499700,0.2450,0.6640
687.6570,158.7960,0.2920,1904927404900,0.2450,0.6640
653.9710,132.4890,0.0150,1905590776300,0.0000,0.6630
654.3140,132.4890,0.0580,1905606671600,0.0000,0.6630
654.6140,132.5620,0.1000,1905606774600,0.0000,0.6630
653.8860,133.2920,0.1390,1905639024200,0.0000,0.6630
653.3710,133.6200,0.1440,1905639069400,0.0360,0.6640
652.6000,133.9850,0.1500,1905654957000,0.0710,0.6650
651.7000,134.3500,0.1550,1905654988500,0.0870,0.6640
650.7570,134.7150,0.1610,1905654990300,0.1050,0.6640
649.6000,135.1160,0.1670,1905671146500,0.1230,0.6640
647.8860,135.6270,0.1740,1905671196700,0.1400,0.6640
646.4710,135.9190,0.1800,1905671201100,0.1580,0.6640
644.5000,136.3200,0.1860,1905671210700,0.1760,0.6630
643.0000,136.5390,0.1910,1905687896600,0.1930,0.6640
641.0710,136.7580,0.1970,1905687982600,0.2110,0.6630
639.4860,136.9040,0.2020,1905687994100,0.2110,0.6630
637.2570,137.0500,0.2070,1905687999400,0.2110,0.6630
635.1570,137.0500,0.2120,1905704917900,0.2110,0.6630
632.9710,137.0500,0.2160,1905704977000,0.2110,0.6630
630.7430,136.9770,0.2200,1905721392300,0.2110,0.6630
628.6430,136.8310,0.2230,1905721449200,0.2280,0.6640
626.6290,136.5390,0.2260,1905721452000,0.2450,0.6640
624.6140,136.0650,0.2290,1905721453700,0.2450,0.6640
622.8140,135.6270,0.2320,1905721455200,0.2450,0.6640
621.0570,135.0430,0.2350,1905737688200,0.2450,0.6640
619.5140,134.4230,0.2370,1905737743900,0.2450,0.6640
618.4000,133.6930,0.2390,1905753662400,0.2450,0.6640
617.5000,133.0000,0.2410,1905753715900,0.2450,0.6640
616.9000,132.3430,0.2430,1905753719800,0.2450,0.6640
616.4290,131.5770,0.2440,1905753722300,0.2450,0.6640
616.1290,130.8470,0.2460,1905753724900,0.2450,0.6640
615.9140,130.0080,0.2470,1905769711900,0.2450,0.6640
615.8290,129.2780,0.2480,1905769770500,0.2450,0.6640
616.0000,128.6580,0.2480,1905786666600,0.2450,0.6640
616.2140,128.0010,0.2490,1905786723200,0.2450,0.6640
616.7290,127.0890,0.2490,1905786725800,0.2450,0.6640
617.4140,126.2500,0.2500,1905786727500,0.2450,0.6640
618.6140,125.3010,0.2500,1905803618700,0.2450,0.6640
619.8570,124.3890,0.2510,1905803676600,0.2450,0.6640
621.0570,123.8050,0.2510,1905819686800,0.2450,0.6640
622.0430,123.2580,0.2510,1905819747400,0.2450,0.6640
622.9430,122.9660,0.2510,1905819750000,0.2460,0.6810
623.9290,122.6740,0.2510,1905819751900,0.2450,0.6980
624.9570,122.5280,0.2500,1905819753400,0.2450,0.6980
625.9430,122.4550,0.2500,1905836207400,0.2450,0.6980
627.0570,122.4550,0.2500,1905836281600,0.2450,0.6980
628.1290,122.6010,0.2500,1905836286400,0.2450,0.6980
629.2430,122.7470,0.2500,1905853189400,0.2450,0.6980
630.3570,122.9660,0.2490,1905853254600,0.2450,0.6980
631.3430,123.2580,0.2490,1905853258700,0.2450,0.6980
632.3710,123.5870,0.2490,1905853261100,0.2450,0.6980
633.4430,123.9510,0.2490,1905869305300,0.2450,0.6980
634.2570,124.4620,0.2490,1905869387100,0.2450,0.6980
635.1570,125.0820,0.2490,1905885621900,0.2450,0.6980
635.9710,125.6660,0.2490,1905885692000,0.2450,0.6980
636.6570,126.2500,0.2500,1905885696400,0.2450,0.6980
637.1720,126.9430,0.2500,1905885698800,0.2450,0.6980
637.6860,127.6000,0.2510,1905885701100,0.2450,0.6980
638.0710,128.2930,0.2520,1905902007500,0.2450,0.6980
638.1570,128.8770,0.2530,1905902066300,0.2450,0.6980
638.2430,129.4970,0.2540,1905902069000,0.2450,0.6980
638.1570,130.0810,0.2560,1905902070800,0.2450,0.6980
637.9860,130.7740,0.2580,1905918043700,0.2450,0.6980
637.6860,131.5770,0.2600,1905918112200,0.2450,0.6980
637.2570,132.3430,0.2630,1905934349400,0.2450,0.6980
636.6570,133.1460,0.2650,1905934388600,0.2450,0.6980
635.4570,134.2040,0.2680,1905934391200,0.2450,0.6980
634.2570,135.1890,0.2710,1905934392800,0.2450,0.6980
632.9290,136.0650,0.2750,1905951305600,0.2450,0.6980
631.4710,136.9040,0.2780,1905951359900,0.2450,0.6980
630.2710,137.5970,0.2820,1905951363600,0.2450,0.6980
628.7710,138.3270,0.2860,1905967613800,0.2450,0.6980
627.1430,139.0200,0.2890,1905967673700,0.2450,0.6980
625.3430,139.6770,0.2920,1905967676400,0.2450,0.6980
623.8430,140.3700,0.2960,1905967678400,0.2450,0.6980
622.2140,140.9540,0.2980,1905984478000,0.2450,0.6980
620.8430,141.3920,0.3010,1905984539500,0.2450,0.6980
619.2570,142.0120,0.3040,1905984543500,0.2450,0.6980
617.9290,142.4500,0.3060,1905984545900,0.2450,0.6980
616.8140,142.8150,0.3080,1906000876100,0.2450,0.6980
615.7430,143.2160,0.3110,1906000932200,0.2450,0.6980
614.7140,143.5810,0.3130,1906000935400,0.2450,0.6980
613.6000,143.8730,0.3150,1906017739500,0.2450,0.6980
612.6140,144.1650,0.3170,1906017796700,0.2450,0.6980
611.5430,144.4570,0.3180,1906017800600,0.2450,0.6980
610.5140,144.7120,0.3190,1906017803400,0.2450,0.6980
609.5290,144.9310,0.3170,1906034001800,0.2450,0.6980
608.6290,145.0040,0.3120,1906034057200,0.2450,0.6980
607.9000,145.1500,0.3040,1906050915500,0.2450,0.6980
607.1290,145.1500,0.2940,1906050995600,0.2450,0.6980
606.5290,145.2230,0.2800,1906051021800,0.2450,0.6980
605.8860,145.1500,0.2570,1906051026900,0.2450,0.6980
605.2860,145.0770,0.2150,1906051029800,0.2450,0.6980
604.6860,144.9310,0.1790,1906067893000,0.2450,0.6980
604.1290,144.7120,0.1490,1906067939700,0.2630,0.6980
613.3000,104.3950,0.0100,1906331390700,0.2970,0.6630
613.8140,104.3950,0.0410,1906331429400,0.2970,0.6630
614.0290,104.3220,0.0590,1906347951400,0.2970,0.6630
614.7140,104.3220,0.0920,1906364854500,0.2980,0.6980
615.1000,104.2490,0.1070,1906364889700,0.2970,0.7160
615.7430,104.3220,0.1220,1906364890900,0.2970,0.7160
616.4290,104.2490,0.1350,1906364891600,0.2970,0.7160
617.2000,104.1760,0.1470,1906364892300,0.2970,0.7160
618.3140,104.1030,0.1570,1906381852800,0.2970,0.7160
619.2140,104.0300,0.1680,1906381878600,0.2970,0.7160
620.2430,103.9570,0.1770,1906397891100,0.2970,0.7160
621.3140,103.7740,0.1850,1906397911700,0.2970,0.7160
622.2140,103.9570,0.1930,1906397912900,0.2970,0.7160
623.3290,103.7740,0.2000,1906397913700,0.2970,0.7160
624.2290,103.7740,0.2060,1906397914400,0.2970,0.7160
625.1290,103.7740,0.2100,1906414142900,0.2970,0.7160
625.8140,103.7740,0.2110,1906414179500,0.2970,0.7160
626.5430,103.7740,0.2070,1906414181600,0.2970,0.7160
627.3570,103.7740,0.1960,1906430362200,0.2970,0.7160
628.0430,103.7740,0.1820,1906430402300,0.2970,0.7160
628.7290,103.7740,0.1510,1906430404300,0.2970,0.7160
629.3710,103.7740,0.1260,1906446550800,0.2970,0.7160
629.9710,103.7740,0.1050,1906446608000,0.2970,0.7160
607.3000,137.8160,1.0000,1906735350600,0.2800,0.6640
607.2140,138.1810,1.0000,1906735396200,0.2800,0.6640
607.1290,138.4730,1.0000,1906735398200,0.2800,0.6640
601.7710,146.7920,0.0070,1906966528200,0.2970,0.6630
601.2140,146.8650,0.0170,1906966564400,0.2970,0.6630
600.7860,147.0110,0.0280,1906966566300,0.2970,0.6630
600.3140,147.0840,0.0390,1906966567300,0.2970,0.6630
599.9710,147.0840,0.0500,1906983434100,0.2970,0.6630
599.5860,147.0840,0.0600,1906983472300,0.2970,0.6630
599.2000,147.0840,0.0680,1906983473700,0.2970,0.6630
598.8140,147.0840,0.0770,1906983474500,0.2970,0.6630
598.5140,147.0840,0.0840,1907000094600,0.2970,0.6630
597.6140,147.0110,0.0970,1907017163000,0.2970,0.6630
597.1000,146.8650,0.1020,1907017189100,0.2970,0.6630
596.5000,146.7920,0.1070,1907017201300,0.2970,0.6630
595.9000,146.6460,0.1110,1907017202900,0.2970,0.6630
595.2140,146.5000,0.1150,1907017204000,0.2970,0.6630
594.5710,146.3540,0.1180,1907033263900,0.2970,0.6630
593.8860,146.2080,0.1210,1907033301000,0.2970,0.6630
593.1570,146.0620,0.1240,1907049360400,0.2970,0.6630
592.1720,145.8800,0.1270,1907049381400,0.2970,0.6630
591.4000,145.7340,0.1290,1907049382500,0.2970,0.6630
590.4570,145.5150,0.1310,1907049383200,0.2970,0.6630
589.4710,145.2960,0.1330,1907065457600,0.2970,0.6630
588.7000,145.0770,0.1350,1907065495700,0.2970,0.6630
588.0570,144.8580,0.1370,1907065496800,0.2970,0.6630
587.1570,144.6390,0.1390,1907081994000,0.2970,0.6630
586.3860,144.3110,0.1400,1907082032000,0.2970,0.6630
585.8710,144.0920,0.1420,1907082033200,0.2970,0.6630
585.0570,143.7270,0.1430,1907082034100,0.2970,0.6630
584.2860,143.2890,0.1450,1907098283600,0.2970,0.6630
583.6860,142.8880,0.1460,1907098332000,0.2970,0.6630
583.0430,142.3770,0.1470,1907098336900,0.2970,0.6630
582.3570,141.7930,0.1480,1907114584500,0.2970,0.6630
581.5430,141.1730,0.1480,1907114613800,0.2970,0.6630
580.7710,140.5160,0.1490,1907114615900,0.2970,0.6630
579.6570,139.3850,0.1500,1907114617200,0.2970,0.6630
578.7570,138.4000,0.1510,1907130714900,0.2970,0.6630
577.7290,137.2690,0.1510,1907130758500,0.2970,0.6630
576.5710,136.1740,0.1520,1907130760800,0.2970,0.6630
575.5430,135.0430,0.1520,1907130761800,0.2970,0.6630
574.4290,133.9120,0.1530,1907146818500,0.2970,0.6630
573.5710,133.0000,0.1530,1907146851300,0.2970,0.6630
572.7570,132.1970,0.1530,1907163022600,0.2970,0.6630
571.6430,131.1390,0.1540,1907163066400,0.2970,0.6630
570.5710,130.3000,0.1550,1907163070900,0.2970,0.6630
569.7570,129.5700,0.1560,1907163072400,0.2970,0.6630
569.2430,128.9500,0.1580,1907179004900,0.2970,0.6630
568.4290,128.4390,0.1600,1907179027100,0.2970,0.6630
567.9140,128.0010,0.1630,1907195045500,0.2970,0.6630
567.3570,127.5270,0.1660,1907195106100,0.2970,0.6630
566.8430,127.2350,0.1690,1907195110500,0.2970,0.6630
566.4140,126.8700,0.1720,1907195113100,0.2970,0.6630
565.8570,126.5780,0.1750,1907195115200,0.2970,0.6630
565.3430,126.3590,0.1790,1907211399300,0.2970,0.6630
564.7430,126.1040,0.1830,1907211487300,0.2970,0.6630
564.2290,126.0310,0.1870,1907227787800,0.2970,0.6630
563.6290,125.9580,0.1910,1907227848100,0.2970,0.6630
562.9430,125.9580,0.1960,1907227851100,0.2970,0.6630
562.3000,126.1040,0.2010,1907227853300,0.2970,0.6630
561.7430,126.3590,0.2060,1907244344100,0.2970,0.6630
561.0140,126.7240,0.2120,1907244390500,0.2970,0.6630
560.2000,127.2350,0.2180,1907244393800,0.2970,0.6630
559.5140,127.7820,0.2230,1907244395900,0.2970,0.6630
558.3140,128.8040,0.2290,1907244397800,0.2970,0.6630
557.6290,129.6430,0.2340,1907261374500,0.2970,0.6630
557.1140,130.4460,0.2380,1907261449600,0.2970,0.6630
556.6430,131.2120,0.2430,1907278298200,0.2970,0.6630
556.3000,131.9780,0.2480,1907278335500,0.2970,0.6630
556.1290,132.7080,0.2520,1907278338400,0.2970,0.6630
556.0430,133.4010,0.2560,1907278340400,0.2970,0.6630
556.0430,133.9850,0.2600,1907294383600,0.2970,0.6630
556.1290,134.5690,0.2620,1907294454800,0.2970,0.6630
556.5140,135.1160,0.2620,1907310541300,0.2970,0.6630
556.8140,135.6270,0.2540,1907310629700,0.2970,0.6630
557.4140,136.2470,0.2430,1907310635400,0.2970,0.6630
558.1430,136.6850,0.2220,1907310638300,0.2970,0.6630
558.8280,136.9770,0.1850,1907310640800,0.2970,0.6630
559.7290,137.2690,0.1540,1907327164500,0.2970,0.6630
561.6140,137.4150,0.8330,1907327233000,0.2970,0.6630
579.0570,140.9540,0.0080,1907525936200,0.2970,0.6630
578.3290,141.5380,0.0210,1907525971700,0.2970,0.6630
577.4710,142.1580,0.0340,1907542789500,0.2970,0.6630
576.1430,142.9610,0.0480,1907542812000,0.2970,0.6630
574.6430,143.8000,0.0610,1907542827900,0.2970,0.6630
573.5290,144.4570,0.0740,1907542829600,0.2970,0.6630
572.3710,145.0040,0.0860,1907559802700,0.2970,0.6630
570.9570,145.7340,0.0970,1907559839100,0.2970,0.6630
569.4140,146.3540,0.1080,1907559841300,0.2970,0.6630
567.8280,147.0110,0.1170,1907575904300,0.2970,0.6630
566.4570,147.5580,0.1270,1907575931900,0.2970,0.6630
564.7430,148.2150,0.1350,1907575933400,0.2970,0.6630
562.8570,148.9080,0.1420,1907575934400,0.2970,0.6630
560.8000,149.5650,0.1490,1907592885400,0.2970,0.6630
558.7430,150.2580,0.1550,1907592971300,0.2970,0.6630
556.7290,150.9150,0.1610,1907592989300,0.2970,0.6630
554.5430,151.6080,0.1660,1907592990900,0.2970,0.6630
552.4000,152.2650,0.1710,1907592991800,0.2970,0.6630
550.2140,152.8490,0.1750,1907609882800,0.2970,0.6630
548.2860,153.5420,0.1800,1907609927200,0.2970,0.6630
546.1860,154.1990,0.1840,1907626862900,0.2970,0.6630
544.1710,154.8190,0.1880,1907626905100,0.2970,0.6630
542.2000,155.4030,0.1920,1907626911700,0.2970,0.6630
540.1860,156.0230,0.1950,1907626912800,0.2970,0.6630
538.3000,156.5340,0.1980,1907642884200,0.2970,0.6630
536.4570,157.0450,0.2010,1907642921400,0.2970,0.6630
534.4000,157.5190,0.2040,1907642922900,0.2970,0.6630
532.6000,157.8840,0.2060,1907659852900,0.2970,0.6630
530.8000,158.2490,0.2080,1907659877600,0.2970,0.6630
529.2570,158.5410,0.2110,1907659879200,0.2970,0.6630
527.7570,158.7230,0.2130,1907659880400,0.2970,0.6630
525.7860,159.0150,0.2150,1907676851900,0.2970,0.6630
524.0710,159.1610,0.2160,1907676883000,0.2970,0.6630
522.4430,159.1610,0.2180,1907676884700,0.2970,0.6630
521.0710,159.2340,0.2190,1907693839900,0.2970,0.6630
518.8430,159.2340,0.2200,1907693863400,0.2970,0.6630
517.0430,159.1610,0.2220,1907693864500,0.2970,0.6630
515.5430,159.0880,0.2230,1907693865300,0.2970,0.6630
513.5290,158.9420,0.2240,1907709944400,0.2970,0.6630
511.8570,158.7230,0.2250,1907709982000,0.2970,0.6630
510.3570,158.5410,0.2260,1907726348200,0.2970,0.6630
509.1140,158.3950,0.2270,1907726395200,0.2970,0.6630
507.8280,158.1760,0.2280,1907726397100,0.2970,0.6630
506.5430,157.9570,0.2290,1907726398200,0.2970,0.6630
505.4290,157.7380,0.2300,1907726399300,0.2970,0.6630
504.3140,157.4460,0.2310,1907742404200,0.2970,0.6630
503.1140,157.1180,0.2310,1907742425700,0.2970,0.6630
502.0430,156.8260,0.2320,1907742426800,0.2970,0.6630
501.1000,156.4610,0.2330,1907742427500,0.2970,0.6630
500.1140,156.0960,0.2330,1907758562700,0.2970,0.6630
499.1290,155.6950,0.2340,1907758593900,0.2970,0.6630
498.3140,155.1840,0.2340,1907774534600,0.2970,0.6630
497.5860,154.7460,0.2330,1907774628100,0.2970,0.6630
496.9000,154.1990,0.2310,1907774632100,0.2970,0.6630
496.3000,153.6880,0.2300,1907774633500,0.2970,0.6630
495.8290,153.1770,0.2290,1907790656800,0.2970,0.6630
495.4860,152.6300,0.2280,1907790692800,0.2970,0.6630
495.2290,152.1920,0.2270,1907806954900,0.2970,0.6630
495.1000,151.7540,0.2260,1907807016300,0.2970,0.6630
494.8860,151.2070,0.2250,1907807020100,0.2970,0.6630
494.8860,150.7690,0.2240,1907807023100,0.2970,0.6630
494.8860,150.3310,0.2230,1907823902400,0.2970,0.6630
494.8860,149.8570,0.2220,1907823949400,0.2970,0.6630
494.9290,149.4190,0.2210,1907823951400,0.2970,0.6630
495.1860,148.9080,0.2210,1907823952800,0.2970,0.6630
495.4000,148.4340,0.2200,1907823953900,0.2970,0.6630
495.7000,147.9960,0.2190,1907840363400,0.2970,0.6630
496.0860,147.4850,0.2180,1907840420100,0.2970,0.6630
496.4290,147.0840,0.2180,1907856559400,0.2970,0.6630
497.1140,146.5000,0.2170,1907856612500,0.2970,0.6630
497.9290,145.9890,0.2170,1907856617900,0.2970,0.6630
498.8280,145.4420,0.2160,1907856621400,0.2970,0.6630
499.7290,144.9310,0.2150,1907872785600,0.2970,0.6630
500.8000,144.5300,0.2150,1907872843800,0.2970,0.6630
501.7430,144.0920,0.2150,1907872850600,0.2970,0.6630
502.9000,143.8000,0.2140,1907888747600,0.2970,0.6630
504.0140,143.5080,0.2130,1907888823400,0.2970,0.6630
505.1290,143.2160,0.2130,1907888829900,0.2970,0.6630
506.3280,143.0340,0.2120,1907888832800,0.2970,0.6630
507.4430,142.9610,0.2110,1907904842300,0.2970,0.6630
508.5570,142.9610,0.2100,1907904933900,0.2970,0.6630
509.5430,142.9610,0.2100,1907921851600,0.2970,0.6630
510.3570,143.0340,0.2100,1907921919800,0.2970,0.6630
511.3430,143.2890,0.2100,1907921923400,0.2970,0.6630
512.3290,143.5810,0.2100,1907921925600,0.2970,0.6630
513.3140,143.9460,0.2100,1907921927500,0.2970,0.6630
514.1290,144.3840,0.2110,1907938194700,0.2970,0.6630
515.0290,144.9310,0.2120,1907938262400,0.2970,0.6630
515.7570,145.5150,0.2130,1907955212900,0.2970,0.6630
516.4430,146.2810,0.2150,1907955281200,0.2970,0.6630
517.1290,147.0110,0.2160,1907955287300,0.2970,0.6630
517.6430,147.9230,0.2180,1907955289600,0.2970,0.6630
518.6290,149.3460,0.2200,1907971287500,0.2970,0.6630
519.2290,150.5500,0.2210,1907971388400,0.2970,0.6630
519.5710,151.6810,0.2240,1907971395200,0.2970,0.6630
519.9570,152.6300,0.2260,1907971398600,0.2970,0.6630
520.2570,153.6880,0.2280,1907987808900,0.2970,0.6630
520.4710,154.6730,0.2300,1907987878800,0.2970,0.6630
520.6430,155.6950,0.2330,1907987882200,0.2970,0.6630
520.7710,156.7530,0.2350,1908003988800,0.2970,0.6630
520.8570,157.8110,0.2380,1908004081400,0.2970,0.6630
520.9430,158.9420,0.2410,1908004088100,0.2970,0.6630
520.9430,160.0730,0.2440,1908004091300,0.2970,0.6630
520.8570,161.2400,0.2470,1908020276200,0.2970,0.6630
520.7290,162.4450,0.2500,1908020342600,0.2970,0.6630
520.4710,163.6490,0.2530,1908037148900,0.2970,0.6630
520.0430,165.5090,0.2550,1908037227800,0.2970,0.6630
519.5710,167.2610,0.2580,1908037233400,0.2970,0.6630
518.8430,168.9760,0.2610,1908037236900,0.2970,0.6630
518.0290,170.6180,0.2630,1908053418500,0.2970,0.6630
517.1290,172.1860,0.2650,1908053495700,0.2970,0.6630
516.0570,173.8280,0.2670,1908053499100,0.2970,0.6630
514.7710,175.3240,0.2690,1908053501200,0.2970,0.6630
513.3570,176.7470,0.2710,1908053503100,0.2970,0.6630
511.9430,178.1700,0.2730,1908070446400,0.2970,0.6630
510.4430,179.5930,0.2760,1908070523500,0.2970,0.6630
508.7290,180.9430,0.2780,1908086468100,0.2970,0.6630
507.0570,182.2930,0.2800,1908086526500,0.2970,0.6630
505.6000,183.4970,0.2820,1908086530000,0.2970,0.6630
503.9290,184.7010,0.2840,1908086531900,0.2970,0.6630
502.4290,185.6870,0.2850,1908086533800,0.2970,0.6630
501.0140,186.6720,0.2780,1908102641700,0.2970,0.6630
499.6430,187.6200,0.2650,1908102713100,0.2970,0.6630
498.6140,188.2410,0.2410,1908118767500,0.2970,0.6630
497.8000,188.7510,0.2010,1908118836700,0.2970,0.6630
496.4290,189.1890,0.8330,1908118843500,0.2970,0.6630
495.9140,188.9700,0.6940,1908134921500,0.2970,0.6630
470.8430,94.5070,0.0030,1908741537900,0.3850,0.7150
470.6710,94.3610,0.0140,1908741572000,0.3850,0.7150
470.2860,94.2150,0.0370,1908757657700,0.3850,0.7150
469.8570,94.6530,0.0630,1908757708400,0.3850,0.7150
469.6860,94.8720,0.0710,1908773721300,0.3850,0.7150
469.5570,95.3820,0.0790,1908773788800,0.3850,0.7150
469.3860,96.0030,0.0860,1908773790900,0.3850,0.7150
469.2570,96.5860,0.0940,1908789977600,0.3850,0.7150
469.1710,97.6450,0.1010,1908790111500,0.3850,0.7150
468.9570,98.8490,0.1080,1908790348600,0.3850,0.7150
468.8710,100.1260,0.1150,1908790427900,0.3850,0.7150
468.7860,101.4030,0.1220,1908805999000,0.3850,0.7150
468.7860,102.9720,0.1290,1908806075800,0.3850,0.7150
468.7860,105.3070,0.1350,1908822016400,0.3850,0.7150
468.8710,107.5320,0.1420,1908822034900,0.3850,0.7150
469.0430,109.7950,0.1500,1908822036100,0.3850,0.7150
469.2570,112.0930,0.1570,1908822037000,0.3850,0.7150
469.4710,114.3550,0.1640,1908822037600,0.3850,0.7150
469.9430,116.6900,0.1710,1908838988100,0.3850,0.7150
470.2860,118.9890,0.1780,1908839021700,0.3850,0.7150
470.8430,121.3970,0.1850,1908855090400,0.3850,0.7150
471.4430,123.7320,0.1910,1908855122400,0.3850,0.7150
472.0430,126.1040,0.1970,1908855123800,0.3850,0.7150
472.6860,128.4390,0.2030,1908855124700,0.3850,0.7150
473.2860,130.8470,0.2080,1908871198800,0.3850,0.7150
473.8000,133.2190,0.2130,1908871232600,0.3850,0.7150
474.4860,135.5540,0.2180,1908887246400,0.3850,0.7150
475.0000,137.9620,0.2220,1908887279800,0.3850,0.7150
475.5570,140.2610,0.2260,1908887282300,0.3850,0.7150
476.0710,142.5230,0.2290,1908887283600,0.3850,0.7150
476.4570,144.6390,0.2330,1908887285100,0.3850,0.7150
476.8000,146.7190,0.2360,1908903393600,0.3850,0.7150
477.0570,148.6530,0.2390,1908903429600,0.3850,0.7150
477.1000,150.2580,0.2420,1908903430800,0.3850,0.7150
477.0570,151.6080,0.2450,1908903431500,0.3850,0.7150
477.0570,152.7760,0.2480,1908920353800,0.3850,0.7150
476.8860,153.9800,0.2520,1908920374300,0.3850,0.7150
476.7570,155.0380,0.2560,1908937352600,0.3850,0.7150
476.4570,156.1690,0.2610,1908937373700,0.3850,0.7150
476.1570,157.1180,0.2660,1908937374900,0.3850,0.7150
475.6860,158.0300,0.2720,1908937375600,0.3850,0.7150
475.3000,158.9420,0.2770,1908937376300,0.3850,0.7150
474.7860,159.7450,0.2830,1908953613700,0.3850,0.7150
474.1000,160.4380,0.2890,1908953639800,0.3850,0.7150
473.3710,161.0950,0.2940,1908970038400,0.3850,0.7150
472.6430,161.7150,0.2990,1908970078000,0.3850,0.7150
471.7430,162.2260,0.3030,1908970079200,0.3850,0.7150
470.7570,162.5910,0.3080,1908970080000,0.3850,0.7150
469.6430,162.9920,0.3120,1908986285000,0.3850,0.7150
468.4860,163.2110,0.3150,1908986329400,0.3850,0.7150
467.2430,163.2840,0.3190,1908986331200,0.3850,0.7150
465.8710,163.3570,0.3220,1908986332700,0.3850,0.7150
464.6290,163.2840,0.3250,1909002290000,0.3850,0.7150
462.5290,163.1380,0.3280,1909002324500,0.3850,0.7150
460.7290,162.7370,0.3300,1909002326100,0.3850,0.7150
458.9290,162.3720,0.3330,1909018319500,0.3850,0.7150
457.4290,162.0070,0.3350,1909018345600,0.3850,0.7150
455.8430,161.4960,0.3370,1909018347200,0.3850,0.7150
454.5140,160.9490,0.3390,1909018348200,0.3850,0.7150
453.4430,160.4380,0.3410,1909035323300,0.3850,0.7150
452.4570,159.8910,0.3430,1909035371600,0.3850,0.7150
451.7290,159.3070,0.3440,1909051433300,0.3850,0.7150
451.0430,158.6500,0.3440,1909051559400,0.3850,0.7150
450.5290,157.8110,0.3430,1909051568400,0.3850,0.7150
450.1430,156.9720,0.3370,1909051572100,0.3850,0.7150
449.9290,155.9500,0.3270,1909051575200,0.3850,0.7150
450.0140,154.8190,0.3100,1909068333800,0.3850,0.7150
450.0570,153.5420,0.2580,1909068407400,0.3850,0.7150
451.4290,146.5730,0.8330,1909085262400,0.3850,0.7150
451.6430,143.6540,0.6940,1909085305300,0.3850,0.7150
582.1430,162.0070,1.0000,1911477651600,0.2460,0.6470
580.7710,161.8610,0.0600,1911587818100,0.2460,0.6470
580.3860,161.8610,0.1290,1911619895600,0.2460,0.6470
580.1710,162.2260,0.1570,1911619927200,0.2460,0.6470
579.9570,162.5180,0.1710,1911636026500,0.2460,0.6470
579.7860,162.8460,0.1840,1911652117600,0.2460,0.6470
579.7430,163.0650,0.1890,1911652148000,0.2460,0.6470
579.6570,163.4300,0.1980,1911652149800,0.2460,0.6470
579.5710,163.8680,0.2060,1911668404500,0.2460,0.6470
579.4860,164.1590,0.2120,1911684428500,0.2460,0.6470
579.4430,164.4880,0.2180,1911684469600,0.2460,0.6470
579.3570,164.7800,0.2250,1911700494700,0.2460,0.6470
579.2710,164.9990,0.2330,1911716640300,0.2460,0.6470
579.0570,165.2180,0.2440,1911716685600,0.2460,0.6470
578.7570,165.2910,0.2540,1911732959200,0.2460,0.6470
578.3290,165.1450,0.2660,1911766222100,0.2460,0.6470
577.8570,165.0720,0.2740,1911798728700,0.2460,0.6470
427.7710,145.4420,1.0000,1913244176900,0.0000,0.6630
426.5710,144.8580,0.0260,1913309252000,0.2450,0.6640
426.4000,145.2960,0.1580,1913374858000,0.2970,0.6630
426.4860,145.8800,0.1730,1913390847200,0.2970,0.6630
426.4000,146.2080,0.1790,1913391151600,0.2970,0.6630
426.4000,146.5730,0.1850,1913407835900,0.2970,0.6630
426.4000,146.9380,0.1910,1913407968900,0.2970,0.6630
426.3140,147.5580,0.1960,1913407975000,0.2970,0.6630
426.2710,148.1420,0.2000,1913407984600,0.2970,0.6630
426.2710,148.6530,0.2040,1913423984900,0.2970,0.6630
426.1860,149.2730,0.2080,1913424233400,0.2970,0.6630
426.1000,149.8570,0.2120,1913424297100,0.2970,0.6630
426.1000,150.4040,0.2160,1913424303400,0.2970,0.6630
426.0140,150.9150,0.2190,1913424307300,0.2970,0.6630
426.0140,151.4260,0.2230,1913439996400,0.2970,0.6630
425.9710,152.0460,0.2260,1913440059600,0.2970,0.6630
425.8860,152.5570,0.2290,1913456976500,0.2970,0.6630
425.8860,153.1040,0.2320,1913457025500,0.2970,0.6630
425.8000,153.6880,0.2350,1913457028700,0.2970,0.6630
425.7140,154.1990,0.2370,1913457031000,0.2970,0.6630
425.7140,154.6730,0.2400,1913473971200,0.2970,0.6630
425.6710,155.1110,0.2420,1913474063400,0.2970,0.6630
425.6710,155.4760,0.2440,1913474083300,0.2970,0.6630
425.5860,155.8770,0.2460,1913490249500,0.2970,0.6630
425.5860,156.1690,0.2480,1913490323400,0.2970,0.6630
425.4140,156.4610,0.2500,1913490327000,0.2970,0.6630
425.3710,157.0450,0.2540,1913506588000,0.2970,0.6630
425.3710,157.3730,0.2560,1913506677500,0.2970,0.6630
425.2860,157.5920,0.2580,1913522802400,0.2970,0.6630
425.1570,158.0300,0.2610,1913522991400,0.2970,0.6630
424.9860,158.1760,0.2620,1913522997200,0.2970,0.6630
424.7710,158.4680,0.2650,1913538888200,0.2970,0.6630
424.3860,158.6500,0.2680,1913538939800,0.2970,0.6630
424.0000,158.7230,0.2710,1913555924500,0.2970,0.6630
423.6570,158.7230,0.2730,1913571952400,0.2970,0.6630
423.1860,158.5410,0.2750,1913572019200,0.2970,0.6630
422.8860,158.3950,0.2760,1913572022500,0.2970,0.6630
422.4570,158.1760,0.2770,1913588306000,0.2970,0.6630
422.1570,158.0300,0.2780,1913588408700,0.2970,0.6630
421.7710,157.7380,0.2780,1913604623600,0.2970,0.6630
421.5570,157.5920,0.2790,1913604705700,0.2970,0.6630
421.2570,157.3730,0.2790,1913604711200,0.2970,0.6630
421.0000,157.1180,0.2790,1913604714500,0.2970,0.6630
420.5710,156.8990,0.2800,1913621498300,0.2970,0.6630
420.4000,156.6800,0.2800,1913621568100,0.2970,0.6630
420.1860,156.5340,0.2800,1913638505200,0.2970,0.6630
419.9710,156.3880,0.2800,1913638569700,0.2970,0.6630
419.5860,156.0960,0.2800,1913638574900,0.2970,0.6630
419.3710,156.0230,0.2800,1913638577300,0.2970,0.6630
419.2000,155.8040,0.2800,1913654696500,0.2970,0.6630
418.9000,155.5490,0.2790,1913654780800,0.2970,0.6630
418.6000,155.4030,0.2780,1913670963800,0.2970,0.6630
418.2570,155.3300,0.2760,1913687953400,0.2970,0.6630
417.8710,155.4760,0.2750,1913704789700,0.2970,0.6630
417.5710,155.6950,0.2750,1913721138300,0.2970,0.6630
417.3570,155.8770,0.2740,1913721219200,0.2970,0.6630
416.9710,156.1690,0.2740,1913721225700,0.2970,0.6630
416.7570,156.2420,0.2740,1913737268000,0.2970,0.6630
416.2860,156.5340,0.2740,1913753272900,0.2970,0.6630
416.0710,156.6070,0.2740,1913753347100,0.2970,0.6630
415.7710,156.7530,0.2740,1913753350900,0.2970,0.6630
415.5570,156.8260,0.2740,1913753353300,0.2970,0.6630
415.1710,156.8990,0.2750,1913753355500,0.2970,0.6630
414.7430,156.9720,0.2750,1913769315700,0.2970,0.6630
414.2710,157.0450,0.2750,1913769381900,0.2970,0.6630
413.7570,157.1180,0.2750,1913785348900,0.2970,0.6630
413.2430,157.2270,0.2750,1913785414700,0.3150,0.6640
412.6430,157.2270,0.2750,1913785417700,0.3150,0.6640
412.0860,157.3000,0.2760,1913785419300,0.3320,0.6630
411.5710,157.3000,0.2760,1913785421100,0.3320,0.6630
410.8860,157.2270,0.2760,1913801536100,0.3320,0.6630
410.3710,157.1180,0.2770,1913801603300,0.3320,0.6630
409.7710,157.0450,0.2770,1913817611400,0.3320,0.6630
409.1710,156.9720,0.2770,1913817675900,0.3320,0.6630
408.5710,156.8990,0.2780,1913817679600,0.3320,0.6630
407.9710,156.7530,0.2780,1913817682100,0.3320,0.6630
407.3710,156.6070,0.2780,1913833904600,0.3320,0.6630
406.9430,156.4610,0.2790,1913833987500,0.3320,0.6630
406.4290,156.2420,0.2790,1913833992600,0.3320,0.6630
405.9570,156.0230,0.2790,1913850284000,0.3320,0.6630
405.5710,155.8040,0.2800,1913850382600,0.3320,0.6630
405.1430,155.4760,0.2800,1913850387700,0.3320,0.6630
404.8430,155.1840,0.2800,1913866392200,0.3320,0.6630
404.5430,154.8920,0.2800,1913866460100,0.3320,0.6630
404.2430,154.6000,0.2800,1913866462900,0.3320,0.6630
403.8570,154.2720,0.2800,1913866464900,0.3320,0.6630
403.7290,154.0530,0.2800,1913866466500,0.3320,0.6630
403.4710,153.8340,0.2800,1913882504200,0.3320,0.6630
403.2570,153.6880,0.2790,1913882576300,0.3320,0.6630
402.9570,153.3960,0.2790,1913898590300,0.3320,0.6630
402.8280,153.2500,0.2780,1913898656300,0.3320,0.6630
402.5710,153.0310,0.2770,1913914951600,0.3320,0.6630
402.1430,152.9220,0.2750,1913931896300,0.3320,0.6630
401.7570,153.1040,0.2740,1913931965000,0.3320,0.6630
401.3710,153.3230,0.2730,1913948070700,0.3320,0.6630
401.1570,153.4690,0.2730,1913948268700,0.3320,0.6630
400.8140,153.8340,0.2730,1913948273900,0.3320,0.6630
400.4290,154.0530,0.2730,1913964372300,0.3320,0.6630
400.1290,154.2720,0.2730,1913964458300,0.3320,0.6630
399.8290,154.5270,0.2740,1913980523600,0.3320,0.6630
399.6140,154.6730,0.2740,1913980579900,0.3320,0.6630
399.3140,154.7460,0.2750,1913980582500,0.3320,0.6630
399.0140,154.8920,0.2760,1913980584100,0.3320,0.6630
398.5430,154.9650,0.2780,1913996854000,0.3320,0.6630
398.2430,154.9650,0.2790,1913996918300,0.3320,0.6630
397.6430,154.9650,0.2810,1914012880300,0.3320,0.6630
397.2570,154.8920,0.2830,1914012928400,0.3320,0.6630
396.9140,154.7460,0.2830,1914012930800,0.3320,0.6630
396.4430,154.5270,0.2840,1914029073200,0.3320,0.6630
396.0140,154.3450,0.2840,1914029138600,0.3320,0.6630
395.5430,154.0530,0.2830,1914045980900,0.3320,0.6630
395.1140,153.8340,0.2830,1914046066500,0.3320,0.6630
394.6430,153.5420,0.2820,1914046071600,0.3320,0.6630
394.2140,153.3230,0.2820,1914046073500,0.3320,0.6630
393.7430,153.1040,0.2810,1914046075500,0.3320,0.6630
393.3140,152.8490,0.2800,1914062268200,0.3320,0.6630
392.8000,152.6300,0.2790,1914062327800,0.3320,0.6630
392.2430,152.5570,0.2780,1914062330100,0.3320,0.6630
391.7290,152.4840,0.2770,1914062331800,0.3320,0.6630
391.1290,152.4840,0.2750,1914079138700,0.3320,0.6630
390.4000,152.4840,0.2750,1914079216500,0.3320,0.6630
389.7140,152.6300,0.2740,1914095363700,0.3320,0.6630
388.7290,152.9220,0.2730,1914095413400,0.3320,0.6630
387.7000,153.1770,0.2720,1914095415400,0.3320,0.6630
386.5430,153.5420,0.2720,1914095417000,0.3320,0.6630
384.9140,154.1990,0.2720,1914111455700,0.3320,0.6630
383.2000,154.8190,0.2720,1914111522500,0.3320,0.6630
381.4860,155.4030,0.2720,1914111525800,0.3320,0.6630
379.6860,156.0960,0.2720,1914127945200,0.3320,0.6630
377.8860,156.6800,0.2720,1914128006400,0.3320,0.6630
376.0860,157.2270,0.2730,1914128008700,0.3320,0.6630
374.2860,157.7380,0.2740,1914128010400,0.3320,0.6630
372.4000,158.2490,0.2740,1914144824400,0.3320,0.6630
370.5140,158.6500,0.2750,1914144890500,0.3320,0.6630
368.5860,159.0150,0.2760,1914144893800,0.3320,0.6630
366.9570,159.1610,0.2770,1914144895900,0.3320,0.6630
365.4570,159.2340,0.2780,1914160901300,0.3320,0.6630
364.0860,159.2340,0.2780,1914160962300,0.3320,0.6630
362.8000,159.0880,0.2790,1914177345400,0.3320,0.6630
360.8710,158.8690,0.2800,1914177407100,0.3320,0.6630
359.0710,158.3950,0.2810,1914177409700,0.3320,0.6630
357.4430,157.8110,0.2820,1914177411300,0.3320,0.6630
355.8570,157.1180,0.2820,1914177412800,0.3320,0.6630
354.4860,156.3150,0.2830,1914194253200,0.3320,0.6630
353.4570,155.5490,0.2840,1914194317000,0.3320,0.6630
352.2570,154.6730,0.2840,1914210349800,0.3320,0.6630
351.3570,153.6880,0.2850,1914210444600,0.3320,0.6630
350.7570,152.7030,0.2850,1914210448400,0.3320,0.6630
350.3280,151.8270,0.2860,1914210450700,0.3320,0.6630
349.8570,150.7690,0.2870,1914210452700,0.3320,0.6630
349.6430,149.5650,0.2870,1914226425600,0.3320,0.6630
349.4290,148.2880,0.2880,1914226478000,0.3320,0.6630
349.3430,146.9380,0.2880,1914243508700,0.3320,0.6630
349.3430,144.8580,0.2880,1914243578500,0.3320,0.6630
349.4710,142.6690,0.2880,1914243580800,0.3320,0.6630
349.6430,140.4430,0.2880,1914243582300,0.3320,0.6630
350.0290,138.1810,0.2880,1914260409300,0.3320,0.6630
350.3710,135.9920,0.2880,1914260465800,0.3320,0.6630
350.8430,133.9120,0.2870,1914260469300,0.3320,0.6630
351.3570,131.8690,0.2870,1914260471500,0.3320,0.6630
351.8710,130.0080,0.2870,1914260473400,0.3320,0.6630
352.4290,128.2930,0.2860,1914276638500,0.3320,0.6630
352.8570,126.9430,0.2860,1914276701900,0.3320,0.6630
353.1570,125.8120,0.2860,1914293582200,0.3320,0.6630
353.4570,124.9370,0.2860,1914293659600,0.3320,0.6630
353.6720,124.1700,0.2860,1914293662900,0.3320,0.6630
353.8430,123.6590,0.2860,1914293665100,0.3320,0.6630
353.9710,123.1120,0.2860,1914309623800,0.3320,0.6630
354.0570,122.6740,0.2860,1914309685000,0.3320,0.6630
353.6720,121.9810,0.2780,1914325724200,0.3320,0.6630
353.2430,121.7620,0.2630,1914325794700,0.3320,0.6630
352.8570,121.7620,0.2520,1914341956000,0.3320,0.6630
352.2570,121.9080,0.2370,1914342040800,0.3320,0.6630
351.7430,122.0540,0.2140,1914342046700,0.3320,0.6630
350.9710,122.5280,0.1780,1914342050100,0.3320,0.6630
348.7430,124.0240,0.8330,1914363399100,0.3320,0.6630
348.2710,124.4620,0.6940,1914363490500,0.3320,0.6630
332.1140,136.6120,1.0000,1914615071400,0.3500,0.6640
327.9140,139.4580,0.0040,1914696574600,0.3680,0.6640
327.6140,139.6040,0.0260,1914712486600,0.3680,0.6640
327.4000,139.7500,0.0520,1914712533800,0.3680,0.6640
327.1000,140.0420,0.0760,1914729497100,0.3680,0.6640
327.0140,140.2610,0.0870,1914729539600,0.3680,0.6640
326.8860,140.8080,0.1080,1914729541900,0.3680,0.6640
326.7140,141.1000,0.1170,1914745707000,0.3680,0.6640
326.7140,141.6110,0.1270,1914745739700,0.3680,0.6640
326.5860,142.2310,0.1360,1914745740600,0.3680,0.6640
326.5000,142.7420,0.1460,1914762627600,0.3680,0.6640
326.4140,143.4350,0.1540,1914762669200,0.3680,0.6640
326.4140,144.0190,0.1630,1914762705400,0.3680,0.6640
326.3290,144.7850,0.1720,1914762723900,0.3680,0.6640
326.2860,145.4420,0.1800,1914778844700,0.3680,0.6640
326.2860,146.1350,0.1870,1914778877300,0.3680,0.6640
326.2000,146.7920,0.1950,1914795060900,0.3680,0.6640
326.0290,147.4120,0.2020,1914795093500,0.3680,0.6640
325.9000,147.9960,0.2100,1914795094400,0.3680,0.6640
325.9000,148.5800,0.2170,1914795095000,0.3680,0.6640
325.7290,149.2000,0.2250,1914795095700,0.3680,0.6640
325.6000,149.7110,0.2330,1914811076500,0.3680,0.6640
325.4290,150.1850,0.2410,1914811109300,0.3680,0.6640
325.1290,150.6230,0.2490,1914827203700,0.3680,0.6640
324.7860,151.0610,0.2560,1914827221800,0.3680,0.6640
324.4860,151.4260,0.2640,1914827222700,0.3680,0.6640
324.0140,151.8270,0.2700,1914827223200,0.3680,0.6640
323.5000,152.1190,0.2770,1914843259600,0.3680,0.6640
322.7290,152.5570,0.2830,1914843315100,0.3680,0.6640
321.8290,152.9220,0.2880,1914859480600,0.3680,0.6640
320.8860,153.3230,0.2930,1914859538500,0.3680,0.6640
319.9000,153.6150,0.2970,1914859541200,0.3680,0.6640
318.9140,153.9070,0.3010,1914859543100,0.3680,0.6640
317.9710,154.1260,0.3050,1914859544600,0.3680,0.6640
316.9860,154.3450,0.3090,1914875821100,0.3680,0.6640
316.0000,154.6000,0.3130,1914875907100,0.3680,0.6640
315.1000,154.7460,0.3160,1914892720300,0.3680,0.6640
314.3710,154.8920,0.3180,1914892763000,0.3680,0.6640
313.7710,154.9650,0.3210,1914892768500,0.3680,0.6640
313.1710,155.0380,0.3230,1914892770700,0.3680,0.6640
312.5710,155.0380,0.3240,1914892772700,0.3680,0.6640
312.1000,155.1110,0.3220,1914908834000,0.3680,0.6640
311.7570,155.1110,0.3160,1914908890000,0.3680,0.6640
311.4570,155.1110,0.3080,1914908892000,0.3680,0.6640
310.9860,154.9650,0.2810,1914925772200,0.3680,0.6640
310.9860,154.6000,0.1800,1914942078400,0.3680,0.6640
311.4570,153.6880,0.8330,1914942119100,0.3680,0.6640
314.9710,135.5540,0.0120,1915091298300,0.3860,0.6980
314.8000,135.1890,0.0250,1915091318400,0.3860,0.6980
314.7140,134.8240,0.0380,1915091319800,0.3860,0.6980
314.6720,134.5690,0.0500,1915108127200,0.3860,0.6980
314.5860,134.2770,0.0610,1915108180900,0.3860,0.6980
314.5000,133.9850,0.0710,1915108182500,0.3860,0.6980
314.4140,133.1460,0.1000,1915124123200,0.3860,0.6980
314.4140,132.6350,0.1190,1915141103300,0.3860,0.6980
314.6720,132.0510,0.1370,1915141133700,0.3860,0.6980
314.8000,131.5770,0.1550,1915157253000,0.3860,0.6980
315.1000,131.1390,0.1700,1915174609400,0.3860,0.6980
315.4860,130.8470,0.1830,1915174837300,0.3860,0.6980
315.9140,130.7010,0.1940,1915174853300,0.3860,0.6980
316.4710,130.4460,0.2030,1915190378700,0.3860,0.6980
317.2860,130.2270,0.2120,1915206338300,0.3860,0.6980
317.7140,130.0810,0.2150,1915206402700,0.3860,0.6980
318.3140,129.9350,0.2190,1915206404600,0.3860,0.6980
318.8710,129.7890,0.2220,1915206405400,0.3860,0.6980
319.4710,129.5700,0.2250,1915222659300,0.3860,0.6980
319.9860,129.3510,0.2280,1915222784500,0.3860,0.6980
320.9290,128.9500,0.2300,1915238763500,0.3860,0.6980
321.7860,128.6580,0.2330,1915238819600,0.3860,0.6980
322.5140,128.3660,0.2350,1915238822000,0.3860,0.6980
323.1140,128.1470,0.2370,1915238823500,0.3860,0.6980
323.7140,127.9280,0.2390,1915255762300,0.3860,0.6980
324.2290,127.6730,0.2390,1915256076400,0.3860,0.6980
324.7000,127.5270,0.2380,1915256115200,0.3860,0.6980
325.1290,127.3810,0.2340,1915256118200,0.3860,0.6980
325.5140,127.3080,0.2290,1915256120200,0.3860,0.6980
326.1140,127.3080,0.2070,1915271786700,0.3860,0.6980
326.3290,127.3080,0.1730,1915288091500,0.3860,0.6980
326.5860,127.5270,0.1200,1915288130700,0.3860,0.6980
310.9860,157.3730,0.0040,1915600840000,0.3860,0.6980
310.6860,157.5190,0.0140,1915600870400,0.3860,0.6980
310.3000,157.5920,0.0270,1915600874600,0.3860,0.6980
310.0860,157.7380,0.0400,1915600875400,0.3860,0.6980
309.7860,157.8110,0.0520,1915600876100,0.3860,0.6980
309.4860,157.8840,0.0650,1915616831000,0.3860,0.6980
308.9710,158.0300,0.0770,1915616865500,0.3860,0.6980
308.5860,158.0300,0.0880,1915633048500,0.3860,0.6980
308.1570,158.1030,0.0980,1915633081900,0.3860,0.6980
307.6860,158.1030,0.1070,1915633082700,0.3860,0.6980
307.3000,158.1030,0.1160,1915633083500,0.3860,0.6980
306.9570,158.1030,0.1240,1915649438700,0.3860,0.6980
306.5710,158.1030,0.1310,1915649469900,0.3860,0.6980
306.0570,158.0300,0.1370,1915666380400,0.3860,0.6980
305.5000,157.9570,0.1430,1915666414100,0.3860,0.6980
304.9860,157.8840,0.1490,1915666415600,0.3860,0.6980
304.4710,157.7380,0.1540,1915666426900,0.3860,0.6980
303.9570,157.5920,0.1580,1915666427900,0.3860,0.6980
303.4430,157.4460,0.1620,1915682616300,0.3860,0.6980
302.9710,157.2270,0.1660,1915682718400,0.3860,0.6980
302.5430,156.9720,0.1690,1915698833700,0.3860,0.6980
301.9430,156.7530,0.1720,1915698864600,0.3860,0.6980
301.6430,156.5340,0.1740,1915698865500,0.3860,0.6980
301.2570,156.2420,0.1770,1915698866300,0.3860,0.6980
300.7860,156.0230,0.1790,1915714960700,0.3860,0.6980
300.4860,155.6950,0.1810,1915714990600,0.3860,0.6980
300.1860,155.3300,0.1830,1915714991900,0.3860,0.6980
299.9710,155.1110,0.1850,1915714992500,0.3860,0.6980
299.7570,154.8190,0.1860,1915730941400,0.3860,0.6980
299.5430,154.5270,0.1880,1915730966800,0.3860,0.6980
299.4570,154.2720,0.1890,1915730967800,0.3860,0.6980
299.2860,154.0530,0.1900,1915747182600,0.3860,0.6980
299.2430,153.7610,0.1910,1915747295100,0.3860,0.6980
298.9860,153.3230,0.1930,1915747308100,0.3860,0.6980
298.9430,153.1040,0.1940,1915764190300,0.3860,0.6980
298.7710,152.7030,0.1950,1915780334800,0.3860,0.6980
298.6430,152.3380,0.1960,1915780373900,0.3860,0.6980
298.3860,152.1190,0.1970,1915796719400,0.3860,0.6980
297.7430,152.4840,0.2060,1915813304900,0.3860,0.6980
297.4430,152.7760,0.2090,1915829391100,0.3860,0.6980
297.0570,153.1770,0.2120,1915829471800,0.3860,0.6980
296.6710,153.5420,0.2150,1915829474900,0.3860,0.6980
296.2860,153.9070,0.2180,1915829476600,0.3860,0.6980
295.8570,154.3450,0.2220,1915846333000,0.3860,0.6980
295.4290,154.7460,0.2250,1915846410900,0.3860,0.6980
294.9570,155.1110,0.2290,1915862767400,0.3860,0.6980
294.4430,155.4760,0.2330,1915862830900,0.3860,0.6980
293.7570,155.9500,0.2370,1915862835800,0.3860,0.6980
293.0710,156.2420,0.2410,1915862837400,0.3860,0.6980
292.4710,156.4610,0.2450,1915862838900,0.3860,0.6980
291.8710,156.6800,0.2490,1915879702100,0.3860,0.6980
291.1430,156.8260,0.2520,1915879818200,0.3860,0.6980
290.5430,156.8990,0.2560,1915879861200,0.3860,0.6980
289.7710,156.8990,0.2590,1915879864100,0.3860,0.6980
289.0430,156.8990,0.2620,1915895718600,0.3860,0.6980
288.0140,156.7530,0.2650,1915895786100,0.3860,0.6980
286.9430,156.5340,0.2670,1915911866400,0.3860,0.6980
285.9140,156.3150,0.2680,1915911937700,0.3860,0.6980
284.7570,155.9500,0.2680,1915911942000,0.3860,0.6980
283.8140,155.5490,0.2660,1915911944400,0.3860,0.6980
282.7430,155.1110,0.2640,1915911946700,0.3860,0.6980
281.8430,154.6730,0.2620,1915928191100,0.3860,0.6980
281.0290,154.1260,0.2600,1915928283200,0.3860,0.6980
280.2570,153.6880,0.2570,1915944354900,0.3860,0.6980
279.5290,153.2500,0.2550,1915944423700,0.3860,0.6980
278.9290,152.8490,0.2530,1915944427700,0.3860,0.6980
278.5000,152.5570,0.2510,1915944430000,0.3860,0.6980
278.1140,152.3380,0.2490,1915960299900,0.3860,0.6980
277.8140,152.1920,0.2470,1915960365500,0.3860,0.6980
277.3430,151.9730,0.2440,1915976358000,0.3860,0.6980
276.7430,152.2650,0.2400,1915992949300,0.3860,0.6980
276.4430,152.7030,0.2400,1916009509200,0.3860,0.6980
276.1430,153.1040,0.2410,1916009581700,0.3860,0.6980
275.8430,153.4690,0.2420,1916009584200,0.3860,0.6980
275.5000,153.9070,0.2440,1916009586200,0.3860,0.6980
275.0290,154.3450,0.2460,1916026495800,0.3860,0.6980
274.3430,154.8920,0.2490,1916026564400,0.4030,0.6990
273.8290,155.4030,0.2510,1916026567600,0.4030,0.6990
273.1430,155.9500,0.2540,1916026571800,0.4200,0.6990
272.4140,156.3880,0.2570,1916042393600,0.4200,0.6990
271.6000,156.7530,0.2600,1916042457400,0.4200,0.6990
270.7860,157.2270,0.2620,1916042460600,0.4200,0.6990
269.8000,157.5190,0.2650,1916058608200,0.4200,0.6990
268.8140,157.8110,0.2680,1916058680600,0.4200,0.6990
267.8290,158.0300,0.2700,1916058684200,0.4200,0.6990
266.8000,158.1760,0.2720,1916058686600,0.4200,0.6990
265.6860,158.2490,0.2750,1916075636800,0.4200,0.6990
264.7000,158.1760,0.2770,1916075701000,0.4200,0.6990
263.5860,158.0300,0.2790,1916091698600,0.4200,0.6990
262.4710,157.8110,0.2810,1916091802600,0.4200,0.6990
261.5710,157.4460,0.2830,1916091806300,0.4200,0.6990
260.5000,156.9720,0.2850,1916091809100,0.4200,0.6990
259.1710,156.1690,0.2870,1916091811000,0.4200,0.6990
257.9710,155.1840,0.2880,1916108573400,0.4200,0.6990
256.7710,153.9800,0.2890,1916108635000,0.4200,0.6990
255.7860,152.7030,0.2900,1916124894600,0.4200,0.6990
254.9710,151.2800,0.2910,1916124964200,0.4200,0.6990
254.2860,149.7840,0.2920,1916124968000,0.4200,0.6990
253.7710,148.1420,0.2920,1916124970300,0.4200,0.6990
253.3000,146.3540,0.2920,1916140918500,0.4200,0.6990
252.8710,144.4570,0.2920,1916140993900,0.4200,0.6990
252.7860,142.4500,0.2910,1916140997900,0.4200,0.6990
252.7000,140.3700,0.2910,1916157100400,0.4200,0.6990
252.7000,138.1810,0.2910,1916157178400,0.4200,0.6990
252.7000,135.8460,0.2900,1916157183400,0.4200,0.6990
252.7000,133.5470,0.2900,1916157186800,0.4200,0.6990
252.7000,130.9930,0.2900,1916173186400,0.4200,0.6990
252.7860,128.4390,0.2890,1916173253600,0.4200,0.6990
252.7860,125.8120,0.2890,1916189535300,0.4200,0.6990
252.7860,123.3310,0.2880,1916189672300,0.4200,0.6990
252.7860,121.0320,0.2880,1916189676400,0.4200,0.6990
252.7860,118.7700,0.2870,1916189679800,0.4200,0.6990
252.7000,116.9820,0.2860,1916205414100,0.4200,0.6990
252.6570,115.5590,0.2850,1916205478400,0.4200,0.6990
252.6570,114.3550,0.2850,1916205480900,0.4200,0.6990
252.5710,113.2240,0.2850,1916222628200,0.4200,0.6990
252.4860,112.3490,0.2840,1916222879700,0.4200,0.6990
252.4000,111.5820,0.2840,1916222883900,0.4200,0.6990
252.3570,110.9260,0.2840,1916222887400,0.4200,0.6990
252.2710,110.3780,0.2830,1916238404600,0.4200,0.6990
252.1860,109.9410,0.2800,1916238489100,0.4200,0.6990
252.1860,109.5760,0.2760,1916238492700,0.4200,0.6990
252.1000,109.2470,0.2710,1916254500400,0.4200,0.6990
252.0570,108.8090,0.2500,1916254580400,0.4200,0.6990
276.4000,170.9090,0.0110,1917062921600,0.4210,0.6810
276.4000,171.2380,0.0460,1917078747200,0.4200,0.6990
276.4000,171.6030,0.0810,1917095248400,0.4200,0.6990
276.4430,171.9680,0.1110,1917095289300,0.4200,0.6990
276.5290,172.4050,0.1380,1917111700500,0.4200,0.6990
276.6140,172.6610,0.1490,1917111733700,0.4200,0.6990
276.7000,172.8800,0.1580,1917111734700,0.4200,0.6990
276.7430,173.1720,0.1640,1917111737900,0.4200,0.6990
276.8290,173.6090,0.1360,1917127906300,0.4200,0.6990
277.0430,173.8280,0.1130,1917144085400,0.4200,0.6990
277.3430,174.2300,0.8330,1917160294800,0.4200,0.6990
237.5290,119.7550,1.0000,1917390725700,0.4550,0.6640
228.0140,115.6320,0.0120,1917586021200,0.4550,0.6640
227.6290,115.7050,0.0380,1917602307800,0.4550,0.6640
227.3290,116.0700,0.0660,1917602350800,0.4550,0.6640
227.1570,116.4350,0.0790,1917602351700,0.4550,0.6640
226.9430,116.9820,0.0910,1917619231700,0.4550,0.6640
226.8570,117.5660,0.1040,1917619270700,0.4550,0.6640
226.7290,118.1870,0.1160,1917635247200,0.4550,0.6640
226.6430,118.9890,0.1270,1917635265700,0.4550,0.6640
226.6430,120.1930,0.1380,1917635295500,0.4550,0.6640
226.5140,121.3970,0.1480,1917635297000,0.4550,0.6640
226.5140,122.6740,0.1580,1917652246900,0.4550,0.6640
226.6430,124.0240,0.1670,1917652269900,0.4550,0.6640
226.8140,126.1040,0.1760,1917652270900,0.4550,0.6640
227.0290,128.1470,0.1850,1917652271800,0.4550,0.6640
227.1570,130.1540,0.1940,1917668349900,0.4550,0.6640
227.4140,132.1970,0.2020,1917668374900,0.4550,0.6640
227.6290,134.2770,0.2100,1917668376300,0.4540,0.6810
227.8430,136.3930,0.2170,1917684552900,0.4550,0.6990
228.0140,138.4000,0.2250,1917684569000,0.4550,0.7170
228.1430,140.5160,0.2320,1917684570000,0.4550,0.7170
228.3140,142.5960,0.2390,1917684570700,0.4550,0.7170
228.3570,144.6390,0.2450,1917701588400,0.4550,0.7170
228.4430,146.4270,0.2520,1917701632300,0.4550,0.7170
228.5290,147.9960,0.2580,1917701633800,0.4550,0.7170
228.6140,149.3460,0.2640,1917717856900,0.4550,0.7170
228.6140,150.7690,0.2690,1917717892400,0.4550,0.7170
228.6140,152.1190,0.2740,1917717894100,0.4550,0.7170
228.6140,153.4690,0.2790,1917734087100,0.4550,0.7170
228.6570,154.7460,0.2830,1917734108800,0.4550,0.7170
228.6140,156.0230,0.2870,1917734109600,0.4550,0.7170
228.4430,157.1180,0.2910,1917734110300,0.4550,0.7170
228.3140,158.2490,0.2950,1917734110900,0.4550,0.7170
228.1430,159.3070,0.2980,1917750242500,0.4550,0.7170
227.8430,160.3650,0.3020,1917750276500,0.4550,0.7170
227.5430,161.3130,0.3060,1917767200500,0.4550,0.7170
227.1570,162.2260,0.3090,1917767221900,0.4550,0.7170
226.8140,163.1380,0.3130,1917767222900,0.4550,0.7170
226.2570,163.8680,0.3160,1917767223600,0.4550,0.7170
225.6570,164.6340,0.3190,1917783558000,0.4550,0.7170
225.0140,165.1450,0.3220,1917783607400,0.4550,0.7170
224.2430,165.6920,0.3250,1917783609600,0.4550,0.7170
223.5570,166.1300,0.3280,1917799639400,0.4550,0.7170
222.8290,166.4220,0.3310,1917799700300,0.4550,0.7170
222.2290,166.6410,0.3340,1917799703200,0.4550,0.7170
221.5430,166.7140,0.3370,1917799704800,0.4550,0.7170
220.9000,166.6410,0.3390,1917816540700,0.4550,0.7170
220.2140,166.5680,0.3420,1917816616900,0.4550,0.7170
219.2290,166.2760,0.3440,1917832802900,0.4550,0.7170
218.3290,165.9110,0.3460,1917832845200,0.4550,0.7170
217.4290,165.3640,0.3470,1917832847400,0.4550,0.7170
216.6140,164.7800,0.3480,1917832849000,0.4550,0.7170
215.3290,163.7950,0.3490,1917832850400,0.4550,0.7170
214.1290,162.6640,0.3490,1917849765800,0.4550,0.7170
213.1860,161.5690,0.3500,1917849828000,0.4550,0.7170
212.3290,160.5840,0.3500,1917849831500,0.4550,0.7170
211.6000,159.5990,0.3500,1917849833600,0.4550,0.7170
211.0860,158.8690,0.3500,1917866391300,0.4550,0.7170
210.4000,158.0300,0.3500,1917866455700,0.4550,0.7170
209.8860,157.3000,0.3500,1917882472500,0.4550,0.7170
209.2860,156.5340,0.3500,1917882537700,0.4550,0.7170
208.7290,155.8770,0.3500,1917882540900,0.4550,0.7170
208.3860,155.3300,0.3490,1917882545100,0.4550,0.7170
208.0000,154.8190,0.3490,1917882547100,0.4550,0.7170
207.7860,154.4540,0.3490,1917898770700,0.4730,0.7170
207.5290,154.0530,0.3480,1917898832400,0.4730,0.7170
207.2710,153.7610,0.3470,1917914885200,0.4730,0.7170
207.1000,153.5420,0.3460,1917915027900,0.4730,0.7170
206.9710,153.3230,0.3450,1917915086900,0.4730,0.7170
206.8860,153.0310,0.3420,1917930966800,0.4730,0.7170
207.7000,153.9070,0.3370,1917963275900,0.4730,0.7170
207.9140,154.3450,0.3370,1917963338000,0.4730,0.7170
208.2140,154.8920,0.3360,1917963342000,0.4730,0.7170
208.6000,155.6950,0.3360,1917963343900,0.4730,0.7170
208.9000,156.6070,0.3350,1917963346000,0.4730,0.7170
209.0290,157.4460,0.3350,1917979581200,0.4730,0.7170
209.1140,158.1760,0.3350,1917979644100,0.4730,0.7170
209.2000,158.9420,0.3350,1917995692000,0.4730,0.7170
209.1140,159.6720,0.3350,1917995750600,0.4730,0.7170
208.9860,160.7300,0.3360,1917995752900,0.4730,0.7170
208.6860,161.7150,0.3360,1917995754300,0.4730,0.7170
208.3000,162.5910,0.3370,1918012609700,0.4730,0.7170
207.8290,163.4300,0.3380,1918012668000,0.4730,0.7170
207.2710,164.1590,0.3390,1918012671400,0.4730,0.7170
206.5860,164.8530,0.3410,1918029574700,0.4730,0.7170
205.8140,165.3640,0.3420,1918029632100,0.4730,0.7170
204.9140,165.8380,0.3440,1918029634600,0.4730,0.7170
204.0140,166.1300,0.3460,1918029636900,0.4730,0.7170
203.1140,166.2760,0.3480,1918045657200,0.4730,0.7170
202.2140,166.3490,0.3500,1918045718400,0.4730,0.7170
201.2710,166.2760,0.3520,1918062555400,0.4730,0.7170
200.3710,166.0570,0.3540,1918062627900,0.4730,0.7170
199.3860,165.8380,0.3560,1918062630900,0.4730,0.7170
198.4860,165.3640,0.3590,1918062635000,0.4730,0.7170
197.5860,164.9260,0.3610,1918062636600,0.4730,0.7170
196.6860,164.4150,0.3620,1918079648100,0.4730,0.7170
195.8710,163.7220,0.3630,1918079719800,0.4730,0.7170
195.1000,163.1380,0.3630,1918079724400,0.4730,0.7170
194.5000,162.4450,0.3630,1918095707800,0.4730,0.7170
193.9000,161.7880,0.3610,1918095766700,0.4730,0.7170
193.3860,161.1680,0.3590,1918095769700,0.4730,0.7170
192.8710,160.6570,0.3540,1918111846600,0.4730,0.7170
192.6570,160.2190,0.3460,1918111905900,0.4730,0.7170
192.4860,159.7450,0.3350,1918111908300,0.4730,0.7170
192.3570,159.4530,0.3190,1918111910000,0.4730,0.7170
192.3570,159.1610,0.2990,1918111911700,0.4730,0.7170
192.2710,158.8690,0.2490,1918128839500,0.4730,0.7170
192.5710,157.6650,0.8330,1918145855500,0.4730,0.7170
174.0570,139.9690,0.5390,1918457161600,0.4730,0.7170
173.4570,139.9690,0.2160,1918473209000,0.4730,0.7170
173.1140,140.0420,0.1720,1918473260600,0.4730,0.7170
172.7290,140.0420,0.1540,1918490201200,0.4730,0.7170
172.2570,140.0420,0.1440,1918490246700,0.4730,0.7170
171.7430,140.0420,0.1470,1918490248200,0.4730,0.7170
171.1430,140.1150,0.1500,1918490249300,0.4730,0.7170
170.4570,140.1880,0.1540,1918490250500,0.4730,0.7170
169.8140,140.2610,0.1570,1918506643800,0.4730,0.7170
169.1290,140.4430,0.1610,1918506803600,0.4730,0.7170
168.3570,140.5890,0.1660,1918522627600,0.4730,0.7170
167.7140,140.7350,0.1710,1918522679500,0.4730,0.7170
166.8140,140.9540,0.1770,1918522681500,0.4730,0.7170
165.9140,141.1730,0.1830,1918522682900,0.4730,0.7170
165.0140,141.4650,0.1890,1918538805900,0.4730,0.7170
164.1140,141.8660,0.1960,1918538822200,0.4730,0.7170
163.3000,142.1580,0.2020,1918555785100,0.4730,0.7170
162.5290,142.5960,0.2080,1918555818600,0.4730,0.7170
161.7140,143.0340,0.2140,1918555820100,0.4730,0.7170
161.0290,143.5080,0.2190,1918555821000,0.4730,0.7170
160.3430,144.0190,0.2240,1918555821900,0.4730,0.7170
159.8290,144.5300,0.2290,1918571855900,0.4730,0.7170
159.4000,145.0040,0.2330,1918571901200,0.4730,0.7170
159.1430,145.4420,0.2370,1918571903200,0.4730,0.7170
158.8860,145.9890,0.2400,1918588037200,0.4730,0.7170
158.7140,146.5000,0.2430,1918588071800,0.4730,0.7170
158.6290,147.0840,0.2460,1918588072800,0.4730,0.7170
158.7140,147.7040,0.2490,1918604111100,0.4730,0.7170
158.8000,148.2880,0.2520,1918604141900,0.4730,0.7170
159.0140,148.9810,0.2550,1918604143600,0.4730,0.7170
159.3140,149.8570,0.2570,1918604144600,0.4730,0.7170
159.8290,150.7690,0.2600,1918620155500,0.4730,0.7170
160.4290,151.6810,0.2620,1918620193800,0.4730,0.7170
161.3290,153.0310,0.2640,1918620195100,0.4730,0.7170
162.1000,154.1260,0.2660,1918636281100,0.4730,0.7170
162.7430,155.0380,0.2680,1918636325600,0.4730,0.7170
163.3000,155.9500,0.2690,1918636327700,0.4730,0.7170
163.7290,156.7530,0.2710,1918636328600,0.4730,0.7170
164.1140,157.5920,0.2720,1918652380100,0.4730,0.7170
164.5000,158.3950,0.2740,1918652413000,0.4730,0.7170
164.6290,159.1610,0.2770,1918652414300,0.4730,0.7170
164.6290,159.8180,0.2810,1918668480000,0.4730,0.7170
164.5430,160.5110,0.2850,1918668543800,0.4730,0.7170
164.2000,161.2400,0.2890,1918668547000,0.4730,0.7170
163.7290,162.0800,0.2940,1918684567700,0.4730,0.7170
162.7430,163.2840,0.2990,1918684612600,0.4730,0.7170
161.4140,164.2690,0.3040,1918684615100,0.4730,0.7170
159.8290,165.1450,0.3090,1918684616500,0.4730,0.7170
158.0290,165.9110,0.3140,1918684617900,0.4730,0.7170
156.1000,166.4950,0.3190,1918700800000,0.4730,0.7170
154.0000,167.0420,0.3240,1918700858700,0.4730,0.7170
151.8140,167.3340,0.3280,1918717040100,0.4730,0.7170
149.5860,167.5530,0.3320,1918717112200,0.4730,0.7170
147.3140,167.4800,0.3360,1918717118700,0.4900,0.7160
145.1710,167.4070,0.3400,1918717121200,0.5070,0.7160
142.9000,167.1880,0.3430,1918733272400,0.5070,0.7160
140.8000,166.7140,0.3470,1918733336100,0.5070,0.7160
138.7860,166.1300,0.3500,1918750364900,0.5070,0.7160
136.9860,165.3640,0.3540,1918750428700,0.5070,0.7160
135.3570,164.4150,0.3570,1918750431600,0.5070,0.7160
134.1570,163.3570,0.3600,1918750433900,0.5070,0.7160
133.1710,162.1530,0.3630,1918766580300,0.5070,0.7160
132.6570,160.9490,0.3640,1918766620000,0.5070,0.7160
132.4430,159.8180,0.3640,1918766623300,0.5070,0.7160
132.4430,158.7230,0.3590,1918766625600,0.5070,0.7160
132.8710,156.9720,0.3500,1918766627400,0.5070,0.7160
133.7710,155.2570,0.3360,1918783585900,0.5070,0.7160
134.8860,153.6150,0.3160,1918783635000,0.5070,0.7160
136.2570,151.9730,0.2630,1918799926000,0.5070,0.7160
140.5000,147.0840,0.8330,1918799988700,0.5070,0.7160
141.7000,145.2230,0.6940,1918799991100,0.5070,0.7160
