701.5860,83.4150,1.0000,1922880622900,0.2970,0.6630
701.1570,82.5760,1.0000,1922897406700,0.2970,0.6810
700.9000,82.0650,1.0000,1922897435500,0.2970,0.6810
700.7710,81.5540,1.0000,1922897444200,0.2970,0.6810
700.6000,81.0070,1.0000,1922913412400,0.2980,0.6980
700.3860,80.4960,1.0000,1922913439000,0.2980,0.6980
700.3000,79.9490,1.0000,1922913439800,0.3150,0.6980
700.0860,79.4380,1.0000,1922913440400,0.3150,0.6980
699.9570,78.8540,1.0000,1922913440800,0.3150,0.6980
695.8860,69.6230,0.0060,1923044484300,0.3150,0.6980
695.7570,69.4040,0.0270,1923044519600,0.3150,0.6980
695.8430,70.4620,0.1510,1923093592100,0.3150,0.6980
695.8860,70.7540,0.1590,1923093624400,0.3150,0.6980
695.9710,71.1190,0.1660,1923093625200,0.3150,0.6980
696.0570,71.7390,0.1720,1923109802000,0.3150,0.6980
696.1430,72.2500,0.1780,1923109832500,0.3150,0.6980
696.2710,72.9070,0.1850,1923125824300,0.3150,0.6980
696.3570,73.5270,0.1910,1923125841600,0.3150,0.6980
696.4860,74.1840,0.1970,1923125842300,0.3150,0.6980
696.6570,74.8770,0.2020,1923125842900,0.3150,0.6980
696.7860,75.6070,0.2080,1923142771500,0.3150,0.6980
696.9570,76.5190,0.2130,1923142806300,0.3150,0.6980
697.1720,77.4310,0.2190,1923142807500,0.3150,0.6980
697.3860,78.4530,0.2240,1923158805200,0.3150,0.6980
697.4710,79.2920,0.2290,1923158827900,0.3150,0.6980
697.7710,80.2770,0.2330,1923158829600,0.3150,0.6980
697.8570,81.1530,0.2370,1923158830500,0.3150,0.6980
697.9430,81.9920,0.2420,1923175065200,0.3150,0.6980
697.9860,82.7220,0.2460,1923175106300,0.3150,0.6980
698.0710,83.5610,0.2490,1923191075300,0.3150,0.6980
698.0710,84.3270,0.2530,1923191360200,0.3150,0.6980
698.1570,85.1300,0.2570,1923192019900,0.3150,0.6980
698.1570,85.9690,0.2610,1923192055400,0.3150,0.6980
698.1570,86.7720,0.2640,1923208213000,0.3150,0.6980
698.1570,87.6110,0.2680,1923208419300,0.3150,0.6980
698.2430,88.6690,0.2710,1923208424400,0.3150,0.6980
698.2430,89.6910,0.2750,1923225057600,0.3150,0.6980
698.2430,90.6030,0.2780,1923225122300,0.3150,0.6980
698.2860,91.6610,0.2820,1923225124900,0.3150,0.6980
698.2430,92.7920,0.2850,1923225126900,0.3150,0.6980
698.2430,93.8130,0.2880,1923241604500,0.3150,0.6980
698.2430,94.7260,0.2920,1923241661600,0.3150,0.6980
698.2430,95.8570,0.2950,1923241663800,0.3150,0.6980
698.1570,96.9880,0.2980,1923241665500,0.3150,0.6980
698.1570,98.1550,0.3010,1923241667200,0.3150,0.6980
698.0710,99.2860,0.3040,1923258588500,0.3150,0.6980
697.9860,100.4180,0.3060,1923258662000,0.3150,0.6980
697.9860,101.6220,0.3090,1923274871700,0.3150,0.6980
697.9430,102.7530,0.3110,1923275089100,0.3150,0.6980
697.8570,103.9570,0.3140,1923275108600,0.3150,0.6980
697.8570,104.9780,0.3160,1923275123000,0.3150,0.6980
697.8570,106.1820,0.3190,1923291513900,0.3150,0.6980
697.8570,107.3860,0.3210,1923292429000,0.3150,0.6980
697.9430,108.5910,0.3230,1923292596700,0.3150,0.6980
697.9430,109.7950,0.3250,1923292621800,0.3150,0.6980
697.8570,110.9990,0.3280,1923307437900,0.3150,0.6980
697.8570,112.1660,0.3300,1923307501000,0.3150,0.6980
697.8570,113.2970,0.3320,1923307503800,0.3150,0.6980
697.8570,114.4280,0.3340,1923324556000,0.3150,0.6980
697.9430,115.5590,0.3360,1923324785100,0.3150,0.6980
697.9430,116.6900,0.3380,1923324792300,0.3150,0.6980
697.9860,117.7120,0.3400,1923324795800,0.3150,0.6980
698.1570,118.7700,0.3410,1923341398200,0.3150,0.6980
698.0710,119.6820,0.3430,1923341489700,0.3150,0.6980
698.1570,120.5580,0.3450,1923341495000,0.3150,0.6980
698.2430,121.3240,0.3470,1923357707200,0.3150,0.6980
698.2430,122.1640,0.3490,1923357921900,0.3150,0.6980
698.2860,123.2580,0.3510,1923357931000,0.3150,0.6980
698.3710,124.1700,0.3520,1923357937800,0.3150,0.6980
698.4570,125.0090,0.3540,1923373754200,0.3150,0.6980
698.4570,125.8120,0.3550,1923373907800,0.3150,0.6980
698.3710,126.6510,0.3570,1923390810100,0.3150,0.6980
698.3710,127.3810,0.3580,1923390985200,0.3150,0.6980
698.3710,128.2200,0.3590,1923390992200,0.3150,0.6980
698.3710,129.0230,0.3610,1923390994400,0.3150,0.6980
698.2860,129.7890,0.3610,1923406837900,0.3150,0.6980
698.2860,130.6280,0.3620,1923406876300,0.3150,0.6980
698.2430,131.4310,0.3630,1923406878600,0.3150,0.6980
698.2430,132.1970,0.3640,1923406880300,0.3150,0.6980
698.1570,133.2920,0.3650,1923406881700,0.3150,0.6980
698.1570,134.2040,0.3660,1923423175900,0.3150,0.6980
698.0710,135.0430,0.3670,1923423243500,0.3150,0.6980
698.1570,135.8460,0.3680,1923439519000,0.3150,0.6980
698.0710,136.9770,0.3690,1923439629800,0.3150,0.6980
697.9860,138.0350,0.3710,1923439635100,0.3150,0.6980
697.9860,139.1660,0.3730,1923439641400,0.3150,0.6980
697.9860,140.2610,0.3750,1923455413500,0.3150,0.6980
697.9860,141.2460,0.3760,1923455478000,0.3150,0.6980
697.9860,142.1580,0.3780,1923455480900,0.3150,0.6980
697.9860,142.8880,0.3800,1923471894400,0.3150,0.6980
697.9860,143.7270,0.3810,1923471960200,0.3150,0.6980
698.0710,144.5300,0.3830,1923471964200,0.3150,0.6980
697.9860,145.3690,0.3840,1923471966300,0.3150,0.6980
697.9860,146.2080,0.3860,1923488027200,0.3150,0.6980
697.9860,147.3030,0.3870,1923488107500,0.3150,0.6980
697.9860,148.4340,0.3890,1923504425400,0.3150,0.6980
697.9430,149.5650,0.3900,1923504513800,0.3150,0.6980
697.9430,150.4770,0.3920,1923504518200,0.3150,0.6980
697.9430,151.3530,0.3930,1923504520300,0.3150,0.6980
697.9430,152.1190,0.3940,1923520515400,0.3150,0.6980
697.8570,152.9220,0.3950,1923520569400,0.3150,0.6980
697.7710,153.6880,0.3960,1923520572600,0.3150,0.6980
697.8570,154.5270,0.3980,1923536758500,0.3150,0.6980
697.7710,155.2570,0.3990,1923536822300,0.3150,0.6980
697.6860,156.0230,0.4010,1923536824700,0.3150,0.6980
697.6860,156.7530,0.4020,1923536826500,0.3150,0.6980
697.6860,157.5190,0.4040,1923553667500,0.3150,0.6980
697.6860,158.2490,0.4050,1923553733700,0.3150,0.6980
697.6860,159.0150,0.4070,1923553736600,0.3150,0.6980
697.6860,159.6720,0.4080,1923553739200,0.3150,0.6980
697.6430,160.3650,0.4090,1923569740800,0.3150,0.6980
697.6430,161.0950,0.4110,1923569805200,0.3150,0.6980
697.5570,161.7880,0.4130,1923586658700,0.3150,0.6980
697.6430,162.4450,0.4140,1923586736200,0.3150,0.6980
697.5570,163.1380,0.4160,1923586744800,0.3150,0.6980
697.5570,163.7950,0.4180,1923586747200,0.3150,0.6980
697.5570,164.4880,0.4190,1923586749700,0.3150,0.6980
697.4710,165.0720,0.4210,1923603732300,0.3150,0.6980
697.4710,165.6920,0.4220,1923603813200,0.3150,0.6980
697.3860,166.1300,0.4240,1923619779700,0.3150,0.6980
697.3860,166.5680,0.4250,1923619839500,0.3150,0.6980
697.3860,167.0420,0.4260,1923619841700,0.3150,0.6980
697.3430,167.3340,0.4280,1923619843100,0.3150,0.6980
697.3430,167.6990,0.4290,1923635821800,0.3150,0.6980
697.3430,168.2090,0.4320,1923635898100,0.3150,0.6980
697.3430,168.4650,0.4340,1923635901700,0.3150,0.6980
697.2570,168.9030,0.4370,1923651813200,0.3150,0.6980
697.2570,169.1950,0.4390,1923668019600,0.3150,0.6980
696.8710,169.1950,0.3310,1923684345800,0.3150,0.6980
696.1860,168.1370,0.8330,1923684419400,0.3150,0.6980
695.4570,166.6410,0.6940,1923701238000,0.3150,0.6980
666.4000,131.5040,0.0250,1924047198800,0.2980,0.6980
666.2290,131.7230,0.0400,1924047228000,0.2980,0.6980
665.9290,132.0510,0.0520,1924047229400,0.2980,0.6980
665.5860,132.4160,0.0620,1924063163200,0.2980,0.6980
665.1140,132.7080,0.0700,1924063208100,0.2980,0.6980
664.3000,133.2190,0.0770,1924080125700,0.2980,0.6980
663.4860,133.6930,0.0830,1924080146800,0.2980,0.6980
662.5860,134.1310,0.0890,1924080147600,0.2980,0.6980
661.5140,134.4230,0.0950,1924080157100,0.2980,0.6980
660.4860,134.8240,0.1020,1924080157600,0.2980,0.6980
659.2860,135.0430,0.1100,1924097116000,0.2980,0.6980
658.1710,135.1890,0.1170,1924097154300,0.2980,0.6980
657.0140,135.2620,0.1250,1924097155500,0.2980,0.6980
655.8140,135.3350,0.1330,1924097156400,0.2980,0.6980
654.5710,135.2620,0.1400,1924113289200,0.2980,0.6980
653.3710,135.1160,0.1480,1924113309400,0.2980,0.6980
652.1720,134.8970,0.1550,1924129347600,0.2980,0.6980
650.2000,134.5690,0.1620,1924129369200,0.2980,0.6980
648.3570,134.1310,0.1680,1924129370000,0.2980,0.6980
646.7710,133.5470,0.1730,1924129370600,0.2980,0.6980
645.4860,132.9270,0.1790,1924129371100,0.2980,0.6980
643.9860,132.1970,0.1830,1924145440400,0.2980,0.6980
642.4860,131.3580,0.1880,1924145460500,0.2980,0.6980
641.1570,130.4460,0.1920,1924145461600,0.2980,0.6980
640.0860,129.6430,0.1950,1924145462400,0.2980,0.6980
639.1860,128.8770,0.1980,1924161479300,0.2980,0.6980
638.4570,128.2200,0.2010,1924161497800,0.2980,0.6980
637.3860,127.0890,0.2040,1924177634400,0.2980,0.6980
636.7430,126.1040,0.2060,1924177661300,0.2980,0.6980
636.0570,125.2280,0.2090,1924177662300,0.2980,0.6980
635.5860,124.3890,0.2110,1924177662800,0.2980,0.6980
635.2430,123.4770,0.2130,1924193724600,0.2980,0.6980
634.8570,122.6740,0.2150,1924193741800,0.2980,0.6980
634.6430,121.9080,0.2170,1924210716900,0.2980,0.6980
634.6430,121.1780,0.2190,1924210745900,0.2980,0.6980
634.7290,120.4850,0.2210,1924210747000,0.2980,0.6980
634.7710,119.9010,0.2220,1924210747800,0.2980,0.6980
634.9860,119.2080,0.2230,1924210748500,0.2980,0.6980
635.3710,118.5510,0.2240,1924227699400,0.2980,0.6980
635.7570,117.8580,0.2250,1924227736700,0.2980,0.6980
636.2710,117.2740,0.2260,1924244702500,0.2980,0.6980
637.0430,116.8360,0.2280,1924244733700,0.2980,0.6980
637.7710,116.3620,0.2290,1924244734900,0.2980,0.6980
638.5430,116.1430,0.2310,1924244735800,0.2980,0.6980
639.2710,115.9240,0.2330,1924244736400,0.2980,0.6980
639.9570,115.7780,0.2350,1924261680300,0.2980,0.6980
640.6860,115.7780,0.2370,1924261717700,0.2980,0.6980
641.7570,115.9970,0.2390,1924277680300,0.2980,0.6980
642.8710,116.2160,0.2420,1924277711900,0.2980,0.6980
643.8570,116.4350,0.2440,1924277713000,0.2980,0.6980
644.8860,116.8360,0.2460,1924277713700,0.2980,0.6980
645.8710,117.2740,0.2480,1924277714300,0.2980,0.6980
647.3710,118.0410,0.2500,1924294659700,0.2980,0.6980
648.4860,118.7700,0.2530,1924294687500,0.2980,0.6980
649.3860,119.3910,0.2560,1924311653200,0.2980,0.6980
650.1570,120.1930,0.2590,1924311676900,0.2980,0.6980
650.7570,121.0320,0.2620,1924311678000,0.2980,0.6980
651.2710,121.9080,0.2660,1924311679100,0.2980,0.6980
651.7000,122.8930,0.2700,1924328641700,0.2980,0.6980
651.8710,123.9510,0.2750,1924328661100,0.2980,0.6980
652.0000,125.0820,0.2790,1924328662200,0.2980,0.6980
652.0000,126.1770,0.2830,1924328662900,0.2980,0.6980
652.0000,127.3080,0.2880,1924328663500,0.2980,0.6980
651.8710,128.4390,0.2930,1924345622200,0.2980,0.6980
651.5710,129.5700,0.2980,1924345648700,0.2980,0.6980
651.2710,130.7010,0.3030,1924361621700,0.2980,0.6980
650.6710,132.1970,0.3080,1924361640200,0.2980,0.6980
649.9860,133.4740,0.3130,1924361641200,0.2980,0.6980
649.1710,134.8240,0.3190,1924361641900,0.2980,0.6980
648.2710,136.0650,0.3250,1924361642500,0.2980,0.6980
647.1570,137.2690,0.3300,1924378601400,0.2980,0.6980
645.9570,138.4000,0.3360,1924378635700,0.2980,0.6980
644.5000,139.4580,0.3420,1924395596700,0.2980,0.6980
643.0000,140.5160,0.3480,1924395616600,0.2980,0.6980
641.4570,141.4650,0.3530,1924395617600,0.2980,0.6980
639.7430,142.3770,0.3590,1924395618300,0.2980,0.6980
637.7710,143.2160,0.3640,1924395619000,0.2980,0.6980
635.6710,143.9460,0.3680,1924412588100,0.2980,0.6980
633.5710,144.7120,0.3730,1924412620900,0.2980,0.6980
631.4710,145.2960,0.3770,1924428582000,0.2980,0.6980
629.3290,145.8800,0.3810,1924428602400,0.2980,0.6980
627.0570,146.4270,0.3850,1924428604000,0.2980,0.6980
625.0430,146.8650,0.3880,1924428604700,0.2980,0.6980
623.0290,147.2300,0.3910,1924445579600,0.2980,0.6980
621.0140,147.4850,0.3940,1924445607900,0.2980,0.6980
619.3430,147.5580,0.3970,1924445609300,0.2980,0.6980
617.8430,147.6310,0.4000,1924445610100,0.2980,0.6980
616.4290,147.5580,0.4030,1924462564200,0.2980,0.6980
614.5000,147.4120,0.4050,1924462585200,0.2980,0.6980
612.6140,147.0840,0.4080,1924462586400,0.2980,0.6980
611.0290,146.7920,0.4100,1924479557800,0.2980,0.6980
609.7860,146.4270,0.4120,1924479589000,0.2980,0.6980
608.7140,146.0620,0.4130,1924479590100,0.2980,0.6980
607.6860,145.5880,0.4110,1924479591000,0.2980,0.6980
606.2290,144.9310,0.4040,1924496534600,0.2980,0.6980
605.2000,144.3110,0.3940,1924496561800,0.2980,0.6980
604.3860,143.8000,0.3790,1924496562900,0.2980,0.6980
603.7860,143.3620,0.3590,1924513543500,0.2980,0.6980
603.3140,142.8150,0.3430,1924513593600,0.2980,0.6980
602.9290,142.3770,0.2860,1924513595700,0.2980,0.6980
602.7140,140.8080,0.8330,1924529523600,0.3340,0.6990
603.0140,139.9690,0.6940,1924546501900,0.3340,0.6990
614.2430,103.1180,0.0080,1924712546800,0.3330,0.7160
614.1140,102.4240,0.0330,1924712636100,0.3330,0.7160
614.0290,101.9140,0.0590,1924729406100,0.3330,0.7160
613.9430,101.4030,0.0820,1924729444000,0.3330,0.7160
613.9430,101.0010,0.1020,1924729445300,0.3330,0.7160
613.9430,100.7090,0.1180,1924729456500,0.3330,0.7160
614.0290,100.4180,0.1310,1924746405400,0.3330,0.7160
614.2430,100.0530,0.1530,1924746434600,0.3330,0.7160
614.4140,99.9070,0.1630,1924762390400,0.3330,0.7160
614.6290,99.7610,0.1720,1924762409400,0.3330,0.7160
614.9290,99.6510,0.1810,1924762420600,0.3330,0.7160
615.4000,99.5050,0.1900,1924762421700,0.3330,0.7160
615.9140,99.3590,0.1980,1924762422400,0.3330,0.7160
616.5140,99.2140,0.2070,1924779387200,0.3330,0.7160
617.5000,98.9950,0.2150,1924779411900,0.3330,0.7160
618.4000,98.8490,0.2230,1924796355300,0.3330,0.7160
619.5140,98.5570,0.2300,1924796390600,0.3330,0.7160
620.6290,98.3380,0.2370,1924796392000,0.3330,0.7160
621.7430,98.0820,0.2440,1924796392800,0.3330,0.7160
623.7140,97.6450,0.2500,1924812358300,0.3330,0.7160
625.2140,97.3530,0.2550,1924812378400,0.3330,0.7160
626.6290,97.1340,0.2600,1924812379400,0.3330,0.7160
627.7430,96.9150,0.2650,1924812380100,0.3330,0.7160
628.8570,96.5860,0.2690,1924812380800,0.3330,0.7160
629.9710,96.5140,0.2730,1924829356000,0.3330,0.7160
630.9570,96.2950,0.2770,1924829374000,0.3330,0.7160
631.7710,96.1490,0.2800,1924846355700,0.3330,0.7160
632.4570,96.0760,0.2830,1924846380900,0.3330,0.7160
633.0570,96.0030,0.2840,1924846382200,0.3330,0.7160
633.4430,95.9300,0.2850,1924846382900,0.3330,0.7160
633.7430,95.9300,0.2850,1924862339600,0.3330,0.7160
634.1290,95.9300,0.2820,1924862370600,0.3330,0.7160
634.4710,96.0030,0.2670,1924879340300,0.3330,0.7160
634.7290,96.0760,0.2370,1924879373300,0.3330,0.7160
634.6430,96.5140,1.0000,1924913292000,0.3330,0.7160
634.1710,96.8050,0.8330,1924913339100,0.3330,0.7160
615.2290,127.1620,1.0000,1925064392600,0.3160,0.7340
614.8000,128.4390,1.0000,1925064429500,0.3160,0.7340
614.4140,129.6430,1.0000,1925064430700,0.3330,0.7340
612.3140,136.0650,1.0000,1925098370100,0.3330,0.7340
612.1000,136.8310,1.0000,1925115202000,0.3330,0.7340
611.8430,137.4880,1.0000,1925115241700,0.3330,0.7340
611.7140,138.0350,1.0000,1925115246100,0.3330,0.7340
608.7140,141.9390,0.0080,1925216354100,0.3330,0.7340
608.2860,142.1580,0.0370,1925233138500,0.3330,0.7340
607.9860,142.2310,0.0530,1925233185200,0.3330,0.7340
607.6860,142.3770,0.0690,1925250119100,0.3330,0.7340
607.4290,142.4500,0.0830,1925250152500,0.3330,0.7340
607.0000,142.6690,0.0960,1925250153300,0.3330,0.7340
606.6140,142.8150,0.1090,1925250153900,0.3330,0.7340
606.1860,142.9610,0.1200,1925267150400,0.3330,0.7340
605.7140,143.1070,0.1300,1925267214000,0.3330,0.7340
605.2000,143.2890,0.1400,1925267220200,0.3330,0.7340
604.6860,143.4350,0.1490,1925267222000,0.3330,0.7340
604.2140,143.5080,0.1570,1925284076400,0.3330,0.7340
603.7860,143.5810,0.1650,1925284107200,0.3330,0.7340
603.3140,143.6540,0.1720,1925301073800,0.3330,0.7340
602.7140,143.7270,0.1780,1925301114300,0.3330,0.7340
602.2860,143.7270,0.1840,1925301116400,0.3330,0.7340
601.8140,143.6540,0.1890,1925301117700,0.3330,0.7340
601.3000,143.5810,0.1940,1925301119200,0.3330,0.7340
600.7860,143.5080,0.1990,1925317090600,0.3330,0.7340
600.1860,143.3620,0.2030,1925317134400,0.3330,0.7340
599.5860,143.2160,0.2070,1925334054600,0.3330,0.7340
598.9860,143.0340,0.2110,1925334075100,0.3330,0.7340
598.3860,142.8150,0.2140,1925334076300,0.3330,0.7340
597.5710,142.4500,0.2170,1925334077100,0.3330,0.7340
596.7140,142.1580,0.2190,1925350071700,0.3330,0.7340
595.9000,141.7930,0.2210,1925350100000,0.3330,0.7340
595.2140,141.3920,0.2230,1925350101300,0.3330,0.7340
594.4860,141.0270,0.2250,1925350102000,0.3330,0.7340
593.7570,140.6620,0.2270,1925350102700,0.3330,0.7340
592.9860,140.1880,0.2290,1925366085100,0.3330,0.7340
592.3000,139.6770,0.2300,1925366109800,0.3330,0.7340
591.4860,139.2390,0.2320,1925382097200,0.3330,0.7340
590.8000,138.7650,0.2330,1925382113400,0.3330,0.7340
590.2000,138.2540,0.2340,1925382114500,0.3330,0.7340
589.4710,137.7430,0.2350,1925382115200,0.3330,0.7340
588.7860,137.1230,0.2360,1925398145700,0.3330,0.7340
588.1860,136.6120,0.2370,1925398181200,0.3330,0.7340
587.5000,135.9190,0.2380,1925398182100,0.3330,0.7340
586.9860,135.3350,0.2380,1925414168600,0.3330,0.7340
586.3860,134.5690,0.2390,1925414189600,0.3330,0.7340
585.7860,133.9120,0.2400,1925414190300,0.3330,0.7340
585.2710,133.1460,0.2400,1925414190800,0.3330,0.7340
584.7570,132.4160,0.2410,1925430202800,0.3330,0.7340
584.1570,131.6500,0.2410,1925430222800,0.3330,0.7340
583.5570,130.9930,0.2410,1925446318300,0.3330,0.7340
583.0430,130.3000,0.2410,1925446343700,0.3330,0.7340
582.4860,129.6430,0.2410,1925446344900,0.3330,0.7340
581.8860,129.0230,0.2410,1925446345700,0.3330,0.7340
581.3710,128.5120,0.2420,1925446346400,0.3330,0.7340
580.9430,128.0740,0.2420,1925462349100,0.3330,0.7340
580.4710,127.6730,0.2430,1925462373000,0.3330,0.7340
580.0430,127.3810,0.2440,1925478435400,0.3330,0.7340
579.4860,127.0890,0.2440,1925478464100,0.3330,0.7340
578.8860,126.8700,0.2450,1925478466600,0.3330,0.7340
578.3710,126.7240,0.2470,1925478467100,0.3330,0.7340
577.7290,126.5780,0.2480,1925494476200,0.3330,0.7340
577.2570,126.5780,0.2500,1925494504400,0.3330,0.7340
576.6570,126.6510,0.2520,1925510566900,0.3330,0.7340
576.0570,126.7240,0.2550,1925510589700,0.3330,0.7340
575.4570,126.8700,0.2570,1925510590800,0.3330,0.7340
574.6430,127.3080,0.2600,1925510591400,0.3330,0.7340
573.9570,127.7820,0.2630,1925510595000,0.3330,0.7340
573.4430,128.2200,0.2660,1925526668200,0.3330,0.7340
572.8430,128.7310,0.2690,1925526683700,0.3330,0.7340
572.3290,129.4240,0.2710,1925526684500,0.3330,0.7340
571.7710,130.0810,0.2740,1925526685000,0.3330,0.7340
571.4710,130.7010,0.2770,1925542791100,0.3330,0.7340
571.2570,131.2850,0.2790,1925542829200,0.3330,0.7340
570.9570,131.7960,0.2820,1925558987700,0.3330,0.7340
570.8290,132.4160,0.2840,1925559053500,0.3330,0.7340
570.7430,133.0000,0.2860,1925559056100,0.3330,0.7340
570.6570,133.6200,0.2880,1925559058000,0.3330,0.7340
570.6570,134.2040,0.2910,1925575135100,0.3330,0.7340
570.7430,134.8240,0.2930,1925575201600,0.3330,0.7340
570.8290,135.3350,0.2950,1925591597500,0.3330,0.7340
571.0430,135.8460,0.2970,1925591660600,0.3330,0.7340
571.2570,136.4660,0.2990,1925591664200,0.3330,0.7340
571.5570,136.9770,0.3010,1925591666900,0.3330,0.7340
571.8570,137.4150,0.3030,1925591669000,0.3330,0.7340
572.3290,138.1080,0.3050,1925607872100,0.3330,0.7340
572.8430,138.6190,0.3070,1925608000100,0.3330,0.7340
573.4430,139.1660,0.3080,1925608008200,0.3330,0.7340
574.1290,139.6770,0.3050,1925608010100,0.3330,0.7340
574.7710,140.1150,0.2970,1925624767700,0.3330,0.7340
575.3710,140.5160,0.2840,1925624836200,0.3330,0.7340
575.9710,140.8080,0.2670,1925641783300,0.3330,0.7340
576.5290,140.9540,0.2450,1925641838900,0.3330,0.7340
577.1290,141.1730,0.2040,1925641841100,0.3330,0.7340
577.7290,141.3190,0.1700,1925641842500,0.3330,0.7340
578.3290,141.3920,0.1410,1925641843900,0.3330,0.7340
580.6860,141.3920,1.0000,1925660115800,0.3330,0.7340
581.2860,141.3920,1.0000,1925676069500,0.3330,0.7340
581.8860,141.3920,1.0000,1925676103500,0.3330,0.7340
582.4860,141.3920,1.0000,1925692106100,0.3330,0.7340
583.0430,141.3920,1.0000,1925692139200,0.3330,0.7340
583.4710,141.4650,1.0000,1925692140600,0.3330,0.7340
583.8570,141.4650,1.0000,1925692141100,0.3330,0.7340
584.3710,141.6110,1.0000,1925692141600,0.3330,0.7340
584.8860,141.6840,1.0000,1925709108300,0.3330,0.7340
585.4430,141.9390,1.0000,1925709141300,0.3330,0.7340
585.8710,142.0850,1.0000,1925726085000,0.3330,0.7340
590.7570,144.7850,0.0090,1925807170700,0.3670,0.7330
590.5860,145.2960,0.0600,1925807231700,0.3670,0.7330
590.3710,145.5150,0.0770,1925822937900,0.3670,0.7330
590.1570,145.8800,0.0940,1925822984200,0.3670,0.7330
589.6860,146.2810,0.1100,1925839104200,0.3670,0.7330
589.0860,146.8650,0.1240,1925839130800,0.3670,0.7330
588.2710,147.4120,0.1380,1925839140100,0.3670,0.7330
587.3710,147.9230,0.1500,1925839141400,0.3670,0.7330
586.0430,148.7260,0.1620,1925855273400,0.3670,0.7330
584.8430,149.4190,0.1730,1925855326700,0.3670,0.7330
583.7710,149.9300,0.1840,1925855329300,0.3670,0.7330
582.7860,150.4040,0.1940,1925855331200,0.3670,0.7330
581.2860,151.1340,0.2030,1925871391800,0.3670,0.7330
579.5710,151.9000,0.2120,1925871451400,0.3670,0.7330
577.7710,152.4840,0.2200,1925871453500,0.3670,0.7330
576.0570,153.1040,0.2280,1925887456900,0.3670,0.7330
574.3430,153.6880,0.2350,1925887515600,0.3670,0.7330
572.3710,154.2720,0.2410,1925887517900,0.3670,0.7330
570.5290,154.8190,0.2470,1925887519600,0.3670,0.7330
568.5570,155.3300,0.2530,1925903588300,0.3670,0.7330
566.4570,155.8040,0.2570,1925903647500,0.3670,0.7330
564.3140,156.2420,0.2620,1925903650700,0.3850,0.7340
562.0000,156.6070,0.2660,1925919741500,0.3850,0.7340
559.7290,157.0450,0.2700,1925919781700,0.3850,0.7340
557.5430,157.3730,0.2730,1925919783600,0.3850,0.7340
555.2290,157.6650,0.2770,1925919784900,0.3850,0.7340
553.0860,157.9570,0.2790,1925935834600,0.3850,0.7340
550.9860,158.1760,0.2820,1925935892700,0.3850,0.7340
548.8860,158.3950,0.2840,1925952011100,0.3850,0.7340
546.9140,158.5410,0.2870,1925952072800,0.3850,0.7340
545.1140,158.7230,0.2880,1925952075800,0.3850,0.7340
543.6140,158.7230,0.2900,1925952078000,0.3850,0.7340
541.4710,158.7960,0.2920,1925968030500,0.3850,0.7340
539.8000,158.7960,0.2930,1925968086700,0.3850,0.7340
538.3000,158.7230,0.2950,1925968090500,0.3850,0.7340
537.0570,158.7230,0.2960,1925984213500,0.3850,0.7340
535.6860,158.6500,0.2980,1925984271500,0.3850,0.7340
534.4000,158.5410,0.2990,1925984274400,0.3850,0.7340
533.0710,158.4680,0.3000,1925984276600,0.3850,0.7340
531.7000,158.3950,0.3010,1926000334300,0.3850,0.7340
530.5000,158.2490,0.3020,1926000374700,0.3850,0.7340
529.3430,158.1760,0.3030,1926016568500,0.3850,0.7340
528.1860,158.0300,0.3040,1926016623300,0.3850,0.7340
527.1570,157.8840,0.3040,1926016625800,0.3850,0.7340
526.0430,157.7380,0.3050,1926016627800,0.3850,0.7340
525.2710,157.5920,0.3050,1926032583700,0.3850,0.7340
524.5430,157.4460,0.3060,1926032646700,0.3850,0.7340
523.9430,157.3730,0.3060,1926032650000,0.3850,0.7340
523.3860,157.1180,0.3070,1926032651800,0.3850,0.7340
522.8710,156.9720,0.3070,1926032653400,0.3850,0.7340
522.4430,156.7530,0.3060,1926049525200,0.3850,0.7340
522.1860,156.5340,0.3050,1926049587700,0.3850,0.7340
522.0570,156.2420,0.3040,1926066458300,0.3850,0.7340
521.9290,156.0230,0.3040,1926066524000,0.3850,0.7340
521.9290,155.4030,0.3020,1926066528200,0.3850,0.7340
522.0570,154.8190,0.3010,1926082476400,0.3850,0.7340
522.1430,154.5270,0.3000,1926082534900,0.3850,0.7340
522.4430,154.1260,0.3000,1926098657600,0.3850,0.7340
522.7430,153.6880,0.2990,1926098718400,0.3850,0.7340
523.0430,153.3230,0.2980,1926098721400,0.3850,0.7340
523.3860,152.8490,0.2980,1926098723400,0.3850,0.7340
523.8570,152.4840,0.2980,1926115026300,0.3850,0.7340
524.2860,152.1190,0.2970,1926115097300,0.3850,0.7340
524.9710,151.6810,0.2970,1926115099800,0.3850,0.7340
525.4860,151.2800,0.2960,1926132003200,0.3850,0.7340
526.3430,150.8420,0.2960,1926132062800,0.3850,0.7340
526.9430,150.4770,0.2960,1926132065300,0.3850,0.7340
527.7570,150.0760,0.2950,1926132066600,0.3850,0.7340
528.4430,149.7110,0.2940,1926148358100,0.3850,0.7340
529.2570,149.4190,0.2940,1926148402400,0.3850,0.7340
529.9860,149.1270,0.2930,1926164379300,0.3850,0.7340
530.5860,148.8350,0.2930,1926164463300,0.3850,0.7340
531.5710,148.5800,0.2930,1926164470300,0.3850,0.7340
532.3860,148.3610,0.2930,1926164472100,0.3850,0.7340
533.1570,148.2150,0.2920,1926180476000,0.3850,0.7340
533.7570,148.1420,0.2920,1926180536200,0.3850,0.7340
534.3570,148.0690,0.2920,1926180540000,0.3850,0.7340
535.0000,148.1420,0.2920,1926196683200,0.3850,0.7340
535.6000,148.2150,0.2920,1926196739800,0.3850,0.7340
536.5860,148.4340,0.2920,1926196742200,0.3850,0.7340
537.2710,148.6530,0.2920,1926196743900,0.3850,0.7340
538.0000,149.0540,0.2930,1926213652000,0.3850,0.7340
538.8140,149.5650,0.2930,1926213715100,0.3850,0.7340
539.6720,150.0030,0.2940,1926213718200,0.3850,0.7340
540.2710,150.6230,0.2950,1926213720700,0.3850,0.7340
540.9140,151.2070,0.2960,1926229883600,0.3850,0.7340
541.6000,151.9000,0.2970,1926229941300,0.3850,0.7340
541.9860,152.4840,0.2980,1926246829900,0.3850,0.7340
542.4140,153.2500,0.2990,1926246904800,0.3850,0.7340
542.8000,153.9800,0.3000,1926246908700,0.3850,0.7340
543.2710,154.7460,0.3020,1926246911600,0.3850,0.7340
543.4860,155.4760,0.3050,1926246914500,0.3850,0.7340
543.6140,156.1690,0.3070,1926262922800,0.3850,0.7340
543.7000,156.8990,0.3100,1926262981000,0.3850,0.7340
543.7000,157.5920,0.3130,1926279916000,0.3850,0.7340
543.5710,158.6500,0.3160,1926279970400,0.3850,0.7340
543.3140,159.6720,0.3190,1926279973500,0.3850,0.7340
542.8860,160.7300,0.3220,1926279976000,0.3850,0.7340
542.2000,162.2260,0.3250,1926279978500,0.3850,0.7340
541.3860,163.6490,0.3280,1926296070800,0.3850,0.7340
540.4000,165.0720,0.3300,1926296109800,0.3850,0.7340
539.5860,166.4220,0.3330,1926296112500,0.3850,0.7340
538.5140,167.6990,0.3360,1926296114600,0.3850,0.7340
537.5710,168.9760,0.3380,1926312212000,0.3850,0.7340
536.8000,169.9610,0.3410,1926312286200,0.3850,0.7340
535.9860,170.8360,0.3430,1926329182500,0.3850,0.7340
535.3000,171.6030,0.3450,1926329241100,0.3850,0.7340
534.5710,172.3320,0.3430,1926329243100,0.3850,0.7340
533.9710,173.1720,0.3350,1926329244300,0.3850,0.7340
533.4570,173.9010,0.3190,1926329245800,0.3850,0.7340
533.0710,174.5220,0.2950,1926345641700,0.3850,0.7340
532.6860,175.0320,0.2460,1926345712000,0.3850,0.7340
532.0000,175.8720,0.8330,1926361719200,0.3850,0.7340
564.2290,172.2590,0.5670,1926476129500,0.3850,0.7150
565.3430,172.4050,0.3620,1926492290100,0.3850,0.7150
566.1570,172.4780,0.2660,1926492327200,0.3850,0.7150
566.9290,172.5510,0.2210,1926508459100,0.3850,0.7150
567.6140,172.7340,0.2020,1926508494400,0.3850,0.7150
568.2140,172.8800,0.1880,1926508496000,0.3850,0.7150
568.6430,173.0990,0.1910,1926508496800,0.3850,0.7150
569.1140,173.3180,0.1950,1926524517400,0.3850,0.7150
569.5430,173.6090,0.2000,1926524558600,0.3850,0.7150
569.8430,173.8280,0.2060,1926524559900,0.3850,0.7150
570.2290,174.1570,0.2110,1926524570000,0.3850,0.7150
570.5290,174.4490,0.2170,1926540599200,0.3850,0.7150
570.8290,174.6680,0.2240,1926540633100,0.3850,0.7150
571.0430,174.8860,0.2300,1926540634600,0.3850,0.7150
571.2570,175.1050,0.2360,1926557592100,0.3850,0.7150
571.4710,175.3240,0.2430,1926557633800,0.3850,0.7150
571.6430,175.5800,0.2490,1926557634600,0.3850,0.7150
571.7710,175.7990,0.2550,1926557635100,0.3850,0.7150
572.0710,176.2360,0.2600,1926573758800,0.3850,0.7150
572.3290,176.6010,0.2660,1926573789300,0.3850,0.7150
572.5430,177.0030,0.2700,1926590820300,0.3850,0.7150
572.7570,177.4410,0.2750,1926590969500,0.3850,0.7150
572.9710,177.8780,0.2790,1926590983300,0.3850,0.7150
573.2290,178.2800,0.2830,1926590990200,0.3850,0.7150
573.2710,178.7180,0.2870,1926590993000,0.3850,0.7150
573.3570,179.2280,0.2910,1926607051000,0.3850,0.7150
573.4430,179.5930,0.2950,1926607236600,0.3850,0.7150
573.3570,180.0680,0.2980,1926623288000,0.3850,0.7150
573.3570,180.5050,0.3010,1926623337000,0.3850,0.7150
573.2290,181.1260,0.3020,1926623340900,0.3850,0.7150
572.9710,181.6360,0.2930,1926623341600,0.3850,0.7150
572.8430,182.1470,0.2740,1926640391600,0.3850,0.7150
572.6290,182.5490,0.2280,1926640506100,0.3850,0.7150
571.8570,183.1320,1.0000,1926656406300,0.3850,0.7150
571.3430,182.7680,0.8330,1926656644100,0.3850,0.7150
571.0430,182.3660,0.6940,1926673365100,0.3850,0.7150
512.6290,101.0010,1.0000,1927072849600,0.4210,0.7510
511.9430,100.6370,1.0000,1927073456100,0.4210,0.7510
508.2570,97.7180,0.0000,1927104842600,0.4210,0.7510
507.4430,97.0610,0.0110,1927104873700,0.4210,0.7510
506.6290,96.3680,0.0260,1927120768800,0.4210,0.7510
505.8140,95.7840,0.0410,1927120795000,0.4210,0.7510
505.1290,95.2370,0.0550,1927120796400,0.4210,0.7510
504.4000,94.7260,0.0680,1927120806500,0.4210,0.7510
503.7140,94.2150,0.0810,1927120807600,0.4210,0.7510
503.2000,93.8860,0.0940,1927136820000,0.4210,0.7510
502.7290,93.5950,0.1050,1927136846700,0.4210,0.7510
502.3000,93.4490,0.1160,1927152936300,0.4210,0.7510
501.9140,93.3030,0.1260,1927152964800,0.4210,0.7510
501.5290,93.3030,0.1360,1927152967000,0.4210,0.7510
501.1430,93.3760,0.1460,1927152968300,0.4210,0.7510
500.8000,93.5950,0.1550,1927152969200,0.4210,0.7510
500.4140,93.9590,0.1640,1927169117000,0.4210,0.7510
500.1140,94.4340,0.1730,1927169154100,0.4210,0.7510
499.7290,94.9450,0.1810,1927185158100,0.4210,0.7510
499.5140,95.9300,0.1890,1927185191800,0.4210,0.7510
499.2140,96.9880,0.1970,1927185192800,0.4210,0.7510
498.9140,98.9220,0.2040,1927185193500,0.4210,0.7510
498.8280,100.6370,0.2110,1927202152300,0.4210,0.7510
498.8280,102.9720,0.2180,1927202175800,0.4210,0.7510
498.7430,105.3800,0.2250,1927202177000,0.4210,0.7510
498.8280,107.8970,0.2320,1927202177700,0.4210,0.7510
498.9140,110.4510,0.2380,1927218390600,0.4210,0.7510
499.0430,113.1510,0.2450,1927218455800,0.4210,0.7510
499.1290,115.7780,0.2500,1927235322400,0.4210,0.7510
499.2140,118.4780,0.2560,1927235405300,0.4210,0.7510
499.3430,121.1780,0.2610,1927235409800,0.4210,0.7510
499.6000,123.8780,0.2660,1927235412000,0.4210,0.7510
499.9430,126.5050,0.2710,1927235414100,0.4210,0.7510
500.2430,129.2050,0.2750,1927251405400,0.4210,0.7510
500.5000,131.7960,0.2800,1927251503900,0.4210,0.7510
500.8430,134.4230,0.2840,1927268285800,0.4210,0.7510
501.1000,136.9770,0.2880,1927268326400,0.4210,0.7510
501.3140,139.5310,0.2930,1927268328900,0.4210,0.7510
501.6140,142.0120,0.2970,1927268331800,0.4210,0.7510
501.7430,144.3840,0.3010,1927285377300,0.4210,0.7510
501.9140,146.7190,0.3050,1927285444500,0.4210,0.7510
502.0000,148.9810,0.3100,1927285447300,0.4210,0.7510
502.0000,151.2070,0.3140,1927285449000,0.4210,0.7510
501.9140,153.3230,0.3180,1927285450500,0.4210,0.7510
501.8290,155.3300,0.3210,1927301429200,0.4210,0.7510
501.5290,157.3730,0.3250,1927301493700,0.4210,0.7510
501.2290,159.1610,0.3290,1927318531600,0.4210,0.7510
500.8430,160.7300,0.3330,1927318606800,0.4210,0.7510
500.3280,162.3720,0.3370,1927318609800,0.4210,0.7510
499.9000,163.6490,0.3420,1927318611600,0.4210,0.7510
499.0430,165.0720,0.3470,1927318613500,0.4210,0.7510
498.1000,166.3490,0.3520,1927335433300,0.4210,0.7510
497.2000,167.2610,0.3580,1927335511300,0.4210,0.7510
496.3000,167.9180,0.3640,1927351540300,0.4210,0.7510
494.8000,168.7570,0.3700,1927351608400,0.4210,0.7510
493.4290,169.2680,0.3750,1927351611000,0.4210,0.7510
491.6290,169.6320,0.3810,1927351612600,0.4210,0.7510
489.8290,169.7050,0.3860,1927367834800,0.4210,0.7510
487.7710,169.6320,0.3910,1927367904200,0.4210,0.7510
485.7140,169.3410,0.3960,1927367908500,0.4210,0.7510
483.6140,168.6840,0.4000,1927383887300,0.4210,0.7510
481.4710,167.8450,0.4050,1927383968200,0.4210,0.7510
479.4570,166.7860,0.4090,1927383972000,0.4210,0.7510
475.9860,164.4150,0.4120,1927383973900,0.4210,0.7510
473.7570,162.3720,0.4160,1927400329400,0.4210,0.7510
472.0860,160.3650,0.4190,1927400421200,0.4210,0.7510
470.8860,158.4680,0.4190,1927400425100,0.4210,0.7510
469.8570,156.3880,0.4170,1927400430100,0.4210,0.7510
469.0430,154.0530,0.4100,1927416417700,0.4210,0.7510
468.4860,151.7540,0.4000,1927416479800,0.4210,0.7510
468.1860,149.4190,0.3870,1927433566900,0.4210,0.7510
468.1860,147.1570,0.3720,1927433623700,0.4210,0.7510
468.4860,144.9310,0.3510,1927433626000,0.4210,0.7510
469.0430,142.7420,0.3210,1927433627900,0.4210,0.7510
469.6860,140.6620,0.2680,1927433629500,0.4210,0.7510
472.3860,134.4230,0.8330,1927451705200,0.4210,0.7510
473.2430,132.3430,0.6940,1927451770200,0.4210,0.7510
450.2290,139.8230,0.0140,1928474696200,0.3320,0.6630
450.3570,140.0420,0.0370,1928490909200,0.3320,0.6630
450.5290,140.2610,0.0620,1928507120800,0.3320,0.6630
450.5290,140.6620,0.1000,1928523403100,0.3320,0.6630
450.7430,140.8810,0.1240,1928523525300,0.3320,0.6630
450.8290,141.3190,0.1450,1928523526900,0.3500,0.6640
450.8290,141.5380,0.1550,1928539746000,0.3680,0.6640
450.9140,141.8660,0.1640,1928539793100,0.3680,0.6640
450.9570,142.1580,0.1720,1928556277300,0.3680,0.6640
451.0430,142.4500,0.1800,1928556392800,0.3680,0.6640
451.0430,142.8150,0.1880,1928556397600,0.3680,0.6640
451.1290,143.2160,0.1940,1928556400100,0.3680,0.6640
451.2570,143.7270,0.2010,1928572784600,0.3680,0.6640
451.4290,144.2380,0.2070,1928572931200,0.3680,0.6640
451.5140,144.8580,0.2130,1928572974700,0.3680,0.6640
451.5570,145.3690,0.2190,1928572978800,0.3680,0.6640
451.6430,145.9890,0.2240,1928588680100,0.3680,0.6640
451.7290,146.5730,0.2300,1928588761900,0.3680,0.6640
451.7290,147.1570,0.2350,1928588766100,0.3680,0.6640
451.7290,147.7770,0.2400,1928604678000,0.3680,0.6640
451.8140,148.2880,0.2440,1928604735200,0.3680,0.6640
451.8140,148.9080,0.2480,1928604737600,0.3680,0.6640
451.8140,149.4190,0.2520,1928604739100,0.3680,0.6640
451.9430,149.9300,0.2570,1928621662900,0.3680,0.6640
451.9430,150.4040,0.2600,1928621705000,0.3680,0.6640
451.8140,150.9150,0.2640,1928638622900,0.3680,0.6640
451.7290,151.3530,0.2670,1928638654900,0.3680,0.6640
451.7290,151.8270,0.2700,1928638656300,0.3680,0.6640
451.7290,152.1920,0.2740,1928638657400,0.3680,0.6640
451.5570,152.6300,0.2770,1928638658300,0.3680,0.6640
451.4290,153.0310,0.2800,1928654810000,0.3680,0.6640
451.3430,153.3230,0.2830,1928654856600,0.3680,0.6640
451.2140,153.6150,0.2850,1928671231500,0.3680,0.6640
451.0430,153.9070,0.2880,1928671278700,0.3680,0.6640
450.9140,154.1260,0.2910,1928671280300,0.3680,0.6640
450.5290,154.5270,0.2950,1928687640000,0.3680,0.6640
450.3570,154.6730,0.2970,1928687685800,0.3680,0.6640
450.0570,154.8190,0.2990,1928703842500,0.3680,0.6640
449.8430,154.8920,0.3010,1928703888000,0.3680,0.6640
449.6290,155.0380,0.3030,1928703889600,0.3680,0.6640
449.3290,155.1110,0.3050,1928703890400,0.3680,0.6640
448.7290,155.1840,0.3070,1928720201500,0.3680,0.6640
448.3430,155.1840,0.3080,1928720265000,0.3680,0.6640
448.0000,155.1840,0.3090,1928720268600,0.3680,0.6640
447.6140,155.1110,0.3100,1928720270500,0.3680,0.6640
447.0140,155.0380,0.3110,1928736476600,0.3680,0.6640
446.5430,154.9650,0.3120,1928736544100,0.3680,0.6640
445.9430,154.8920,0.3130,1928752735700,0.3680,0.6640
445.4290,154.7460,0.3140,1928752800800,0.3680,0.6640
444.9140,154.5270,0.3150,1928752803200,0.3680,0.6640
444.4000,154.3450,0.3150,1928752804900,0.3680,0.6640
443.8000,154.1260,0.3160,1928752806300,0.3680,0.6640
443.2430,153.8340,0.3170,1928769675700,0.3680,0.6640
442.7290,153.6150,0.3170,1928769739000,0.3680,0.6640
442.2140,153.3230,0.3180,1928785806800,0.3680,0.6640
441.7430,152.9220,0.3180,1928785884300,0.3680,0.6640
441.3140,152.6300,0.3190,1928785888200,0.3680,0.6640
440.8860,152.2650,0.3190,1928785890200,0.3680,0.6640
440.4140,151.9000,0.3190,1928801880400,0.3680,0.6640
440.0290,151.4990,0.3200,1928801943600,0.3680,0.6640
439.6860,151.0610,0.3200,1928801946200,0.3680,0.6640
439.2140,150.6960,0.3200,1928818443300,0.3680,0.6640
438.8280,150.2580,0.3200,1928818507300,0.3680,0.6640
438.5290,149.8570,0.3200,1928818510300,0.3680,0.6640
438.1860,149.4920,0.3210,1928818511800,0.3680,0.6640
437.8000,149.1270,0.3210,1928835373500,0.3680,0.6640
437.4140,148.7260,0.3210,1928835436100,0.3680,0.6640
437.2000,148.4340,0.3200,1928851365300,0.3680,0.6640
436.9000,148.2150,0.3200,1928851439300,0.3680,0.6640
436.6860,147.9960,0.3190,1928851443400,0.3680,0.6640
436.4290,147.7770,0.3190,1928851445600,0.3680,0.6640
436.1290,147.6310,0.3190,1928851447500,0.3680,0.6640
435.9140,147.4850,0.3180,1928867391300,0.3680,0.6640
435.5290,147.4850,0.3170,1928883520900,0.3680,0.6640
435.1860,147.6310,0.3170,1928883568000,0.3680,0.6640
434.9290,147.8500,0.3170,1928900481900,0.3680,0.6640
434.5000,148.0690,0.3170,1928900506800,0.3680,0.6640
434.1140,148.4340,0.3180,1928900508100,0.3680,0.6640
433.7290,148.8350,0.3190,1928900508900,0.3680,0.6640
433.3000,149.2000,0.3200,1928900509700,0.3680,0.6640
432.9140,149.6380,0.3210,1928916522500,0.3680,0.6640
432.4860,150.0030,0.3220,1928916569600,0.3680,0.6640
432.1000,150.4770,0.3240,1928932691100,0.3680,0.6640
431.6710,150.9150,0.3260,1928932720000,0.3680,0.6640
431.2000,151.2800,0.3280,1928932721400,0.3680,0.6640
430.6860,151.6810,0.3310,1928932722200,0.3680,0.6640
430.0000,152.1190,0.3330,1928949693000,0.3680,0.6640
429.4000,152.4110,0.3360,1928949728100,0.3680,0.6640
428.8860,152.7030,0.3390,1928965804600,0.3680,0.6640
428.2860,152.9220,0.3420,1928965842500,0.3680,0.6640
427.6860,153.1040,0.3440,1928965844000,0.3680,0.6640
427.0860,153.2500,0.3470,1928965845100,0.3680,0.6640
426.4000,153.3230,0.3490,1928981906000,0.3680,0.6640
425.7140,153.3960,0.3510,1928981934100,0.3680,0.6640
425.0710,153.3960,0.3540,1928981936000,0.3680,0.6640
424.3860,153.3230,0.3560,1928981937300,0.3680,0.6640
423.4000,153.1770,0.3580,1928981938500,0.3680,0.6640
422.3710,152.9220,0.3600,1928998155200,0.3680,0.6640
421.3860,152.6300,0.3610,1928998194400,0.3680,0.6640
420.3570,152.3380,0.3630,1929014197800,0.3680,0.6640
419.3710,151.9730,0.3640,1929014234100,0.3680,0.6640
418.3860,151.4990,0.3650,1929014235500,0.3680,0.6640
417.4860,150.9880,0.3660,1929014236500,0.3850,0.6640
416.5860,150.5500,0.3670,1929030483900,0.3850,0.6640
415.7710,150.0030,0.3680,1929030560900,0.3850,0.6640
415.0430,149.5650,0.3690,1929046612000,0.3850,0.6640
414.1860,149.2000,0.3690,1929046675100,0.3850,0.6640
413.5860,148.8350,0.3700,1929046680100,0.3850,0.6640
413.0710,148.5070,0.3700,1929046682100,0.3850,0.6640
412.6430,148.2880,0.3700,1929046684600,0.3850,0.6640
412.3430,148.0690,0.3700,1929062696500,0.3850,0.6640
411.9570,147.9230,0.3700,1929062784900,0.3850,0.6640
411.7430,147.8500,0.3690,1929079575400,0.3850,0.6640
411.3570,147.7770,0.3690,1929079651900,0.3850,0.6640
410.8860,147.9230,0.3680,1929095552100,0.3850,0.6640
410.8430,148.1420,0.3670,1929095603300,0.3850,0.6640
410.7570,148.5070,0.3660,1929128123100,0.3850,0.6640
410.8430,149.0540,0.3660,1929128190700,0.3850,0.6640
410.7570,149.4190,0.3660,1929145108500,0.3850,0.6640
410.6710,149.7110,0.3670,1929161221600,0.3850,0.6640
410.3710,150.4040,0.3690,1929161282200,0.3850,0.6640
410.0710,150.7690,0.3700,1929161284900,0.3850,0.6640
409.7710,151.2070,0.3710,1929161287300,0.3850,0.6640
409.4710,151.6080,0.3720,1929177459100,0.3850,0.6640
409.0430,152.0460,0.3740,1929177537600,0.3850,0.6640
408.5710,152.4110,0.3750,1929193619000,0.3850,0.6640
407.9290,152.8490,0.3770,1929193686200,0.3850,0.6640
407.1570,153.3230,0.3780,1929193688700,0.3850,0.6640
406.2570,153.6880,0.3790,1929193690600,0.3850,0.6640
405.4430,153.9800,0.3800,1929209705900,0.3850,0.6640
404.5430,154.2720,0.3810,1929209781000,0.3850,0.6640
403.4710,154.5270,0.3820,1929209785200,0.3850,0.6640
402.5290,154.6730,0.3840,1929209788300,0.3850,0.6640
401.3710,154.7460,0.3850,1929209791200,0.3850,0.6640
400.4290,154.7460,0.3860,1929226415500,0.3850,0.6640
399.3140,154.6730,0.3870,1929226483400,0.3850,0.6640
398.1140,154.5270,0.3880,1929242377300,0.3850,0.6640
396.9140,154.3450,0.3890,1929242440500,0.3850,0.6640
395.7570,154.0530,0.3900,1929242443800,0.4030,0.6640
394.6430,153.6880,0.3910,1929242446000,0.4030,0.6640
393.5290,153.3230,0.3920,1929258585500,0.4030,0.6640
392.5430,152.8490,0.3930,1929258642600,0.4030,0.6640
391.5140,152.4110,0.3940,1929275545900,0.4030,0.6640
390.6140,152.0460,0.3940,1929275621500,0.4030,0.6640
389.8000,151.4990,0.3950,1929275625500,0.4030,0.6640
388.9430,151.0610,0.3950,1929275627500,0.4030,0.6640
388.2140,150.6230,0.3960,1929275629500,0.4200,0.6640
387.4430,150.1850,0.3960,1929291716000,0.4200,0.6640
386.8430,149.7110,0.3970,1929291787100,0.4200,0.6640
386.4140,149.2730,0.3970,1929307885500,0.4200,0.6640
386.0290,148.9080,0.3970,1929307941400,0.4200,0.6640
385.6000,148.4340,0.3970,1929307943700,0.4200,0.6640
385.3000,147.9960,0.3970,1929307945500,0.4200,0.6640
385.0000,147.5580,0.3970,1929324422400,0.4200,0.6640
384.6140,146.9380,0.3970,1929324544400,0.4200,0.6640
384.5290,146.3540,0.3970,1929324555300,0.4200,0.6640
384.3140,145.7340,0.3970,1929324559600,0.4200,0.6640
384.1860,145.0770,0.3970,1929324561800,0.4200,0.6640
384.1000,144.3840,0.3960,1929340544300,0.4200,0.6640
384.0140,143.6540,0.3960,1929340743100,0.4200,0.6640
384.0140,142.9610,0.3950,1929356584200,0.4200,0.6640
384.0140,142.2310,0.3950,1929356662200,0.4200,0.6640
384.1000,141.4650,0.3950,1929356666000,0.4200,0.6640
384.1000,140.8080,0.3950,1929356669600,0.4200,0.6640
384.1860,140.1150,0.3940,1929372913800,0.4200,0.6640
384.2290,139.4580,0.3940,1929372989900,0.4200,0.6640
384.3140,138.7650,0.3940,1929372993000,0.4200,0.6640
384.3140,138.1810,0.3940,1929388915400,0.4200,0.6640
384.4000,137.4880,0.3940,1929388991500,0.4200,0.6640
384.4000,136.9040,0.3940,1929388996400,0.4200,0.6640
384.4000,136.3200,0.3940,1929389001800,0.4200,0.6640
384.4000,135.6270,0.3930,1929404989800,0.4200,0.6640
384.4000,135.0430,0.3930,1929405055800,0.4200,0.6640
384.3140,134.3500,0.3930,1929421105300,0.4200,0.6640
384.2290,133.6930,0.3930,1929421167800,0.4200,0.6640
384.1860,133.0000,0.3930,1929421170200,0.4200,0.6640
384.1000,132.3430,0.3930,1929421171700,0.4200,0.6640
384.0140,131.5770,0.3930,1929437427200,0.4200,0.6640
383.8860,130.9200,0.3930,1929437489700,0.4200,0.6640
383.8000,130.2270,0.3930,1929437492900,0.4200,0.6640
383.7140,129.5700,0.3930,1929437495100,0.4200,0.6640
383.6290,128.9500,0.3930,1929437497300,0.4200,0.6640
383.6290,128.3660,0.3930,1929453467100,0.4200,0.6640
383.5860,127.7820,0.3930,1929453531900,0.4200,0.6640
383.4140,127.1620,0.3930,1929470395300,0.4200,0.6640
383.4140,126.5780,0.3930,1929470493600,0.4200,0.6640
383.3290,125.9580,0.3930,1929470498200,0.4200,0.6640
383.2860,125.3740,0.3930,1929470500300,0.4200,0.6640
383.2000,124.6810,0.3930,1929487466900,0.4200,0.6640
383.1140,124.0240,0.3940,1929487532200,0.4200,0.6640
383.0290,123.2580,0.3940,1929504396900,0.4200,0.6640
382.9860,122.5280,0.3940,1929504489200,0.4200,0.6640
382.7290,121.4700,0.3940,1929504493400,0.4200,0.6640
382.6000,120.4850,0.3950,1929504495600,0.4200,0.6640
382.4290,119.3910,0.3950,1929504497500,0.4200,0.6640
382.2140,118.4780,0.3950,1929520509300,0.4200,0.6640
382.1290,117.3470,0.3960,1929520572700,0.4200,0.6640
382.0000,116.3620,0.3960,1929536984300,0.4200,0.6640
381.9140,115.2680,0.3970,1929537168600,0.4200,0.6640
381.8290,114.3550,0.3980,1929537173700,0.4200,0.6640
381.7000,113.5160,0.3980,1929537175800,0.4200,0.6640
381.7000,112.7860,0.3990,1929554081900,0.4200,0.6640
381.6140,111.9470,0.4000,1929554154800,0.4200,0.6640
381.5290,111.2180,0.4010,1929554161100,0.4200,0.6640
381.5290,110.3780,0.4020,1929554163700,0.4210,0.6810
381.4860,109.3200,0.4030,1929570238400,0.4200,0.6990
381.4000,108.2990,0.4040,1929570324800,0.4200,0.6990
381.2290,107.1680,0.4050,1929570329400,0.4200,0.6990
381.2290,106.0360,0.4060,1929586215500,0.4200,0.6990
381.0140,104.9050,0.4070,1929586257700,0.4200,0.6990
381.0140,103.7010,0.4080,1929586261200,0.4200,0.6990
380.9290,102.6070,0.4100,1929586263600,0.4200,0.6990
380.8860,101.5490,0.4110,1929586265900,0.4200,0.6990
380.7140,100.4910,0.4130,1929602591900,0.4200,0.6990
380.5860,99.5780,0.4140,1929602654600,0.4200,0.6990
380.5000,98.7760,0.4150,1929618681700,0.4200,0.6990
380.3280,98.0820,0.4170,1929618748800,0.4200,0.6990
380.2860,97.4260,0.4180,1929618752400,0.4200,0.6990
380.1140,96.7320,0.4190,1929618754800,0.4200,0.6990
380.0290,96.1490,0.4200,1929634815900,0.4200,0.6990
379.8140,95.5650,0.4210,1929634883600,0.4200,0.6990
379.8140,95.0180,0.4220,1929651041700,0.4200,0.6990
379.6860,94.5070,0.4220,1929651102300,0.4200,0.6990
379.6000,94.0320,0.4230,1929651105500,0.4200,0.6990
379.4290,93.5950,0.4240,1929651108300,0.4200,0.6990
379.3860,93.3030,0.4240,1929667390500,0.4200,0.6990
379.3000,92.9380,0.4250,1929667451600,0.4200,0.6990
379.2140,92.6090,0.4250,1929667454800,0.4200,0.6990
379.0860,92.2450,0.4260,1929667458000,0.4200,0.6990
379.0000,91.9530,0.4270,1929683434100,0.4200,0.6990
378.8280,93.0110,0.3660,1929732259300,0.4200,0.6990
378.7860,93.6680,0.3360,1929732321700,0.4200,0.6990
378.6140,94.2150,0.2800,1929732323900,0.4200,0.6990
377.8860,97.4260,0.8330,1929748666800,0.4200,0.6990
377.6290,98.0090,0.6940,1929765492800,0.4200,0.6990
363.5710,127.0890,0.0040,1929931091500,0.4200,0.6990
363.5710,127.3810,0.0180,1929931104600,0.4200,0.6990
363.5710,127.7820,0.0320,1929931108800,0.4200,0.6990
363.6570,128.2930,0.0460,1929946997200,0.4200,0.6990
363.7000,128.8770,0.0590,1929947042200,0.4200,0.6990
363.7000,129.4970,0.0700,1929947044100,0.4200,0.6990
363.7860,130.0810,0.0800,1929963351700,0.4200,0.6990
363.8710,130.7010,0.0900,1929963385400,0.4200,0.6990
363.8710,131.2850,0.1000,1929963386300,0.4200,0.6990
363.9570,131.8690,0.1100,1929963386900,0.4200,0.6990
364.0000,132.4890,0.1200,1929979540900,0.4200,0.6990
364.0860,133.0000,0.1290,1929979593600,0.4200,0.6990
364.1710,133.6200,0.1390,1929995716300,0.4200,0.6990
364.2570,134.1310,0.1490,1929995781300,0.4200,0.6990
364.2570,134.7150,0.1590,1929995785200,0.4200,0.6990
364.3860,135.2620,0.1690,1929995787700,0.4200,0.6990
364.4710,135.8460,0.1790,1930011911600,0.4200,0.6990
364.6000,136.3930,0.1880,1930011974500,0.4200,0.6990
364.6860,136.9770,0.1970,1930011978300,0.4200,0.6990
364.7710,137.5970,0.2060,1930011980700,0.4200,0.6990
364.8570,138.2540,0.2140,1930011983100,0.4200,0.6990
364.9860,138.9110,0.2220,1930028474000,0.4200,0.6990
365.0710,139.6040,0.2300,1930028657900,0.4200,0.6990
365.1570,140.2610,0.2370,1930045327500,0.4200,0.6990
365.1570,141.0270,0.2440,1930045394200,0.4200,0.6990
365.2000,141.7930,0.2500,1930045398200,0.4200,0.6990
365.2000,142.5230,0.2560,1930045400800,0.4200,0.6990
365.2000,143.2890,0.2620,1930062312900,0.4200,0.6990
365.2000,144.0190,0.2680,1930062396800,0.4200,0.6990
365.2000,144.7850,0.2740,1930062401400,0.4200,0.6990
365.1570,145.4420,0.2800,1930078369400,0.4200,0.6990
364.9860,146.2080,0.2850,1930078436000,0.4200,0.6990
364.8570,146.8650,0.2910,1930078439200,0.4200,0.6990
364.6000,147.4850,0.2980,1930078441800,0.4200,0.6990
364.2570,148.2880,0.3040,1930094493800,0.4200,0.6990
363.7000,149.0540,0.3100,1930094588800,0.4200,0.6990
363.0570,149.7110,0.3150,1930094593400,0.4200,0.6990
362.2860,150.4040,0.3210,1930111486200,0.4200,0.6990
361.4710,150.9880,0.3270,1930111533900,0.4200,0.6990
360.5710,151.4260,0.3320,1930111536500,0.4200,0.6990
359.4570,151.9730,0.3370,1930127870700,0.4200,0.6990
357.9570,152.5570,0.3410,1930127961000,0.4200,0.6990
356.1570,153.1040,0.3450,1930127966000,0.4200,0.6990
354.4430,153.5420,0.3490,1930127968700,0.4200,0.6990
352.9430,153.8340,0.3530,1930127971000,0.4200,0.6990
351.5710,154.0530,0.3560,1930144862100,0.4200,0.6990
350.3710,154.2720,0.3590,1930144911000,0.4380,0.6990
349.2570,154.4540,0.3620,1930161844200,0.4550,0.6990
348.0570,154.6730,0.3650,1930161921600,0.4550,0.6990
346.9430,154.8190,0.3680,1930161925400,0.4550,0.6990
345.8710,154.8920,0.3700,1930161927700,0.4550,0.6990
344.9710,155.0380,0.3720,1930161929800,0.4550,0.6990
344.2430,155.1110,0.3730,1930178825900,0.4550,0.6990
343.6430,155.1840,0.3710,1930178869800,0.4550,0.6990
343.1290,155.2570,0.3630,1930195007500,0.4550,0.6990
342.6570,155.2570,0.3490,1930195055600,0.4550,0.6990
342.4430,155.2570,0.3290,1930195057000,0.4550,0.6990
342.1430,155.1110,0.2510,1930195058500,0.4550,0.6990
342.1430,154.6730,0.8330,1930211010800,0.4550,0.6990
342.3140,154.1260,0.6940,1930211047500,0.4550,0.6990
346.1720,130.4460,1.0000,1930325567100,0.3670,0.6980
345.6570,128.5850,0.0110,1930341612500,0.3860,0.6980
345.4430,128.0740,0.0340,1930341669100,0.3860,0.6980
345.0570,127.5270,0.0590,1930358524100,0.3860,0.6980
344.8430,127.0160,0.0820,1930358548500,0.3860,0.6980
344.5430,126.5050,0.1020,1930358552900,0.3860,0.6980
344.2430,126.0310,0.1180,1930358553500,0.3860,0.6980
343.9430,125.5930,0.1320,1930358554100,0.3860,0.6980
343.7290,125.2280,0.1450,1930375472800,0.3860,0.6980
343.5140,124.7540,0.1560,1930375505000,0.3860,0.6980
343.3430,124.4620,0.1660,1930392495300,0.3860,0.6980
343.1290,124.1700,0.1760,1930392521300,0.3860,0.6980
343.0430,123.8780,0.1850,1930392522200,0.4030,0.6990
343.0430,123.3310,0.2020,1930392523100,0.4030,0.6990
343.1290,122.9660,0.2100,1930408550200,0.4030,0.6990
343.2570,122.8200,0.2180,1930408600900,0.4030,0.6990
343.5570,122.4550,0.2260,1930425065600,0.4030,0.6990
343.8570,122.1640,0.2330,1930425122700,0.4030,0.6990
344.2430,121.7620,0.2400,1930425126600,0.4030,0.6990
344.6290,121.4700,0.2460,1930425127800,0.4030,0.6990
344.9710,121.1780,0.2520,1930442385300,0.4030,0.6990
345.4430,120.9590,0.2570,1930442640700,0.4030,0.6990
345.9570,120.8130,0.2620,1930442699900,0.4030,0.6990
346.4710,120.5580,0.2670,1930442705200,0.4030,0.6990
347.0290,120.4120,0.2710,1930442715900,0.4030,0.6990
347.4570,120.3390,0.2750,1930458875500,0.4030,0.6990
348.0570,120.1930,0.2780,1930458989100,0.4030,0.6990
348.5710,120.1200,0.2820,1930475052300,0.4030,0.6990
349.1290,120.0470,0.2850,1930475118700,0.4030,0.6990
349.6430,119.9740,0.2880,1930475121300,0.4030,0.6990
350.2430,119.9010,0.2910,1930475122400,0.4030,0.6990
350.7570,119.8280,0.2930,1930491285900,0.4030,0.6990
351.2710,119.7550,0.2940,1930491391400,0.4030,0.6990
351.7430,119.6820,0.2940,1930507277500,0.4030,0.6990
352.1720,119.6820,0.2910,1930507331100,0.4030,0.6990
352.5570,119.6820,0.2850,1930507333300,0.4030,0.6990
352.9430,119.6820,0.2760,1930507334500,0.4030,0.6990
353.2860,119.6820,0.2640,1930507335500,0.4030,0.6990
353.5430,119.6820,0.2460,1930523414200,0.4030,0.6990
353.9710,119.7550,0.2260,1930523517400,0.4030,0.6990
354.3570,119.7550,0.1880,1930539828500,0.4030,0.6990
354.7860,119.9010,0.1570,1930539905300,0.4030,0.6990
356.0710,120.3390,1.0000,1930556790600,0.4030,0.6990
356.3710,120.4850,1.0000,1930557337700,0.4030,0.6990
356.5430,120.5580,1.0000,1930574767600,0.4030,0.6990
353.6720,143.0340,1.0000,1930820647600,0.4030,0.7160
353.5430,143.8000,1.0000,1930820686600,0.4210,0.7170
347.4570,153.4690,0.0050,1930955460600,0.4210,0.7170
347.0290,153.6880,0.0150,1930955495000,0.4210,0.7170
346.4710,153.8340,0.0270,1930955496600,0.4210,0.7170
345.9570,154.0530,0.0400,1930955497400,0.4210,0.7170
345.3570,154.1990,0.0520,1930972383000,0.4210,0.7170
344.8430,154.3450,0.0630,1930972606400,0.4210,0.7170
344.2430,154.5270,0.0740,1930972628600,0.4210,0.7170
343.6430,154.6730,0.0850,1930989390000,0.4210,0.7170
343.0430,154.8190,0.0950,1930989455900,0.4210,0.7170
342.4430,154.9650,0.1040,1930989479200,0.4390,0.7170
341.8430,155.1110,0.1120,1930989480500,0.4390,0.7170
341.2430,155.1840,0.1200,1930989482100,0.4550,0.7170
340.6430,155.3300,0.1280,1931006397100,0.4550,0.7170
340.0430,155.4030,0.1360,1931006470700,0.4550,0.7170
339.5290,155.4760,0.1440,1931006472700,0.4550,0.7170
338.9290,155.4760,0.1510,1931006473400,0.4550,0.7170
338.3290,155.5490,0.1580,1931023362200,0.4550,0.7170
337.8570,155.5490,0.1650,1931023424200,0.4550,0.7170
337.4290,155.5490,0.1710,1931040311900,0.4550,0.7170
336.9570,155.5490,0.1770,1931040415300,0.4550,0.7170
336.5290,155.5490,0.1830,1931040418600,0.4550,0.7170
336.1430,155.6220,0.1880,1931040420600,0.4550,0.7170
335.8000,155.6220,0.1930,1931040422300,0.4550,0.7170
335.4140,155.5490,0.1980,1931057612700,0.4550,0.7170
335.0290,155.5490,0.2030,1931058139600,0.4550,0.7170
334.6000,155.5490,0.2070,1931075301300,0.4550,0.7170
334.2140,155.5490,0.2110,1931075336700,0.4730,0.7170
333.7000,155.4760,0.2150,1931075337600,0.4730,0.7170
333.1000,155.4760,0.2190,1931075338200,0.4730,0.7170
332.5430,155.4030,0.2220,1931075338800,0.4730,0.7170
331.9430,155.3300,0.2250,1931092287500,0.4730,0.7170
331.5140,155.1840,0.2280,1931092319700,0.4730,0.7170
331.0000,155.1110,0.2310,1931109281700,0.4730,0.7170
330.5290,154.9650,0.2340,1931109310500,0.4730,0.7170
330.0140,154.8190,0.2370,1931109312000,0.4730,0.7170
329.5000,154.6730,0.2390,1931109312700,0.4730,0.7170
329.0290,154.4540,0.2420,1931109313500,0.4730,0.7170
328.6000,154.1990,0.2440,1931126267600,0.4730,0.7170
328.1290,153.9070,0.2470,1931126298600,0.4730,0.7170
327.7860,153.6150,0.2490,1931143262400,0.4730,0.7170
327.3140,153.2500,0.2510,1931143295700,0.4730,0.7170
326.9290,152.9220,0.2530,1931143297500,0.4730,0.7170
326.6290,152.4840,0.2550,1931143298500,0.4730,0.7170
326.3290,152.1190,0.2570,1931159246600,0.4730,0.7170
326.0290,151.6810,0.2580,1931159266900,0.4730,0.7170
325.8140,151.2800,0.2600,1931159268300,0.4730,0.7170
325.6000,150.8420,0.2610,1931159269000,0.4730,0.7170
325.4290,150.3310,0.2630,1931159269700,0.4730,0.7170
325.3000,149.9300,0.2640,1931176244100,0.4730,0.7170
325.1290,149.4920,0.2650,1931176301800,0.4730,0.7170
325.0860,149.1270,0.2660,1931193212000,0.4730,0.7170
325.0000,148.7260,0.2660,1931193242800,0.4730,0.7170
325.0000,148.4340,0.2670,1931193244100,0.4730,0.7170
324.9140,147.9230,0.2690,1931210230000,0.4730,0.7170
324.9140,147.4850,0.2710,1931210265500,0.4730,0.7170
324.7860,147.0840,0.2720,1931227218700,0.4730,0.7170
324.7000,146.7190,0.2750,1931243201700,0.4730,0.7170
324.2290,147.6310,0.2820,1931260207000,0.4730,0.7170
324.0140,148.0690,0.2840,1931277186800,0.4730,0.7170
323.5000,148.7260,0.2870,1931277252800,0.4730,0.7170
322.9860,149.4920,0.2890,1931277254200,0.4730,0.7170
322.3860,150.1850,0.2910,1931277255000,0.4730,0.7170
321.8290,150.9150,0.2940,1931277255600,0.4730,0.7170
321.1000,151.6810,0.2960,1931294177600,0.4730,0.7170
320.5000,152.4110,0.2990,1931294237800,0.4730,0.7170
319.7710,153.0310,0.3010,1931311161900,0.4730,0.7170
319.0860,153.6150,0.3040,1931311195000,0.4730,0.7170
318.3140,154.1260,0.3070,1931311195900,0.4730,0.7170
317.5000,154.6730,0.3090,1931311196500,0.4730,0.7170
316.8140,155.0380,0.3120,1931311197000,0.4730,0.7170
316.1710,155.3300,0.3140,1931328168200,0.4730,0.7170
315.5710,155.4760,0.3170,1931328204200,0.4730,0.7170
314.9710,155.6220,0.3200,1931344152400,0.4730,0.7170
314.3710,155.6950,0.3220,1931344189500,0.4730,0.7170
313.7710,155.6950,0.3250,1931344190900,0.4730,0.7170
313.2140,155.5490,0.3270,1931344191900,0.4730,0.7170
312.7000,155.4030,0.3300,1931361145500,0.4730,0.7170
312.1860,155.1840,0.3320,1931361180400,0.4730,0.7170
311.6710,154.8190,0.3340,1931378136200,0.4730,0.7170
311.2000,154.4540,0.3350,1931378212400,0.4730,0.7170
310.8570,154.0530,0.3360,1931378218300,0.4730,0.7170
310.3860,153.6150,0.3380,1931378219200,0.4730,0.7170
310.1710,153.1770,0.3390,1931378220400,0.4730,0.7170
309.9570,152.7030,0.3390,1931395107000,0.4730,0.7170
309.7000,152.2650,0.3400,1931395157100,0.4730,0.7170
309.4860,151.8270,0.3400,1931412091400,0.4730,0.7170
309.3570,151.4990,0.3410,1931412131000,0.4730,0.7170
309.2710,151.2070,0.3410,1931412132500,0.4730,0.7170
309.1000,150.9880,0.3410,1931412133200,0.4730,0.7170
308.9710,150.6960,0.3400,1931429092700,0.4730,0.7170
308.6710,150.4770,0.3380,1931429137600,0.4730,0.7170
307.9000,150.8420,0.3360,1931446109000,0.4730,0.7170
307.4710,151.1340,0.3360,1931463099400,0.4730,0.7170
306.9570,151.4260,0.3350,1931463146400,0.4730,0.7170
306.1000,151.9730,0.3350,1931463148200,0.4730,0.7170
305.1570,152.4110,0.3350,1931463149000,0.4730,0.7170
303.7430,153.1770,0.3350,1931479096500,0.4730,0.7170
302.1570,153.8340,0.3350,1931479139800,0.4730,0.7170
300.4860,154.5270,0.3350,1931479141000,0.4730,0.7170
298.8570,155.0380,0.3350,1931496051700,0.4730,0.7170
297.0570,155.4760,0.3350,1931496091000,0.4730,0.7170
295.2570,155.9500,0.3350,1931496092100,0.4730,0.7170
293.3710,156.1690,0.3360,1931496092900,0.4730,0.7170
291.8710,156.3150,0.3360,1931513045200,0.4730,0.7170
290.3710,156.3880,0.3360,1931513093600,0.4730,0.7170
289.1290,156.3150,0.3370,1931530026300,0.4730,0.7170
287.8430,156.2420,0.3370,1931530060300,0.4730,0.7170
286.6430,155.9500,0.3380,1931530061100,0.4730,0.7170
284.9290,155.4760,0.3390,1931530061800,0.4730,0.7170
283.6430,154.9650,0.3400,1931530062300,0.4730,0.7170
282.2290,154.1260,0.3400,1931547060000,0.4730,0.7170
281.2430,153.2500,0.3410,1931547163800,0.4730,0.7170
280.2140,151.9730,0.3410,1931547176300,0.4730,0.7170
279.1430,150.5500,0.3420,1931547177300,0.4730,0.7170
278.5000,148.8350,0.3420,1931547178000,0.4730,0.7170
277.8140,146.8650,0.3430,1931564033900,0.4730,0.7170
277.3000,144.6390,0.3430,1931564079600,0.4730,0.7170
277.0000,142.0120,0.3430,1931581015000,0.4730,0.7170
276.7430,139.2390,0.3430,1931581075700,0.4730,0.7170
276.7000,136.1740,0.3430,1931581082400,0.4730,0.7170
276.7430,130.2270,0.3430,1931581083100,0.4730,0.7170
277.0430,124.5350,0.3430,1931598017600,0.4730,0.7170
277.3430,120.4850,0.3420,1931598066800,0.4730,0.7170
277.8140,117.2010,0.3420,1931598067900,0.4730,0.7170
278.1140,114.5740,0.3420,1931614995000,0.4730,0.7170
278.5430,112.0200,0.3430,1931615023200,0.4730,0.7170
279.0140,109.6490,0.3440,1931615024200,0.4730,0.7170
279.4000,107.3140,0.3440,1931615024900,0.4730,0.7170
279.8290,105.1970,0.3450,1931631996100,0.4730,0.7170
280.1290,103.4090,0.3460,1931632037200,0.4730,0.7170
280.3430,101.9870,0.3470,1931632042000,0.4730,0.7170
280.5140,100.7820,0.3480,1931648983800,0.4730,0.7170
280.7290,99.9070,0.3490,1931649028600,0.4730,0.7170
280.8140,98.9950,0.3490,1931649029800,0.4730,0.7170
280.8140,98.4840,0.3500,1931649030500,0.4730,0.7170
280.8570,97.7910,0.3510,1931665976100,0.4730,0.7170
280.8140,97.4260,0.3510,1931666036600,0.4730,0.7170
280.8140,97.0610,0.3520,1931682958200,0.4730,0.7170
280.7290,96.5860,0.3530,1931683003900,0.4730,0.7170
280.5570,96.2950,0.3540,1931683007100,0.4730,0.7170
280.2140,96.3680,0.3560,1931699932800,0.4730,0.7170
280.0430,96.9150,0.3490,1931699973100,0.4730,0.7170
280.0000,97.4260,0.3370,1931699974200,0.4730,0.7170
279.9140,98.2280,0.3190,1931715949500,0.4730,0.7170
279.9140,99.4320,0.2910,1931715992700,0.4730,0.7170
279.9140,100.8550,0.2420,1931732981800,0.4730,0.7170
280.2140,107.5320,0.8330,1931733050800,0.4730,0.7170
280.5570,109.6490,0.6940,1931749940900,0.4730,0.7170
294.3570,157.5190,1.0000,1931884064700,0.4730,0.7170
294.5710,159.0880,0.0020,1931884194600,0.4730,0.7170
294.6570,159.5990,0.0290,1931884313100,0.4730,0.7170
294.7430,160.1460,0.0580,1931900834100,0.4730,0.7170
294.7430,160.5840,0.0820,1931900890300,0.4730,0.7170
294.8710,160.9490,0.1010,1931900893700,0.4730,0.7170
294.9570,161.3130,0.1160,1931917838500,0.4730,0.7170
295.0430,161.7150,0.1270,1931917870400,0.4730,0.7170
295.1290,162.0070,0.1360,1931917871700,0.4730,0.7170
295.1710,162.2990,0.1450,1931917872400,0.4730,0.7170
295.2570,162.5910,0.1520,1931934837200,0.4730,0.7170
295.3430,162.9190,0.1590,1931934879100,0.4730,0.7170
295.4290,163.2110,0.1660,1931951810100,0.4730,0.7170
295.4710,163.5030,0.1740,1931951845100,0.4730,0.7170
295.6430,163.7220,0.1810,1931951846300,0.4730,0.7170
295.7290,164.0140,0.1890,1931951847100,0.4730,0.7170
295.7710,164.3420,0.1960,1931951848000,0.4730,0.7170
295.9430,164.5610,0.2040,1931968790200,0.4730,0.7170
295.9430,164.8530,0.2100,1931968850400,0.4730,0.7170
296.0290,165.1450,0.2170,1931968853400,0.4730,0.7170
296.1570,165.3640,0.2230,1931985786400,0.4730,0.7170
296.2430,165.6920,0.2280,1931985841300,0.4730,0.7170
296.2860,165.9840,0.2340,1931985844300,0.4730,0.7170
296.3710,166.2760,0.2390,1931985845900,0.4730,0.7170
296.4570,166.5680,0.2440,1932002812300,0.4730,0.7170
296.5430,166.9320,0.2480,1932002846300,0.4730,0.7170
296.5430,167.2610,0.2520,1932019732700,0.4730,0.7170
296.5430,167.6260,0.2540,1932019754600,0.4730,0.7170
296.5860,167.9180,0.2490,1932019756000,0.4730,0.7170
296.5860,168.2820,0.2360,1932019756900,0.4730,0.7170
296.5430,168.9760,0.1640,1932036740300,0.4730,0.7170
296.1570,169.4140,0.8330,1932053805100,0.4730,0.7170
260.5860,112.3490,1.0000,1932535373100,0.4200,0.6640
260.8860,112.1660,1.0000,1932535428700,0.4200,0.6640
261.1860,111.9470,1.0000,1932535429800,0.4380,0.6810
261.3140,111.8010,1.0000,1932551341000,0.4380,0.6990
261.4860,111.5820,1.0000,1932551374000,0.4550,0.6990
261.6140,111.2910,1.0000,1932551374900,0.4550,0.6990
261.7860,110.9260,1.0000,1932568381300,0.4550,0.6990
261.7860,110.5970,1.0000,1932568426200,0.4550,0.6990
261.7000,110.1590,1.0000,1932568427500,0.4550,0.6990
259.0860,104.6130,0.0060,1932634591600,0.4550,0.7170
258.7860,104.1760,0.0180,1932650553200,0.4550,0.7170
258.7000,103.7740,0.0330,1932650591900,0.4550,0.7170
258.5710,103.4820,0.0490,1932666903600,0.4550,0.7170
258.4000,103.1910,0.0640,1932666937500,0.4550,0.7170
258.2710,102.9720,0.0780,1932666938600,0.4550,0.7170
258.0140,102.6070,0.1020,1932683170000,0.4550,0.7170
257.8000,102.4240,0.1220,1932683205000,0.4550,0.7170
257.4140,102.8990,0.1650,1932716379200,0.4550,0.7170
257.3710,103.2630,0.1730,1932716421800,0.4550,0.7170
257.4140,103.7740,0.1800,1932716423100,0.4550,0.7170
257.4140,104.5410,0.1880,1932716424200,0.4550,0.7170
257.4140,105.7450,0.1960,1932732338900,0.4550,0.7170
257.4140,107.0950,0.2030,1932732360000,0.4550,0.7170
257.5000,108.5180,0.2110,1932748616100,0.4550,0.7170
257.5000,110.7430,0.2180,1932748650500,0.4550,0.7170
257.5860,113.0050,0.2250,1932748651400,0.4550,0.7170
257.5860,115.4130,0.2310,1932748652100,0.4550,0.7170
257.5860,117.7120,0.2370,1932748652800,0.4550,0.7170
257.5860,120.1200,0.2430,1932764782400,0.4550,0.7170
257.5860,122.5280,0.2490,1932764843300,0.4550,0.7170
257.5860,124.8270,0.2540,1932781183900,0.4550,0.7170
257.5860,127.1620,0.2590,1932781256500,0.4550,0.7170
257.5860,129.4240,0.2640,1932781260400,0.4550,0.7170
257.5860,131.5770,0.2690,1932781262900,0.4550,0.7170
257.8000,133.7660,0.2740,1932798064600,0.4550,0.7170
257.8000,135.5540,0.2790,1932798111200,0.4550,0.7170
257.8000,137.1230,0.2840,1932798114500,0.4550,0.7170
257.8860,138.5460,0.2880,1932798117000,0.4550,0.7170
257.8000,139.9690,0.2930,1932798118500,0.4550,0.7170
257.6710,141.3920,0.2970,1932815054600,0.4550,0.7170
257.5860,143.4350,0.3010,1932815113200,0.4550,0.7170
257.4140,145.0770,0.3050,1932832052000,0.4550,0.7170
257.2860,146.5000,0.3090,1932832110600,0.4550,0.7170
257.0710,147.7040,0.3140,1932832115000,0.4550,0.7170
256.8140,148.8350,0.3170,1932832117400,0.4550,0.7170
256.6000,149.9300,0.3210,1932849023600,0.4550,0.7170
256.3000,150.9150,0.3250,1932849080400,0.4550,0.7170
255.9140,151.9000,0.3280,1932866017100,0.4550,0.7170
255.6570,152.7760,0.3310,1932866048400,0.4550,0.7170
255.1860,153.6150,0.3350,1932866049700,0.4550,0.7170
254.8860,154.2720,0.3380,1932866050600,0.4550,0.7170
254.5860,154.8190,0.3420,1932866051500,0.4550,0.7170
254.2000,155.2570,0.3450,1932882984400,0.4550,0.7170
253.7710,155.6950,0.3480,1932883005600,0.4550,0.7170
253.3000,156.0230,0.3520,1932883007200,0.4550,0.7170
252.7860,156.3150,0.3550,1932899980200,0.4550,0.7170
252.2710,156.5340,0.3580,1932900012200,0.4550,0.7170
251.7570,156.6070,0.3610,1932900013900,0.4550,0.7170
251.0710,156.6070,0.3640,1932900015000,0.4550,0.7170
250.3860,156.6070,0.3670,1932916971100,0.4550,0.7170
249.5710,156.3150,0.3700,1932916999900,0.4550,0.7170
248.5860,155.9500,0.3720,1932917001700,0.4550,0.7170
247.6860,155.4030,0.3740,1932917002600,0.4550,0.7170
246.4430,154.5270,0.3760,1932932982100,0.4550,0.7170
245.1570,153.4690,0.3780,1932933007900,0.4550,0.7170
244.0430,152.2650,0.3800,1932933009100,0.4550,0.7170
242.9710,151.0610,0.3810,1932949965400,0.4550,0.7170
241.9860,149.8570,0.3820,1932949984400,0.4550,0.7170
241.3430,148.7260,0.3830,1932949985600,0.4550,0.7170
240.7430,147.7770,0.3840,1932949986500,0.4550,0.7170
240.2710,146.9380,0.3840,1932966956700,0.4550,0.7170
239.8860,146.1350,0.3850,1932966988500,0.4550,0.7170
239.6290,145.4420,0.3850,1932966989800,0.4550,0.7170
239.3710,144.7850,0.3860,1932983936300,0.4550,0.7170
239.2430,144.2380,0.3860,1932983982800,0.4550,0.7170
239.1570,143.7270,0.3870,1932983984000,0.4550,0.7170
239.0710,143.2160,0.3870,1932983984900,0.4550,0.7170
239.0710,142.8150,0.3870,1932999942200,0.4550,0.7170
239.0710,142.5230,0.3870,1932999975600,0.4550,0.7170
239.1570,142.0850,0.3870,1933016928600,0.4550,0.7170
239.3710,141.8660,0.3850,1933016959100,0.4550,0.7170
239.8860,142.3040,0.3820,1933048997200,0.4550,0.7170
240.1860,142.6690,0.3810,1933049037400,0.4550,0.7170
240.4430,143.2160,0.3810,1933049039000,0.4550,0.7170
240.6570,143.8000,0.3800,1933049040000,0.4550,0.7170
240.7860,144.3840,0.3800,1933065986300,0.4550,0.7170
241.0430,145.0770,0.3800,1933066005800,0.4550,0.7170
241.1710,145.7340,0.3790,1933066006900,0.4550,0.7170
241.3430,146.4270,0.3790,1933066007400,0.4550,0.7170
241.3860,147.1570,0.3790,1933066008000,0.4550,0.7170
241.4710,147.8500,0.3790,1933082189700,0.4550,0.7170
241.3860,148.5070,0.3790,1933082252400,0.4550,0.7170
241.3860,149.2000,0.3790,1933098250800,0.4550,0.7170
241.2570,149.8570,0.3800,1933098272800,0.4550,0.7170
241.0430,150.5500,0.3810,1933098273800,0.4550,0.7170
240.6570,151.3530,0.3820,1933098274400,0.4550,0.7170
240.1860,152.1190,0.3830,1933114490900,0.4550,0.7170
239.6290,152.8490,0.3840,1933114555600,0.4550,0.7170
239.0290,153.5420,0.3850,1933130819200,0.4550,0.7170
238.2570,154.0530,0.3860,1933130884100,0.4550,0.7170
237.4430,154.6730,0.3880,1933130894500,0.4550,0.7170
236.6290,155.0380,0.3890,1933130900500,0.4550,0.7170
235.6430,155.4760,0.3900,1933130903200,0.4550,0.7170
234.5710,155.8040,0.3910,1933146946800,0.4550,0.7170
233.5430,155.9500,0.3890,1933147030200,0.4550,0.7170
232.4290,156.0960,0.3860,1933147035100,0.4550,0.7170
231.2290,156.1690,0.3770,1933163245700,0.4550,0.7170
230.0290,156.0960,0.3650,1933163309500,0.4550,0.7170
228.9140,156.0230,0.3480,1933163312700,0.4550,0.7170
227.9290,155.6950,0.3230,1933179687500,0.4550,0.7170
226.8570,155.4030,0.2690,1933179749500,0.4550,0.7170
222.2290,151.9730,0.8330,1933195786800,0.4550,0.7170
221.2000,150.7690,0.6940,1933195822200,0.4550,0.7170
207.4860,129.0960,0.5540,1933328149700,0.4730,0.7170
207.0140,128.8770,0.3410,1933328192200,0.4730,0.7170
206.5000,128.5120,0.2400,1933344219900,0.4730,0.7170
205.7710,128.2200,0.1940,1933344266000,0.4730,0.7170
204.8710,127.9280,0.1740,1933360311300,0.4900,0.7160
204.0140,127.6730,0.1600,1933360326600,0.5070,0.7160
203.2860,127.6000,0.1610,1933360327500,0.5070,0.7160
202.4710,127.6000,0.1640,1933360328200,0.5070,0.7160
201.4860,127.7820,0.1670,1933360328700,0.5070,0.7160
200.4140,128.0010,0.1690,1933376365000,0.5070,0.7160
199.3860,128.2930,0.1730,1933376394500,0.5070,0.7160
198.3570,128.6580,0.1770,1933376396000,0.5070,0.7160
196.7710,129.3510,0.1820,1933376396800,0.5070,0.7160
195.4860,129.7890,0.1880,1933392398700,0.5070,0.7160
194.3710,130.2270,0.1950,1933392434200,0.5070,0.7160
193.4710,130.7010,0.2020,1933408412500,0.5070,0.7160
192.5710,131.1390,0.2090,1933408442600,0.5070,0.7160
191.6710,131.5770,0.2160,1933408443600,0.5070,0.7160
191.0710,132.1240,0.2220,1933408444300,0.5070,0.7160
190.3860,132.5620,0.2280,1933408444900,0.5070,0.7160
189.7860,133.0730,0.2340,1933424504600,0.5070,0.7160
189.2710,133.6200,0.2390,1933424541400,0.5070,0.7160
188.9710,134.1310,0.2440,1933440584200,0.5070,0.7160
188.7570,134.6420,0.2490,1933440615000,0.5070,0.7160
188.5860,135.2620,0.2540,1933440615800,0.5070,0.7160
188.5860,135.8460,0.2580,1933440616300,0.5070,0.7160
188.5860,136.5390,0.2630,1933456676600,0.5070,0.7160
188.7570,137.1960,0.2670,1933457007300,0.5070,0.7160
189.0570,138.1810,0.2700,1933457058500,0.5070,0.7160
189.4430,139.1660,0.2740,1933472928600,0.5070,0.7160
189.9570,140.1150,0.2770,1933472969600,0.5070,0.7160
190.8570,141.5380,0.2810,1933472970700,0.5070,0.7160
191.8000,142.8880,0.2830,1933472971300,0.5070,0.7160
192.8710,144.2380,0.2860,1933488957800,0.5070,0.7160
194.0710,145.5880,0.2890,1933488974900,0.5070,0.7160
195.3570,146.7920,0.2920,1933505009800,0.5070,0.7160
196.7710,147.9960,0.2950,1933505036900,0.5070,0.7160
198.1000,149.2000,0.2980,1933505037900,0.5070,0.7160
199.4710,150.2580,0.3010,1933505038600,0.5070,0.7160
200.5860,151.2800,0.3040,1933521119400,0.5070,0.7160
201.4860,152.1920,0.3060,1933521138700,0.5070,0.7160
202.2140,152.8490,0.3090,1933521139500,0.5070,0.7160
202.7710,153.4690,0.3110,1933521140100,0.5070,0.7160
203.0710,153.9800,0.3140,1933521140600,0.5070,0.7160
203.2000,154.5270,0.3180,1933537156400,0.5070,0.7160
203.2000,154.9650,0.3220,1933537186900,0.5070,0.7160
202.9860,155.4030,0.3260,1933553515800,0.5070,0.7160
202.4710,156.0960,0.3300,1933553543300,0.5070,0.7160
201.6140,156.7530,0.3340,1933553546000,0.5070,0.7160
200.1140,157.6650,0.3370,1933553546600,0.5070,0.7160
198.5710,158.3950,0.3410,1933553547100,0.5070,0.7160
196.4710,159.0880,0.3440,1933569621000,0.5070,0.7160
194.3710,159.6720,0.3470,1933569641100,0.5070,0.7160
192.0570,160.1460,0.3500,1933585822800,0.5070,0.7160
189.5710,160.4380,0.3520,1933585841100,0.5070,0.7160
187.0430,160.6570,0.3550,1933585841900,0.5070,0.7160
184.3860,160.6570,0.3570,1933585842500,0.5070,0.7160
181.7710,160.5110,0.3600,1933602812500,0.5070,0.7160
179.2430,160.2920,0.3620,1933602828000,0.5070,0.7160
176.6710,159.7450,0.3640,1933618811600,0.5070,0.7160
174.3570,159.0880,0.3660,1933618839800,0.5070,0.7160
172.1290,158.1760,0.3680,1933618840900,0.5070,0.7160
170.0290,157.0450,0.3710,1933618841800,0.5070,0.7160
168.2290,155.8040,0.3720,1933618842600,0.5070,0.7160
166.7290,154.2720,0.3730,1933634933500,0.5070,0.7160
165.6140,152.6300,0.3720,1933634975400,0.5070,0.7160
164.9290,150.7690,0.3670,1933650962500,0.5070,0.7160
164.7140,148.8350,0.3580,1933650981600,0.5070,0.7160
164.8430,146.7920,0.3460,1933650985000,0.5070,0.7160
165.3140,144.6390,0.3300,1933650985500,0.5070,0.7160
166.2140,142.5230,0.3080,1933667101000,0.5070,0.7160
168.0570,138.7650,0.2570,1933667131100,0.5070,0.7160
173.7140,130.0810,1.0000,1933683122600,0.5070,0.7160
174.8290,128.0740,0.8330,1933699126500,0.5070,0.7160
175.7710,125.8850,0.6940,1933699145200,0.5070,0.7160
