702.2430,61.7910,1.0000,1970186373700,0.2270,0.5940
699.0710,57.5950,0.0040,1970283782900,0.3330,0.5940
698.8570,57.3390,0.0290,1970283845500,0.3330,0.5940
698.6430,57.1930,0.0610,1970300583600,0.3330,0.5940
698.1720,57.5950,0.1230,1970316648400,0.3330,0.5940
698.0430,57.8140,0.1360,1970316713700,0.3330,0.5940
697.7860,58.2510,0.1490,1970316721100,0.3330,0.5940
697.6570,58.7990,0.1610,1970333621500,0.3330,0.5940
697.4430,59.3090,0.1730,1970333672000,0.3330,0.5940
697.1860,59.9660,0.1830,1970333689000,0.3330,0.5940
696.8430,60.8780,0.1930,1970333693800,0.3330,0.5940
696.5860,61.7910,0.2030,1970349664500,0.3330,0.5940
696.3710,62.7390,0.2120,1970349740800,0.3330,0.5940
696.1570,63.7970,0.2200,1970349749700,0.3330,0.5940
695.9430,64.9280,0.2280,1970366675800,0.3330,0.5940
695.7290,65.9860,0.2360,1970366741700,0.3330,0.5940
695.4710,67.0810,0.2430,1970366750300,0.3330,0.5940
695.2570,68.1390,0.2500,1970366754500,0.3330,0.5940
695.1290,69.3430,0.2570,1970383689400,0.3330,0.5940
694.9570,70.4010,0.2630,1970383756700,0.3330,0.5940
694.7430,71.4590,0.2690,1970383763900,0.3330,0.5940
694.6570,72.6270,0.2750,1970400586000,0.3330,0.5940
694.5290,73.7580,0.2810,1970400636900,0.3330,0.5940
694.4430,74.8890,0.2860,1970400644200,0.3330,0.5940
694.3570,76.0200,0.2910,1970400648300,0.3330,0.5940
694.2710,77.1510,0.2960,1970416641700,0.3330,0.5940
694.2290,78.2460,0.3010,1970416720200,0.3330,0.5940
693.9710,79.3770,0.3060,1970432996100,0.3330,0.5940
693.9290,80.5080,0.3110,1970433144400,0.3330,0.5940
693.7570,81.7120,0.3150,1970433169400,0.3330,0.5940
693.6290,82.8430,0.3200,1970433184800,0.3330,0.5940
693.5430,83.9380,0.3240,1970433198400,0.3330,0.5940
693.3290,85.0690,0.3280,1970449121500,0.3330,0.5940
693.1570,86.2000,0.3320,1970449244900,0.3330,0.5940
692.9430,87.3310,0.3360,1970449286400,0.3330,0.5940
692.7710,88.3890,0.3390,1970449302600,0.3330,0.5940
692.7710,89.3380,0.3430,1970466146100,0.3330,0.5940
692.7710,90.2500,0.3460,1970466292000,0.3330,0.5940
692.7290,91.3080,0.3490,1970482132300,0.3330,0.5940
692.7290,92.2570,0.3530,1970482236500,0.3330,0.5940
692.7290,93.0230,0.3560,1970482251800,0.3330,0.5940
692.7290,93.9350,0.3580,1970482258600,0.3330,0.5940
692.7290,94.7380,0.3610,1970482264800,0.3330,0.5940
692.7290,95.5770,0.3640,1970498438000,0.3330,0.5940
692.7290,96.3070,0.3660,1970498567300,0.3330,0.5940
692.6430,97.1460,0.3690,1970515348500,0.3330,0.5940
692.5570,98.3500,0.3710,1970515461500,0.3330,0.5940
692.5570,99.2260,0.3730,1970515474900,0.3330,0.5940
692.4290,100.2110,0.3750,1970515494900,0.3330,0.5940
692.4710,101.1960,0.3770,1970515501200,0.3330,0.5940
692.4290,101.9990,0.3790,1970538409200,0.3330,0.5940
692.4290,102.7650,0.3810,1970539156900,0.3330,0.5940
692.4290,103.4950,0.3820,1970539537600,0.3330,0.5940
692.3430,104.2610,0.3840,1970539561400,0.3330,0.5940
692.4290,104.9910,0.3860,1970539572000,0.3330,0.5940
692.4290,105.8300,0.3870,1970554487100,0.3330,0.5940
692.4290,106.5960,0.3880,1970554556800,0.3330,0.5940
692.4290,107.3990,0.3900,1970570594700,0.3330,0.5940
692.5570,108.5300,0.3910,1970570641300,0.3330,0.5940
692.7290,109.5880,0.3920,1970570646800,0.3330,0.5940
692.7710,110.6090,0.3930,1970570649700,0.3330,0.5940
692.7290,111.5950,0.3940,1970570652200,0.3330,0.5940
692.7290,112.4340,0.3960,1970586689100,0.3330,0.5940
692.8570,113.3820,0.3970,1970586759800,0.3330,0.5940
692.9430,114.3680,0.3970,1970602842700,0.3330,0.5940
692.9430,115.2070,0.3980,1970602939400,0.3330,0.5940
692.8570,115.9360,0.3990,1970602956900,0.3330,0.5940
692.9430,116.7030,0.4000,1970602966300,0.3330,0.5940
692.9430,117.4320,0.4010,1970618964500,0.3330,0.5940
692.9430,118.1990,0.4010,1970619074200,0.3330,0.5940
692.9430,118.8550,0.4020,1970619091700,0.3330,0.5940
693.0290,119.6220,0.4030,1970619101900,0.3330,0.5940
693.0290,120.4240,0.4040,1970635010000,0.3500,0.5940
693.0290,121.1910,0.4050,1970635126900,0.3500,0.5940
692.9430,122.0300,0.4060,1970651962400,0.3500,0.5940
692.9430,122.9780,0.4060,1970652043300,0.3500,0.5940
692.7710,124.1820,0.4070,1970652059800,0.3500,0.5940
692.7290,125.3860,0.4080,1970652070700,0.3500,0.5940
692.6430,126.5180,0.4090,1970668054500,0.3500,0.5940
692.5570,127.6490,0.4100,1970668166000,0.3500,0.5940
692.4290,128.6700,0.4110,1970668181200,0.3500,0.5940
692.2570,129.7280,0.4110,1970685052100,0.3500,0.5940
692.1720,130.6410,0.4120,1970685154700,0.3500,0.5940
691.9570,131.5890,0.4130,1970685165700,0.3500,0.5940
691.8710,132.4280,0.4140,1970685171500,0.3500,0.5940
691.7430,133.1950,0.4140,1970702070300,0.3500,0.5940
691.7430,133.7780,0.4150,1970702171500,0.3500,0.5940
691.7430,134.4350,0.4150,1970702272600,0.3500,0.5940
691.6570,135.1280,0.4160,1970719065300,0.3500,0.5940
691.6570,135.6390,0.4160,1970719167000,0.3500,0.5940
691.6570,136.1870,0.4150,1970719187800,0.3500,0.5940
691.7430,136.6240,0.4130,1970719194200,0.3500,0.5940
691.8290,136.9890,0.4090,1970735039400,0.3500,0.5940
691.9570,137.3910,0.4050,1970735151800,0.3500,0.5940
692.0430,137.8280,0.3990,1970735168700,0.3500,0.5940
692.1720,138.0470,0.3900,1970735210800,0.3500,0.5940
692.3430,138.2660,0.3770,1970751112000,0.3500,0.5940
692.4710,138.4850,0.3590,1970751212500,0.3500,0.5940
692.7290,138.5580,0.2760,1970767184800,0.3500,0.5940
664.7000,113.3820,0.0040,1971129565200,0.3850,0.6290
664.4000,113.8570,0.0200,1971129660400,0.3850,0.6290
664.1000,114.1490,0.0410,1971129664100,0.3850,0.6290
663.7140,114.5140,0.0640,1971129665900,0.3850,0.6290
663.2860,114.9150,0.0880,1971145373200,0.3850,0.6290
662.7710,115.2070,0.1110,1971145440600,0.3850,0.6290
662.0000,115.6450,0.1330,1971162345800,0.3850,0.6290
661.1860,115.9360,0.1540,1971162399500,0.3850,0.6290
660.3710,116.3380,0.1740,1971162410300,0.3850,0.6290
659.5140,116.6300,0.1930,1971162412600,0.3850,0.6290
658.5710,116.9220,0.2100,1971178367300,0.3850,0.6290
657.5860,117.1410,0.2260,1971178419100,0.3850,0.6290
656.6860,117.2860,0.2400,1971178424000,0.3850,0.6290
655.7000,117.3590,0.2530,1971194416500,0.3850,0.6290
654.7570,117.4320,0.2650,1971194459100,0.3850,0.6290
653.8570,117.4320,0.2760,1971194462400,0.3850,0.6290
652.6570,117.3590,0.2850,1971194463900,0.3850,0.6290
651.5000,117.2140,0.2940,1971211373700,0.3850,0.6290
650.3860,116.9950,0.3020,1971211419700,0.3850,0.6290
649.3570,116.7760,0.3100,1971227503000,0.3850,0.6290
648.3710,116.4840,0.3170,1971227655500,0.3850,0.6290
647.3860,116.0090,0.3220,1971227667500,0.3850,0.6290
646.5710,115.5720,0.3270,1971227674600,0.3850,0.6290
645.7570,115.0610,0.3310,1971227681000,0.3850,0.6290
644.9860,114.4410,0.3350,1971244477000,0.3850,0.6290
644.3860,113.7840,0.3370,1971244611500,0.3850,0.6290
644.0430,113.0910,0.3400,1971244622600,0.3850,0.6470
643.5710,112.2150,0.3410,1971244628900,0.3850,0.6470
643.4430,111.6680,0.3430,1971260697800,0.3850,0.6470
643.3570,111.0110,0.3440,1971260829800,0.3850,0.6470
643.3570,110.4640,0.3460,1971277745400,0.3850,0.6470
643.4430,109.8070,0.3460,1971277860000,0.3850,0.6470
643.5710,109.3690,0.3470,1971277870200,0.3850,0.6470
643.9570,108.8220,0.3480,1971277873500,0.3850,0.6470
644.3860,108.2380,0.3480,1971293838600,0.3850,0.6470
644.9860,107.6180,0.3490,1971294070900,0.3850,0.6470
645.6720,107.1070,0.3490,1971294086500,0.3850,0.6470
646.4430,106.6690,0.3490,1971294093500,0.3850,0.6470
647.2570,106.1950,0.3490,1971294100000,0.3850,0.6470
648.2000,105.9760,0.3490,1971309906100,0.3850,0.6470
649.1860,105.6840,0.3480,1971310005700,0.3850,0.6470
650.2570,105.5380,0.3480,1971325977100,0.3850,0.6470
651.0710,105.3920,0.3470,1971326085700,0.3850,0.6470
651.8860,105.3920,0.3470,1971326092400,0.3850,0.6470
652.5710,105.4650,0.3470,1971342022000,0.3850,0.6470
653.2570,105.6110,0.3470,1971342146900,0.3850,0.6470
653.9000,105.8300,0.3470,1971342161300,0.3850,0.6470
654.7570,106.1220,0.3480,1971359012000,0.3850,0.6470
655.4860,106.6690,0.3500,1971359128100,0.3850,0.6470
656.0860,107.1800,0.3520,1971359138300,0.3850,0.6470
656.6860,107.8730,0.3550,1971359145200,0.3850,0.6470
657.1140,108.6030,0.3570,1971359151800,0.3850,0.6470
657.5000,109.4420,0.3610,1971375636000,0.3850,0.6470
657.6710,110.2450,0.3640,1971375863400,0.3850,0.6470
657.6710,111.0110,0.3680,1971392043000,0.3850,0.6470
657.6710,111.8130,0.3730,1971392304200,0.3850,0.6470
657.4140,112.8720,0.3770,1971392319200,0.3850,0.6470
657.2000,114.0030,0.3820,1971392326100,0.3850,0.6470
656.8140,115.0610,0.3870,1971408920600,0.3850,0.6470
655.9140,116.7030,0.3930,1971409090500,0.3850,0.6470
654.9710,118.1990,0.3980,1971409108600,0.3850,0.6470
653.9000,119.6950,0.4030,1971409116300,0.3850,0.6470
652.7000,121.1180,0.4080,1971409134700,0.3850,0.6470
651.3710,122.5410,0.4130,1971424495200,0.3850,0.6470
649.7860,123.8910,0.4180,1971424585400,0.3850,0.6470
648.1570,125.0950,0.4230,1971441260500,0.3850,0.6470
646.3570,126.3720,0.4270,1971441456600,0.3850,0.6470
644.6430,127.3930,0.4310,1971441719500,0.3850,0.6470
642.8860,128.4510,0.4350,1971441734000,0.3850,0.6470
640.6570,129.4370,0.4380,1971457044600,0.3850,0.6470
638.6430,130.1660,0.4420,1971457199200,0.3850,0.6470
636.5430,130.9320,0.4450,1971457342800,0.3850,0.6470
634.2710,131.5160,0.4470,1971473345700,0.3850,0.6470
632.1720,131.9910,0.4500,1971473450700,0.3850,0.6470
630.1570,132.2820,0.4530,1971473501900,0.3850,0.6470
627.8430,132.5010,0.4550,1971473512400,0.3850,0.6470
625.6140,132.5740,0.4570,1971490360700,0.3850,0.6470
623.9430,132.5010,0.4580,1971490477800,0.3850,0.6470
622.0140,132.3550,0.4570,1971507951300,0.3850,0.6470
620.0000,131.9910,0.4530,1971508418700,0.3850,0.6470
618.2000,131.3700,0.4470,1971508517800,0.3850,0.6470
616.5290,130.7860,0.4400,1971508554100,0.3850,0.6470
615.0290,129.8740,0.4270,1971508565600,0.3850,0.6470
613.7860,128.9260,0.4100,1971524547900,0.3850,0.6470
612.9290,128.0130,0.3880,1971524656000,0.3850,0.6470
612.0290,126.8090,0.3710,1971524667900,0.3850,0.6470
611.4290,125.6780,0.3090,1971524674900,0.3850,0.6470
610.6140,122.2490,1.0000,1971545347000,0.3850,0.6470
610.7000,121.4820,1.0000,1971561277000,0.3850,0.6470
610.9140,120.5340,1.0000,1971561368000,0.3850,0.6470
611.2140,119.4030,0.8330,1971561373100,0.3850,0.6470
611.9860,117.9800,0.6940,1971578237500,0.3850,0.6470
629.5570,96.2340,0.6010,1971660518100,0.3850,0.6470
629.8140,95.7230,0.4030,1971676369600,0.3850,0.6470
629.9430,95.1760,0.3070,1971676423300,0.3850,0.6470
630.1140,94.7380,0.2640,1971676426100,0.3850,0.6470
630.2430,94.2270,0.2450,1971676427600,0.3850,0.6470
630.3290,93.8620,0.2310,1971692703800,0.3850,0.6470
630.2430,93.4610,0.2330,1971692770300,0.3850,0.6470
630.2430,93.1690,0.2350,1971692775700,0.3850,0.6640
630.2430,92.7310,0.2380,1971708691100,0.3850,0.6640
630.1570,92.3300,0.2410,1971708757100,0.3850,0.6640
630.2430,92.0380,0.2480,1971724849200,0.3850,0.6640
630.5430,91.7460,0.2560,1971724901900,0.3850,0.6640
631.0140,91.4540,0.2600,1971741197500,0.3850,0.6640
631.4430,91.2350,0.2640,1971741264100,0.3850,0.6640
631.9570,90.9800,0.2680,1971758154200,0.3850,0.6640
632.8570,90.6150,0.2720,1971758207700,0.3850,0.6640
633.9290,90.2500,0.2750,1971758217800,0.3850,0.6640
634.8710,89.8120,0.2780,1971758219200,0.3850,0.6640
636.4570,89.1920,0.2810,1971758220400,0.3850,0.6640
638.1290,88.6080,0.2840,1971774272800,0.3850,0.6640
639.6720,87.9880,0.2870,1971774345600,0.3850,0.6640
641.0430,87.4770,0.2890,1971791300000,0.3850,0.6640
642.1570,87.0390,0.2900,1971791599200,0.3850,0.6640
643.1430,86.6380,0.2910,1971791628100,0.3850,0.6640
644.0430,86.3460,0.2900,1971791642000,0.3850,0.6640
644.9430,86.1270,0.2880,1971807448900,0.3850,0.6640
645.5860,85.8350,0.2830,1971807900900,0.3850,0.6640
646.1860,85.7620,0.2750,1971807924800,0.3850,0.6640
646.7430,85.6890,0.2660,1971823534000,0.3850,0.6640
647.0860,85.6160,0.2530,1971823615500,0.3850,0.6640
647.3860,85.6160,0.2310,1971823620800,0.3850,0.6640
647.6000,85.6890,0.1920,1971823634100,0.3850,0.6640
647.8570,85.7620,0.1600,1971840022800,0.4030,0.6640
647.9860,85.9810,0.8330,1971840479900,0.4030,0.6640
619.4430,120.2780,1.0000,1972178125600,0.0000,0.6460
619.1000,120.9720,1.0000,1972194597500,0.0000,0.6460
619.0140,121.3360,1.0000,1972194670700,0.0000,0.6460
616.1430,123.4530,0.0010,1972243361900,0.2800,0.6460
615.7140,123.5990,0.0100,1972243428200,0.2980,0.6470
615.2860,123.8180,0.0220,1972259311100,0.3150,0.6460
614.6860,123.9640,0.0360,1972259370900,0.3330,0.6470
614.2140,124.1090,0.0510,1972275534500,0.3500,0.6470
613.7860,124.1820,0.0650,1972275594000,0.3680,0.6470
613.1860,124.4010,0.0790,1972275596700,0.3850,0.6470
612.7140,124.4740,0.0930,1972275597900,0.4020,0.6460
612.2860,124.5470,0.1060,1972275599000,0.4020,0.6460
611.8140,124.5470,0.1180,1972291750900,0.4020,0.6460
611.3860,124.5470,0.1300,1972291806800,0.4020,0.6460
611.0000,124.5470,0.1400,1972307797000,0.4020,0.6460
610.6140,124.5470,0.1500,1972307827300,0.4190,0.6460
610.0140,124.4740,0.1590,1972307852100,0.4190,0.6460
609.5860,124.3280,0.1670,1972307853500,0.4190,0.6460
609.0290,124.1820,0.1740,1972323929200,0.4190,0.6460
608.5140,124.1090,0.1800,1972324010400,0.4190,0.6460
607.9140,123.8910,0.1860,1972340059500,0.4190,0.6460
607.4000,123.7450,0.1920,1972340123600,0.4190,0.6460
606.8860,123.5260,0.1960,1972340130800,0.4190,0.6460
606.2000,123.3070,0.2010,1972340133000,0.4190,0.6460
605.6860,122.9780,0.2050,1972340135500,0.4190,0.6460
604.8710,122.7590,0.2080,1972356052900,0.4190,0.6460
604.1860,122.4680,0.2110,1972356260200,0.4190,0.6460
603.5860,122.1760,0.2140,1972372312200,0.4190,0.6460
602.7710,121.7740,0.2170,1972372372900,0.4190,0.6460
602.0000,121.3360,0.2190,1972372387300,0.4190,0.6460
601.2710,120.9720,0.2210,1972372391000,0.4190,0.6460
600.3710,120.5340,0.2230,1972388418400,0.4190,0.6460
599.6000,120.1320,0.2250,1972388472100,0.4190,0.6460
598.7860,119.6950,0.2270,1972388474600,0.4190,0.6460
597.9710,119.2570,0.2290,1972388475900,0.4190,0.6460
597.1570,118.7820,0.2300,1972388477100,0.4190,0.6460
596.3860,118.1990,0.2320,1972404628600,0.4190,0.6460
595.7000,117.6510,0.2330,1972404680400,0.4190,0.6460
594.9710,116.9950,0.2350,1972421578100,0.4190,0.6460
594.2000,116.4110,0.2370,1972421611200,0.4190,0.6460
593.6860,115.6450,0.2390,1972421618900,0.4190,0.6460
593.0000,114.9150,0.2410,1972421620100,0.4190,0.6460
592.4000,114.1490,0.2440,1972438583400,0.4190,0.6460
591.8000,113.3820,0.2470,1972438654300,0.4190,0.6460
591.2000,112.6530,0.2510,1972454633100,0.4190,0.6460
590.5570,111.8860,0.2550,1972454667200,0.4190,0.6460
589.8710,111.1570,0.2580,1972454669800,0.4190,0.6460
589.2710,110.3910,0.2630,1972454671100,0.4190,0.6460
588.5860,109.8070,0.2670,1972454672400,0.4190,0.6460
587.8570,109.1870,0.2710,1972470930100,0.4190,0.6460
587.0430,108.6030,0.2750,1972470991300,0.4190,0.6460
586.1860,108.1650,0.2790,1972470996000,0.4190,0.6460
585.2860,107.8730,0.2830,1972470999400,0.4190,0.6460
584.4710,107.5450,0.2880,1972487873900,0.4190,0.6460
583.5710,107.3990,0.2930,1972487907300,0.4190,0.6460
582.7570,107.3260,0.2990,1972504383200,0.4190,0.6460
582.0290,107.3260,0.3040,1972504475500,0.4190,0.6460
580.9570,107.5450,0.3100,1972504485300,0.4190,0.6460
579.8430,107.8730,0.3150,1972504490200,0.4190,0.6460
578.9430,108.2380,0.3210,1972504495200,0.4190,0.6460
577.4430,108.9680,0.3260,1972520435500,0.4190,0.6460
576.3710,109.6610,0.3300,1972520538000,0.4190,0.6460
575.5570,110.3180,0.3350,1972537420400,0.4190,0.6460
574.9140,111.0110,0.3390,1972537508800,0.4190,0.6460
574.3570,111.7400,0.3420,1972537514600,0.4190,0.6460
574.0140,112.5070,0.3460,1972537517300,0.4190,0.6460
573.7140,113.2370,0.3480,1972553655400,0.4190,0.6460
573.7140,113.8570,0.3490,1972553741200,0.4190,0.6460
573.7570,114.4410,0.3490,1972553748900,0.4190,0.6460
574.0570,115.0610,0.3460,1972569773800,0.4190,0.6460
574.7430,115.6450,0.3410,1972569860400,0.4190,0.6460
575.4710,116.2280,0.3320,1972569876300,0.4190,0.6460
576.3710,116.7760,0.3200,1972569878800,0.4190,0.6460
578.0430,117.3590,0.3020,1972585870200,0.4190,0.6460
579.4570,117.7610,0.2520,1972586054300,0.4190,0.6460
580.8290,118.0530,0.2100,1972586062400,0.4190,0.6460
585.4570,118.1990,1.0000,1972602830100,0.4190,0.6460
586.5710,118.1260,1.0000,1972619782600,0.4190,0.6460
587.3860,118.0530,0.8330,1972619838100,0.4190,0.6460
591.0710,118.0530,0.5510,1972669369300,0.4190,0.6460
591.2860,118.1990,0.2770,1972685534800,0.4190,0.6460
591.4570,118.3450,0.2130,1972685587500,0.4190,0.6460
591.3710,118.7820,0.2170,1972701617300,0.4190,0.6460
591.2000,119.6220,0.2210,1972717745300,0.4190,0.6460
591.0710,120.1320,0.2230,1972717815600,0.4190,0.6460
590.9430,120.7530,0.2250,1972717819000,0.4190,0.6460
590.6430,121.2630,0.2270,1972717823700,0.4190,0.6460
590.4710,121.7740,0.2300,1972734672800,0.4190,0.6460
590.3430,122.3220,0.2340,1972734760500,0.4190,0.6460
590.0860,122.7590,0.2390,1972734767400,0.4190,0.6460
589.7860,123.1970,0.2450,1972751172500,0.4190,0.6460
589.4430,123.7450,0.2520,1972751221300,0.4190,0.6460
589.1430,124.1820,0.2580,1972751223400,0.4190,0.6460
588.7570,124.5470,0.2650,1972751224700,0.4190,0.6460
588.2430,124.9490,0.2710,1972767229700,0.4190,0.6460
587.6860,125.3860,0.2760,1972767278000,0.4190,0.6460
586.8710,125.8970,0.2820,1972767280600,0.4190,0.6460
586.0570,126.3720,0.2870,1972767281600,0.4190,0.6460
585.0710,126.7360,0.2910,1972767282700,0.4190,0.6460
584.0430,127.1740,0.2950,1972783280900,0.4190,0.6460
582.3280,127.7220,0.2990,1972783333700,0.4190,0.6460
580.5290,128.2320,0.3030,1972799418700,0.4190,0.6460
578.5570,128.6700,0.3060,1972799449900,0.4190,0.6460
576.5430,129.2180,0.3100,1972799452300,0.4190,0.6460
574.3570,129.8010,0.3130,1972799453500,0.4190,0.6460
572.3430,130.3490,0.3170,1972816413300,0.4190,0.6460
570.2430,131.0050,0.3190,1972816445200,0.4190,0.6460
567.9290,131.5890,0.3220,1972832475100,0.4190,0.6460
565.8290,132.3550,0.3240,1972832504400,0.4190,0.6460
563.7290,132.8660,0.3270,1972832506700,0.4190,0.6460
561.5000,133.4130,0.3290,1972832507700,0.4190,0.6460
559.2290,133.9240,0.3300,1972832508700,0.4190,0.6460
557.0000,134.3620,0.3320,1972848608800,0.4190,0.6460
555.0290,134.6900,0.3340,1972848655000,0.4190,0.6460
553.4000,134.8360,0.3360,1972864707600,0.4190,0.6460
551.3000,134.9820,0.3370,1972864744600,0.4190,0.6460
549.6720,135.2010,0.3390,1972864747000,0.4380,0.6460
548.1720,135.2010,0.3400,1972864748100,0.4380,0.6460
546.8000,135.2010,0.3410,1972880727400,0.4380,0.6460
545.6000,135.1280,0.3430,1972880771500,0.4560,0.6470
544.4000,134.9820,0.3440,1972880775000,0.4560,0.6470
543.2000,134.9090,0.3450,1972880777100,0.4560,0.6470
542.0000,134.6900,0.3460,1972896752900,0.4560,0.6470
540.8860,134.3620,0.3470,1972896806300,0.4560,0.6470
539.8570,133.9970,0.3480,1972896810000,0.4560,0.6470
538.9570,133.5590,0.3490,1972913013800,0.4560,0.6470
538.0570,133.1220,0.3490,1972913057900,0.4720,0.6460
537.2000,132.5010,0.3500,1972913060200,0.4720,0.6460
536.5570,131.9180,0.3490,1972913061300,0.4720,0.6460
535.8710,131.2240,0.3480,1972929012900,0.4720,0.6460
535.3570,130.4950,0.3460,1972929067400,0.4720,0.6460
534.8860,129.6550,0.3450,1972945074000,0.4720,0.6460
534.5860,128.8160,0.3440,1972945132300,0.4720,0.6460
534.2860,128.0130,0.3420,1972945135700,0.4720,0.6460
534.1570,127.1740,0.3410,1972945137600,0.4720,0.6460
534.0710,126.4450,0.3400,1972945139500,0.4720,0.6460
534.0710,125.8240,0.3390,1972961197800,0.4720,0.6460
534.2430,125.1680,0.3380,1972961251400,0.4720,0.6460
534.5430,124.3280,0.3360,1972978207300,0.4740,0.6640
534.8000,123.6720,0.3360,1972978259900,0.4740,0.6640
535.2710,122.8320,0.3350,1972978262200,0.4740,0.6640
535.7860,122.1760,0.3340,1972978263400,0.4740,0.6640
536.3860,121.4820,0.3330,1972995192400,0.4740,0.6640
537.1570,120.8990,0.3320,1972995222300,0.4740,0.6640
537.8000,120.2780,0.3310,1973011257400,0.4740,0.6640
538.6570,119.8410,0.3310,1973011312600,0.4740,0.6640
539.6000,119.4030,0.3300,1973011325600,0.4740,0.6640
540.6720,119.0010,0.3300,1973011327800,0.4740,0.6640
541.7860,118.7090,0.3290,1973011329900,0.4740,0.6640
542.8140,118.4910,0.3290,1973027307400,0.4740,0.6640
543.8860,118.3450,0.3300,1973027354800,0.4740,0.6640
545.0000,118.3450,0.3310,1973044318700,0.4740,0.6640
546.0710,118.4910,0.3320,1973044349500,0.4740,0.6640
547.1860,118.7090,0.3330,1973044351800,0.4740,0.6640
548.2140,119.1110,0.3350,1973044353000,0.4740,0.6640
549.2000,119.5490,0.3370,1973060319600,0.4740,0.6640
550.1000,120.1320,0.3400,1973060352100,0.4740,0.6640
551.4290,121.2630,0.3420,1973060362800,0.4740,0.6640
552.6290,122.4680,0.3440,1973060363900,0.4740,0.6640
553.5290,123.6720,0.3470,1973060364900,0.4740,0.6640
554.6860,124.8760,0.3490,1973077323900,0.4740,0.6640
555.4140,125.9700,0.3510,1973077388000,0.4740,0.6640
555.9290,127.0280,0.3540,1973093421000,0.4740,0.6640
556.4860,128.0130,0.3560,1973093485000,0.4740,0.6640
556.8290,128.9990,0.3590,1973093488500,0.4740,0.6640
557.0860,130.0200,0.3620,1973093490500,0.4740,0.6640
557.2140,131.0780,0.3660,1973110364200,0.4740,0.6640
557.2140,132.0630,0.3700,1973110439600,0.4740,0.6640
557.0860,133.1950,0.3740,1973110443300,0.4740,0.6640
556.9140,134.2890,0.3790,1973126454700,0.4740,0.6640
556.2290,136.0410,0.3830,1973126493200,0.4740,0.6640
555.4140,137.7550,0.3880,1973126495500,0.4740,0.6640
554.3000,139.3970,0.3930,1973126496800,0.4740,0.6640
552.9290,140.9660,0.3970,1973143424600,0.4740,0.6640
551.4290,142.5350,0.4010,1973143455700,0.4740,0.6640
548.4710,145.3080,0.4050,1973143460600,0.4740,0.6640
546.3710,147.0960,0.4080,1973143461700,0.4740,0.6640
544.6140,148.4460,0.4110,1973159480900,0.4740,0.6640
543.2000,149.5040,0.4140,1973159540900,0.4740,0.6640
541.7860,150.4890,0.4170,1973175480400,0.4740,0.6640
540.2860,151.4740,0.4190,1973175516600,0.4740,0.6640
539.0000,152.3500,0.4200,1973175518900,0.4740,0.6640
537.6710,153.4080,0.4160,1973175519900,0.4740,0.6640
536.6000,154.2470,0.4090,1973175521000,0.4740,0.6640
535.7000,154.9770,0.3960,1973191510700,0.4740,0.6640
535.1000,155.5970,0.3780,1973191541200,0.4740,0.6640
534.3710,156.1810,0.3610,1973207974400,0.4740,0.6640
533.9860,156.7650,0.3010,1973208024600,0.4740,0.6640
533.3860,157.7500,1.0000,1973224034100,0.4740,0.6640
564.9290,153.4080,0.0190,1973337761900,0.4200,0.6640
565.7000,153.3350,0.0480,1973354368900,0.4200,0.6640
566.2140,153.2620,0.0760,1973354426400,0.4200,0.6640
566.6430,153.3350,0.1010,1973354428900,0.4200,0.6640
567.0290,153.4080,0.1210,1973354430000,0.4200,0.6640
567.3280,153.4810,0.1380,1973354431100,0.4200,0.6640
567.5430,153.6270,0.1530,1973370836400,0.4200,0.6640
567.7570,153.7730,0.1660,1973370888900,0.4200,0.6640
567.8430,153.9190,0.1780,1973370891600,0.4200,0.6640
568.0570,154.1740,0.1900,1973370892800,0.4200,0.6640
568.2290,154.3200,0.2020,1973387836300,0.4200,0.6640
568.3570,154.5390,0.2120,1973387906200,0.4200,0.6640
568.5290,154.6850,0.2210,1973404019700,0.4200,0.6640
568.6140,154.9040,0.2300,1973404070200,0.4200,0.6640
568.7430,155.1230,0.2380,1973404072700,0.4200,0.6640
568.9140,155.3420,0.2450,1973404073800,0.4200,0.6640
569.0430,155.8890,0.2480,1973420128400,0.4200,0.6640
569.0430,156.1080,0.2330,1973420180000,0.4200,0.6640
569.2140,156.7650,0.8330,1973452451500,0.4200,0.6640
512.2570,84.9960,0.0110,1973786500400,0.4740,0.6640
511.9570,84.6310,0.0270,1973786533400,0.4740,0.6640
511.5290,84.3390,0.0440,1973786537200,0.4740,0.6640
511.2290,84.0470,0.0600,1973803205800,0.4740,0.6640
510.9290,83.7920,0.0770,1973803254400,0.4740,0.6640
510.6290,83.6460,0.0930,1973819379600,0.4740,0.6640
510.2430,83.5730,0.1080,1973819437500,0.4740,0.6640
509.9000,83.4270,0.1220,1973819439700,0.4740,0.6640
509.3000,83.5730,0.1480,1973835602400,0.4740,0.6640
508.8280,83.7920,0.1610,1973835654200,0.4740,0.6640
508.4000,84.1200,0.1730,1973835656500,0.4740,0.6640
507.9290,84.4120,0.1840,1973851671400,0.4740,0.6640
507.4140,84.9960,0.1940,1973851709900,0.4740,0.6640
506.9000,85.7620,0.2050,1973851712100,0.4740,0.6640
506.3430,86.5650,0.2140,1973851713200,0.4740,0.6640
505.9140,87.4770,0.2240,1973867779600,0.4740,0.6640
505.4430,88.5350,0.2320,1973867817000,0.4740,0.6640
504.9290,90.1770,0.2410,1973884714100,0.4740,0.6640
504.3290,91.9650,0.2490,1973884761200,0.4740,0.6640
503.9430,93.7530,0.2560,1973884788800,0.4740,0.6640
503.5140,95.7230,0.2640,1973884793500,0.4740,0.6640
503.1290,97.7300,0.2710,1973900796400,0.4740,0.6640
502.9140,99.9190,0.2780,1973900836400,0.4740,0.6640
502.6140,102.1450,0.2840,1973900838900,0.4740,0.6640
502.3140,104.4800,0.2910,1973917787600,0.4740,0.6640
501.9290,106.8880,0.2970,1973917841300,0.4740,0.6640
501.7140,109.4420,0.3030,1973917845200,0.4740,0.6640
501.5000,111.9590,0.3090,1973917847400,0.4740,0.6640
501.2860,114.5860,0.3150,1973933925300,0.4740,0.6640
500.9860,117.3590,0.3210,1973933961100,0.4740,0.6640
500.7290,120.1320,0.3270,1973933964700,0.4740,0.6640
500.6860,122.9050,0.3330,1973933966600,0.4740,0.6640
500.5140,125.5320,0.3390,1973950902700,0.4740,0.6640
500.5140,128.1590,0.3450,1973950964600,0.4740,0.6640
500.4290,130.7860,0.3520,1973950973100,0.4740,0.6640
500.3860,133.3410,0.3580,1973967094700,0.4740,0.6640
500.3000,135.7850,0.3650,1973967131200,0.4740,0.6640
500.2140,138.2660,0.3710,1973967133500,0.4740,0.6640
500.1290,140.5280,0.3770,1973967134700,0.4740,0.6640
499.9140,142.7540,0.3820,1973984053200,0.4740,0.6640
499.7000,144.8700,0.3880,1973984085800,0.4740,0.6640
499.4000,146.8770,0.3940,1973984088000,0.4740,0.6640
499.0140,148.7010,0.3990,1973984089000,0.4740,0.6640
498.4140,150.3430,0.4050,1974000159500,0.4740,0.6640
498.0290,151.6200,0.4100,1974000187600,0.4740,0.6640
497.5140,152.6420,0.4160,1974016181600,0.4740,0.6640
497.0000,153.6270,0.4220,1974016256700,0.4740,0.6640
495.9290,154.7580,0.4270,1974016262600,0.4740,0.6640
495.0290,155.6700,0.4320,1974016265200,0.4740,0.6640
494.0860,156.3270,0.4380,1974016267600,0.4740,0.6640
492.6710,157.2390,0.4420,1974032389400,0.4740,0.6640
491.3860,157.6770,0.4470,1974032507200,0.4740,0.6640
489.9710,158.0420,0.4510,1974032515600,0.4740,0.6640
488.7710,158.1880,0.4550,1974048315000,0.4740,0.6640
486.6710,158.3700,0.4580,1974048383700,0.4740,0.6640
484.5710,158.1150,0.4610,1974048388800,0.4740,0.6640
482.4710,157.7500,0.4640,1974048392000,0.4740,0.6640
480.2860,157.0200,0.4660,1974064867800,0.4740,0.6640
478.1860,156.0350,0.4670,1974065185400,0.4740,0.6640
474.5860,153.6270,0.4670,1974080841600,0.4900,0.6630
471.7570,150.8540,0.4640,1974080915200,0.5070,0.6630
469.8710,148.2270,0.4590,1974080920400,0.5070,0.6630
468.6710,145.7820,0.4520,1974080934100,0.5070,0.6630
467.1720,141.5870,0.4450,1974080940800,0.5070,0.6630
466.5710,138.1200,0.4360,1974097764300,0.5070,0.6630
466.3570,135.2010,0.4250,1974097833300,0.5070,0.6630
466.4430,132.5740,0.4100,1974113868200,0.5070,0.6630
466.8710,130.0930,0.3890,1974113959800,0.5070,0.6630
467.4710,127.5760,0.3710,1974113965000,0.5070,0.6630
475.2710,112.9450,1.0000,1974130759200,0.5070,0.6630
480.2860,103.9690,0.5780,1974147757600,0.5070,0.6630
443.4290,130.8590,0.0140,1975036713900,0.4210,0.5770
443.8140,130.6410,0.0430,1975036774100,0.4210,0.5770
444.2000,130.3490,0.0710,1975036777200,0.4210,0.5770
444.4140,130.1660,0.0940,1975052675400,0.4210,0.5770
444.7140,129.9470,0.1110,1975052726800,0.4210,0.5770
444.8860,129.8010,0.1250,1975052728800,0.4210,0.5770
445.1860,129.5820,0.1440,1975069769500,0.4210,0.5770
445.3140,129.3640,0.1600,1975085779800,0.4210,0.5770
445.5290,129.2180,0.1930,1975101787500,0.4210,0.5770
445.7000,129.6550,0.2310,1975117921600,0.4370,0.5770
445.7000,130.1660,0.2460,1975134333200,0.4370,0.5770
445.8290,130.6410,0.2520,1975134392200,0.4370,0.5770
445.7000,131.2240,0.2590,1975134398200,0.4370,0.5940
445.8290,131.8450,0.2650,1975150324700,0.4540,0.5940
445.7000,132.5740,0.2700,1975150358900,0.4540,0.5940
445.7000,133.3410,0.2760,1975150360700,0.4540,0.5940
445.7000,134.0700,0.2810,1975150361800,0.4540,0.5940
445.7000,134.9090,0.2850,1975166360600,0.4540,0.5940
445.6140,135.7120,0.2900,1975166396000,0.4540,0.5940
445.6140,136.4780,0.2940,1975166397800,0.4540,0.5940
445.5290,137.6090,0.2980,1975166398800,0.4540,0.5940
445.4860,138.4850,0.3020,1975183309300,0.4540,0.5940
445.4000,139.3240,0.3060,1975183342600,0.4540,0.5940
445.3140,140.0540,0.3090,1975199332300,0.4540,0.5940
445.3140,140.8200,0.3130,1975199364300,0.4540,0.5940
445.2290,141.4770,0.3160,1975199366200,0.4540,0.5940
445.2290,142.1700,0.3180,1975199367300,0.4540,0.5940
445.1860,142.7540,0.3210,1975199368300,0.4540,0.5940
445.1000,143.3010,0.3240,1975215452800,0.4540,0.5940
445.1000,143.8120,0.3270,1975215510700,0.4540,0.5940
445.0140,144.1770,0.3300,1975232446300,0.4540,0.5940
444.9290,144.5780,0.3330,1975232497500,0.4540,0.5940
444.8860,144.8700,0.3370,1975232499900,0.4540,0.5940
444.7140,145.1620,0.3400,1975232500900,0.4540,0.5940
444.5860,145.3810,0.3430,1975248699800,0.4540,0.5940
444.3290,145.6000,0.3460,1975248754900,0.4540,0.5940
444.1140,145.7820,0.3490,1975248758000,0.4540,0.5940
443.7290,146.0010,0.3510,1975248759700,0.4540,0.5940
443.2140,146.0740,0.3530,1975248761600,0.4540,0.5940
442.8290,146.1470,0.3560,1975264825300,0.4540,0.5940
442.4860,146.1470,0.3570,1975264891300,0.4540,0.5940
442.0140,146.1470,0.3590,1975281046800,0.4540,0.5940
441.4140,146.0740,0.3610,1975281111000,0.4540,0.5940
440.8140,146.0010,0.3620,1975281120900,0.4540,0.5940
440.3000,145.8550,0.3630,1975281125800,0.4540,0.5940
439.6140,145.6730,0.3640,1975298040200,0.4540,0.5940
439.1860,145.4540,0.3650,1975298077100,0.4540,0.5940
438.5000,145.2350,0.3660,1975314097100,0.4540,0.5940
438.0290,145.0160,0.3670,1975314143500,0.4540,0.5940
437.6000,144.7240,0.3680,1975314145600,0.4540,0.5940
437.1720,144.4320,0.3680,1975314155600,0.4540,0.5940
436.7860,144.1040,0.3690,1975331069800,0.4540,0.5940
436.4000,143.7390,0.3690,1975331118900,0.4540,0.5940
436.0140,143.3740,0.3700,1975331120900,0.4540,0.5940
435.8000,143.0820,0.3700,1975331124000,0.4540,0.5940
435.5860,142.7540,0.3700,1975347402200,0.4540,0.5940
435.3710,142.4620,0.3710,1975347454400,0.4540,0.5940
435.2000,142.1700,0.3710,1975347456500,0.4540,0.5940
435.0710,142.0240,0.3700,1975364381100,0.4540,0.5940
434.8140,141.8050,0.3700,1975364433000,0.4540,0.5940
434.6860,141.4770,0.3700,1975364446500,0.4540,0.5940
434.4710,141.1850,0.3690,1975380465800,0.4540,0.5940
434.3000,140.9660,0.3680,1975396716400,0.4540,0.5940
433.8710,140.9660,0.3680,1975396805400,0.4540,0.5940
433.5710,141.2580,0.3690,1975412811100,0.4540,0.5940
433.3140,141.4040,0.3690,1975412846800,0.4540,0.5940
432.9710,141.8050,0.3700,1975428826100,0.4540,0.5940
432.6710,142.0970,0.3710,1975428863600,0.4540,0.5940
432.2860,142.3890,0.3720,1975428865800,0.4540,0.5940
431.9860,142.7540,0.3730,1975444913000,0.4540,0.5940
431.6000,143.0820,0.3740,1975444959200,0.4540,0.5940
431.2140,143.3010,0.3750,1975444961200,0.4540,0.5940
430.9140,143.5930,0.3770,1975444962100,0.4540,0.5940
430.5710,143.8850,0.3790,1975461894000,0.4540,0.5940
430.2710,144.0310,0.3810,1975461944800,0.4540,0.5940
429.9710,144.1770,0.3830,1975461946800,0.4540,0.5940
429.6720,144.3590,0.3850,1975477954600,0.4540,0.5940
429.3710,144.4320,0.3870,1975478007700,0.4540,0.5940
429.0710,144.5050,0.3890,1975478009800,0.4540,0.5940
428.7710,144.5050,0.3910,1975478011000,0.4540,0.5940
428.0000,144.3590,0.3940,1975494055500,0.4540,0.5940
427.5710,144.2500,0.3950,1975494107000,0.4540,0.5940
426.9710,144.0310,0.3970,1975510090700,0.4540,0.5940
426.4570,143.8120,0.3980,1975510132500,0.4540,0.5940
425.6860,143.3740,0.3980,1975510134700,0.4540,0.5940
424.9570,143.0090,0.3990,1975510135700,0.4540,0.5940
424.1000,142.4620,0.3990,1975526124200,0.4540,0.5940
423.4570,141.9510,0.3990,1975526153500,0.4540,0.5940
422.6860,141.4040,0.3980,1975543128700,0.4540,0.5940
422.0000,140.7470,0.3980,1975543176700,0.4540,0.5940
421.3570,140.1640,0.3980,1975543184100,0.4540,0.5940
420.6720,139.6160,0.3980,1975543185500,0.4540,0.5940
420.1570,139.1050,0.3970,1975559112400,0.4540,0.5940
419.6860,138.5580,0.3970,1975559161400,0.4540,0.5940
419.2570,138.3390,0.3970,1975559166100,0.4540,0.5940
418.8710,138.0470,0.3960,1975559167500,0.4540,0.5940
418.5710,137.8280,0.3960,1975576119600,0.4540,0.5940
418.2710,137.6820,0.3950,1975576243300,0.4540,0.5940
417.9710,137.6090,0.3950,1975576246900,0.4540,0.5940
417.5430,137.6090,0.3940,1975593094900,0.4540,0.5940
417.2430,137.6820,0.3930,1975593147500,0.4540,0.5940
416.9430,137.8280,0.3930,1975593150100,0.4540,0.5940
416.6860,137.9740,0.3930,1975593151400,0.4540,0.5940
416.3860,138.1930,0.3920,1975610084900,0.4540,0.5940
416.0860,138.4120,0.3920,1975610164500,0.4540,0.5940
415.7860,138.7410,0.3920,1975626101000,0.4540,0.5940
415.4860,138.9590,0.3920,1975626162800,0.4540,0.5940
415.1860,139.2510,0.3920,1975626166200,0.4540,0.5940
414.9710,139.4700,0.3920,1975626167700,0.4540,0.5940
414.7570,139.6890,0.3920,1975642121700,0.4540,0.5940
414.5430,139.9080,0.3930,1975642256200,0.4540,0.5940
414.4570,140.0540,0.3930,1975658532800,0.4540,0.5940
414.2430,140.3100,0.3930,1975658587700,0.4540,0.5940
413.9430,140.6010,0.3940,1975658600900,0.4540,0.5940
413.7710,140.7470,0.3950,1975658604800,0.4540,0.5940
413.5570,140.9660,0.3970,1975675544000,0.4540,0.5940
413.2570,141.1850,0.3990,1975675605100,0.4540,0.5940
412.8710,141.4770,0.4000,1975691651900,0.4540,0.5940
412.4430,141.8780,0.4010,1975691683100,0.4540,0.5940
411.6710,142.3160,0.4030,1975691685100,0.4540,0.5940
410.7710,142.7540,0.4040,1975708667200,0.4540,0.5940
409.7430,143.2280,0.4050,1975708724500,0.4540,0.5940
408.7570,143.6660,0.4060,1975708726600,0.4540,0.5940
407.2570,144.2500,0.4070,1975708727700,0.4730,0.5950
405.6290,144.7970,0.4080,1975708728600,0.4730,0.5950
404.2140,145.1620,0.4090,1975725649500,0.4730,0.5950
403.0140,145.4540,0.4090,1975725680400,0.4730,0.5950
401.8570,145.6000,0.4100,1975741770400,0.4730,0.5950
400.6570,145.8550,0.4110,1975741820400,0.4730,0.5950
399.4570,145.9280,0.4120,1975741822500,0.4730,0.5950
398.2570,145.9280,0.4130,1975741823600,0.4730,0.5950
397.1000,145.8550,0.4130,1975758171700,0.4730,0.5950
395.9000,145.6000,0.4140,1975758284500,0.4730,0.5950
394.7000,145.3080,0.4140,1975758293800,0.4730,0.5950
393.1140,144.6510,0.4150,1975758298500,0.4730,0.5950
391.4430,143.8850,0.4160,1975758302800,0.4730,0.5950
389.9430,143.0090,0.4160,1975774275800,0.4730,0.5950
388.5290,141.8780,0.4170,1975774478100,0.4730,0.5950
387.2000,140.5280,0.4170,1975790124900,0.4730,0.5950
386.0860,138.9590,0.4170,1975790369100,0.4730,0.5950
385.0140,137.2080,0.4180,1975790381900,0.4730,0.5950
384.1140,135.4200,0.4180,1975790387500,0.4720,0.6110
383.3000,133.4130,0.4170,1975807081300,0.4720,0.6110
382.8290,131.3700,0.4170,1975807153300,0.4720,0.6110
382.4000,129.4370,0.4170,1975824067100,0.4720,0.6280
382.1000,127.4660,0.4170,1975824295500,0.4720,0.6280
381.9290,125.7510,0.4160,1975824321500,0.4720,0.6280
381.9290,124.1820,0.4160,1975824327300,0.4720,0.6460
382.0140,122.7590,0.4160,1975824332500,0.4740,0.6640
382.3140,120.7530,0.4160,1975840251400,0.4740,0.6640
382.6140,118.7090,0.4160,1975840368000,0.4740,0.6640
383.0860,116.7760,0.4160,1975840381200,0.4740,0.6640
383.3860,114.8050,0.4160,1975856391200,0.4740,0.6640
383.9860,112.9450,0.4160,1975856526700,0.4740,0.6640
384.3290,111.1570,0.4160,1975856536000,0.4740,0.6640
384.8000,109.3690,0.4160,1975856543100,0.4740,0.6640
385.2290,107.5450,0.4160,1975873356800,0.4740,0.6640
385.5290,106.0490,0.4160,1975873461200,0.4740,0.6640
385.7000,104.6990,0.4160,1975890363600,0.4740,0.6640
385.7860,103.4950,0.4160,1975890490100,0.4740,0.6640
385.9140,102.3270,0.4160,1975890500600,0.4740,0.6640
386.0000,101.1230,0.4160,1975890506500,0.4740,0.6640
386.0000,100.1380,0.4160,1975890515000,0.4740,0.6640
385.9140,99.2260,0.4160,1975906595400,0.4740,0.6640
385.9140,98.4960,0.4150,1975906792500,0.4740,0.6640
385.7860,97.8030,0.4140,1975906841700,0.4740,0.6640
385.7860,97.1460,0.4100,1975906850400,0.4740,0.6640
385.7000,96.5990,0.4050,1975923917100,0.4740,0.6640
385.7000,96.1610,0.3980,1975923950700,0.4740,0.6640
385.6140,95.8690,0.3890,1975940050000,0.4740,0.6640
385.6140,95.4310,0.3620,1975940147400,0.4740,0.6640
385.7860,96.5990,0.8330,1975958491700,0.4740,0.6640
385.7860,96.9270,0.6940,1975974987900,0.4740,0.6640
358.9570,127.6490,0.0400,1976156412800,0.4890,0.6280
359.0430,127.9410,0.0810,1976156500000,0.4890,0.6280
359.0860,128.1590,0.1150,1976156503700,0.4890,0.6280
359.1710,128.3780,0.1400,1976172228000,0.4890,0.6280
359.2570,128.8160,0.1710,1976172278300,0.4890,0.6280
359.3430,128.9990,0.1810,1976172285800,0.4890,0.6280
359.3860,129.5100,0.1960,1976188438200,0.4890,0.6280
359.5570,129.7280,0.2020,1976188495400,0.4890,0.6280
359.6430,130.0200,0.2080,1976188497500,0.4890,0.6280
359.6860,130.1660,0.2140,1976204649100,0.4890,0.6280
359.7710,130.4950,0.2210,1976204677500,0.4890,0.6280
359.8570,130.7860,0.2280,1976220825000,0.4890,0.6280
359.8570,131.0780,0.2350,1976220875900,0.4890,0.6280
359.9430,131.3700,0.2420,1976220877700,0.4890,0.6280
359.9430,131.7720,0.2490,1976220878900,0.4900,0.6450
359.9860,132.1360,0.2570,1976220880100,0.4900,0.6630
359.9860,132.5010,0.2640,1976237063900,0.4900,0.6630
359.9860,132.8660,0.2710,1976237119200,0.4900,0.6630
359.9860,133.3410,0.2770,1976253325100,0.4900,0.6630
359.9430,133.7780,0.2830,1976253387500,0.4900,0.6630
359.9430,134.4350,0.2900,1976253389400,0.4900,0.6630
359.8570,134.9820,0.2960,1976253390600,0.4900,0.6630
359.6860,135.5660,0.3020,1976269357300,0.4900,0.6630
359.5570,136.1870,0.3090,1976269409000,0.4900,0.6630
359.2570,136.6970,0.3150,1976269411000,0.4900,0.6630
359.0430,137.2080,0.3210,1976269412100,0.4900,0.6630
358.4860,137.9740,0.3270,1976269416600,0.4900,0.6630
357.8860,138.5580,0.3330,1976285517300,0.4900,0.6630
357.1570,139.3240,0.3390,1976285549400,0.4900,0.6630
355.8710,140.3100,0.3440,1976301583500,0.4900,0.6630
354.4570,141.1120,0.3490,1976301618500,0.4900,0.6630
353.0430,142.0240,0.3540,1976301620400,0.4900,0.6630
351.5430,142.7540,0.3590,1976301621400,0.4900,0.6630
349.8290,143.3740,0.3630,1976317626000,0.4900,0.6630
348.4570,143.8850,0.3670,1976317660200,0.4900,0.6630
347.2570,144.2500,0.3700,1976317662000,0.4900,0.6630
346.1430,144.5780,0.3740,1976333773500,0.4900,0.6630
344.9430,144.7970,0.3770,1976333810000,0.4900,0.6630
343.9140,144.9430,0.3790,1976333812000,0.4900,0.6630
342.8430,145.0160,0.3820,1976333812900,0.4900,0.6630
341.9430,145.0890,0.3840,1976350078000,0.4900,0.6630
341.1290,145.0160,0.3860,1976350123600,0.4900,0.6630
340.4430,144.9430,0.3850,1976366128100,0.4900,0.6630
339.8430,144.8700,0.3800,1976366176800,0.4900,0.6630
339.4140,144.6510,0.3710,1976366189200,0.4900,0.6630
338.9430,144.5050,0.3590,1976366190300,0.4900,0.6630
338.7290,144.1770,0.3430,1976382578900,0.4900,0.6630
338.6000,143.8850,0.3230,1976382680700,0.4900,0.6630
338.5140,143.5200,0.2690,1976382685400,0.4900,0.6630
338.6000,143.0820,0.2240,1976382688200,0.4900,0.6630
341.1290,138.3390,1.0000,1976403603400,0.4900,0.6630
342.1140,136.6970,1.0000,1976420457300,0.4900,0.6630
343.1430,135.2010,1.0000,1976420549700,0.4900,0.6630
344.1290,133.4860,1.0000,1976420553200,0.4900,0.6630
345.0290,131.9180,0.8330,1976437378900,0.4900,0.6630
348.9290,116.3380,0.0080,1976569551800,0.4900,0.6630
348.7140,116.0090,0.0480,1976585507400,0.4900,0.6630
348.5430,115.7910,0.0960,1976585557200,0.4900,0.6630
348.8430,115.2800,0.1630,1976601594300,0.4900,0.6630
349.1430,115.0610,0.1820,1976601645300,0.4900,0.6630
349.5710,114.7320,0.1990,1976617625800,0.4900,0.6630
350.2570,114.2220,0.2150,1976617656400,0.4900,0.6630
350.9430,113.7840,0.2300,1976617658400,0.4900,0.6630
351.8430,113.3090,0.2430,1976617659400,0.4900,0.6630
352.7430,112.8720,0.2550,1976633732800,0.4900,0.6630
353.6430,112.4340,0.2650,1976633767800,0.4900,0.6630
354.5430,111.9590,0.2750,1976633772600,0.4900,0.6630
355.4430,111.5950,0.2840,1976633773600,0.4900,0.6630
356.3430,111.3030,0.2910,1976649852100,0.4900,0.6630
357.2430,111.0110,0.2980,1976649885500,0.4900,0.6630
358.0570,110.7190,0.3040,1976666828400,0.4900,0.6630
358.7860,110.4640,0.3090,1976666867500,0.4900,0.6630
359.3860,110.2450,0.3120,1976666869400,0.4900,0.6630
360.0710,110.0990,0.3140,1976666870500,0.4900,0.6630
360.6720,109.9530,0.3150,1976666871700,0.4900,0.6630
361.1860,109.8070,0.3130,1976683248100,0.4900,0.6630
361.7430,109.7340,0.3090,1976683376600,0.4900,0.6630
362.1710,109.6610,0.3030,1976699281000,0.4900,0.6630
362.5570,109.5880,0.2950,1976699372700,0.4900,0.6630
362.9430,109.5150,0.2850,1976699378300,0.4900,0.6630
363.1570,109.5150,0.2740,1976699381100,0.4900,0.6630
363.4570,109.4420,0.2620,1976716282300,0.4900,0.6630
363.8430,109.3690,0.2010,1976716394600,0.4900,0.6630
364.1430,109.2960,1.0000,1976733214300,0.4900,0.6630
346.3570,134.8360,1.0000,1976962400200,0.4900,0.6450
346.3570,135.4200,1.0000,1976962482400,0.4900,0.6450
346.3140,135.8580,1.0000,1976962486700,0.4900,0.6450
346.1430,136.3320,1.0000,1976978334000,0.4900,0.6450
340.8290,140.0540,0.0170,1977076513900,0.4900,0.6450
340.6140,140.1640,0.0350,1977092619700,0.4900,0.6450
340.2290,140.1640,0.0540,1977092844400,0.4900,0.6450
340.0140,140.3100,0.0720,1977093042700,0.4900,0.6450
339.8000,140.3820,0.0900,1977093192600,0.4900,0.6450
339.5000,140.5280,0.1070,1977108575900,0.4900,0.6450
338.9430,140.6740,0.1230,1977108768800,0.4900,0.6450
338.6000,140.8930,0.1380,1977124729000,0.4900,0.6450
338.1290,141.1120,0.1520,1977125000800,0.4900,0.6450
337.7000,141.2580,0.1650,1977125019500,0.4900,0.6450
337.2290,141.4040,0.1770,1977125025200,0.4900,0.6450
336.8000,141.6590,0.1890,1977125029100,0.4900,0.6450
336.3290,141.8050,0.2000,1977140583300,0.4900,0.6450
335.9000,141.9510,0.2100,1977140638900,0.5070,0.6460
335.3430,142.0970,0.2200,1977156628200,0.5070,0.6460
335.0000,142.1700,0.2300,1977156723800,0.5070,0.6460
334.5290,142.3160,0.2390,1977156731100,0.5070,0.6460
334.0140,142.4620,0.2470,1977156734300,0.5070,0.6460
333.5000,142.5350,0.2550,1977173748700,0.5070,0.6460
332.9430,142.6080,0.2630,1977174008400,0.5070,0.6460
332.6000,142.6080,0.2700,1977174020400,0.5070,0.6460
332.2140,142.6080,0.2760,1977189839400,0.5070,0.6460
331.7860,142.6080,0.2820,1977189933700,0.5070,0.6460
330.8860,142.4620,0.2930,1977189953600,0.5070,0.6460
330.4140,142.3890,0.2970,1977205933200,0.5070,0.6460
329.9000,142.1700,0.3020,1977206007200,0.5070,0.6460
329.3860,142.0240,0.3060,1977206014200,0.5070,0.6460
329.0000,141.8050,0.3100,1977206016000,0.5070,0.6460
328.5290,141.5870,0.3150,1977222078900,0.5070,0.6460
328.1000,141.2580,0.3190,1977222149300,0.5070,0.6460
327.7140,140.9660,0.3220,1977222153400,0.5070,0.6460
327.3290,140.6010,0.3260,1977238448300,0.5070,0.6460
326.9860,140.2370,0.3290,1977238503400,0.5070,0.6460
326.6860,139.6890,0.3320,1977238506600,0.5070,0.6460
326.3860,139.2510,0.3350,1977238519600,0.5070,0.6460
326.1290,138.7410,0.3380,1977254664200,0.5070,0.6460
325.8290,138.1930,0.3410,1977254715500,0.5070,0.6460
325.7000,137.6820,0.3440,1977271726700,0.5070,0.6460
325.5290,137.0620,0.3460,1977271774900,0.5070,0.6460
325.4000,136.5510,0.3480,1977271776800,0.5070,0.6460
325.3140,136.0410,0.3500,1977271778000,0.5070,0.6460
325.2290,135.5660,0.3520,1977271778900,0.5070,0.6460
325.1860,135.2010,0.3540,1977287812200,0.5070,0.6460
325.1000,134.9090,0.3550,1977287872200,0.5070,0.6460
325.0140,134.6180,0.3560,1977287887000,0.5070,0.6460
324.9290,134.2890,0.3570,1977304086000,0.5070,0.6460
324.8860,133.7780,0.3590,1977304161500,0.5070,0.6460
324.8000,133.4860,0.3600,1977320388600,0.5070,0.6460
324.7140,133.1950,0.3610,1977320465600,0.5070,0.6460
324.3710,133.7780,0.3630,1977353547500,0.5070,0.6460
324.0710,134.2160,0.3640,1977353618100,0.5070,0.6460
323.8140,134.6900,0.3650,1977353624400,0.5070,0.6460
323.4710,135.1280,0.3660,1977369792200,0.5070,0.6460
323.3000,135.6390,0.3670,1977369876900,0.5070,0.6460
323.0000,136.1870,0.3680,1977386676700,0.5070,0.6460
322.7000,136.6970,0.3690,1977386857800,0.5070,0.6460
322.4860,137.2080,0.3700,1977386942100,0.5070,0.6460
322.1860,137.6820,0.3720,1977386951800,0.5070,0.6460
321.8860,138.1200,0.3730,1977386956000,0.5070,0.6460
321.5860,138.5580,0.3750,1977402766700,0.5070,0.6460
321.3710,139.0320,0.3760,1977402845500,0.5070,0.6460
320.9860,139.3970,0.3780,1977402850700,0.5070,0.6460
320.6860,139.7620,0.3800,1977419631700,0.5070,0.6460
320.3000,139.9810,0.3810,1977419717400,0.5070,0.6460
319.9140,140.3100,0.3830,1977419726600,0.5070,0.6460
319.5710,140.5280,0.3840,1977435993500,0.5070,0.6460
319.1000,140.7470,0.3860,1977436103800,0.5070,0.6460
318.6710,140.8930,0.3870,1977436110200,0.5070,0.6460
318.4140,140.9660,0.3890,1977436113000,0.5070,0.6460
318.0710,140.9660,0.3900,1977436115700,0.5070,0.6460
317.7710,140.9660,0.3910,1977452903500,0.5070,0.6460
317.2140,140.9660,0.3940,1977469052700,0.5070,0.6460
316.7000,140.9660,0.3950,1977469149500,0.5070,0.6460
316.4000,140.8930,0.3960,1977469172500,0.5070,0.6460
315.8000,140.8930,0.3960,1977486013800,0.5070,0.6460
315.4570,140.8930,0.3970,1977486113300,0.5070,0.6460
314.9000,140.9660,0.3970,1977502388400,0.5070,0.6460
314.3000,141.1850,0.3970,1977502481200,0.5070,0.6460
313.7000,141.3310,0.3960,1977502486900,0.5070,0.6460
312.8000,141.6590,0.3960,1977502489900,0.5070,0.6460
311.9860,142.0970,0.3960,1977502492600,0.5070,0.6460
311.0860,142.4620,0.3960,1977519282400,0.5070,0.6460
310.1000,142.8270,0.3960,1977519390500,0.5070,0.6460
309.2000,143.3010,0.3960,1977536384500,0.5070,0.6460
308.3860,143.7390,0.3960,1977536545000,0.5070,0.6460
307.4860,144.1040,0.3960,1977536556200,0.5070,0.6460
306.5860,144.5050,0.3960,1977536562000,0.5070,0.6460
305.9860,144.7970,0.3960,1977552539300,0.5070,0.6460
305.3860,144.9430,0.3960,1977552633100,0.5070,0.6460
304.8710,145.0890,0.3960,1977552653100,0.5070,0.6460
304.2710,145.2350,0.3970,1977552656400,0.5070,0.6460
303.8860,145.2350,0.3970,1977552659000,0.5070,0.6460
303.4570,145.1620,0.3970,1977568905200,0.5070,0.6460
302.9860,145.0890,0.3970,1977569002500,0.5070,0.6460
302.6860,144.8700,0.3980,1977585325100,0.5070,0.6460
302.2570,144.5780,0.3980,1977585437200,0.5070,0.6460
301.7860,144.1770,0.3980,1977585445600,0.5070,0.6460
301.3570,143.5200,0.3980,1977585450200,0.5070,0.6460
300.8430,142.7540,0.3970,1977602385600,0.5070,0.6460
300.3710,141.9510,0.3970,1977602492700,0.5070,0.6460
299.8570,140.9660,0.3960,1977602499300,0.5070,0.6460
299.4290,139.9810,0.3950,1977619260400,0.5070,0.6460
299.0430,138.9590,0.3930,1977619367000,0.5070,0.6460
298.5710,137.1350,0.3910,1977619375800,0.5070,0.6460
298.1430,135.4200,0.3870,1977619379600,0.5070,0.6460
297.8430,133.5590,0.3830,1977635366900,0.5070,0.6460
297.6290,131.9180,0.3800,1977635456200,0.5070,0.6460
297.3710,129.9470,0.3760,1977635461700,0.5070,0.6460
297.3290,128.2320,0.3730,1977651808800,0.5070,0.6460
297.3290,126.7360,0.3690,1977651947800,0.5070,0.6460
297.3710,125.3140,0.3660,1977651958400,0.5070,0.6460
297.5430,123.1240,0.3640,1977651963300,0.5070,0.6460
297.7570,121.1180,0.3620,1977667986800,0.5070,0.6460
297.9710,119.1840,0.3600,1977668079000,0.5070,0.6630
298.1430,117.4320,0.3580,1977668088900,0.5070,0.6810
298.3570,116.0090,0.3570,1977684275700,0.5070,0.6990
298.5290,114.7320,0.3560,1977684411100,0.5070,0.6990
298.7430,113.3820,0.3550,1977684421000,0.5070,0.6990
298.9570,112.2150,0.3540,1977701201800,0.5070,0.6990
299.1290,111.0110,0.3540,1977701271500,0.5070,0.6990
299.3430,109.8070,0.3540,1977701276500,0.5070,0.6990
299.4710,108.7490,0.3540,1977701279500,0.5070,0.6990
299.7710,107.6180,0.3550,1977717352800,0.5070,0.6990
300.0290,106.6690,0.3550,1977717548100,0.5070,0.6990
300.1570,105.6840,0.3550,1977717563400,0.5070,0.6990
300.3290,104.8450,0.3560,1977734435900,0.5070,0.6990
300.4570,104.1880,0.3560,1977734681500,0.5070,0.6990
300.5430,103.6770,0.3570,1977734773400,0.5070,0.6990
300.6290,103.1300,0.3580,1977734776600,0.5070,0.6990
300.7570,102.6190,0.3580,1977750937700,0.5070,0.6990
300.8430,102.4000,0.3580,1977751129800,0.5070,0.6990
300.8430,102.0720,0.3570,1977751143600,0.5070,0.6990
300.5430,103.1300,0.2600,1977783979900,0.5070,0.6990
299.9430,107.7640,0.8330,1977800275500,0.5070,0.6990
299.7710,109.0410,0.6940,1977817261100,0.5070,0.6990
314.6000,152.8970,0.0100,1977966497800,0.5070,0.6630
314.6000,153.1890,0.0490,1977966547100,0.5070,0.6630
314.5570,153.5540,0.0900,1977982350800,0.5070,0.6630
314.5570,153.9190,0.1270,1977998903800,0.5070,0.6630
314.6000,154.2470,0.1580,1977998962800,0.5070,0.6630
314.6000,154.6120,0.1820,1978015209300,0.5070,0.6630
314.6000,154.9040,0.1950,1978015264700,0.5070,0.6630
314.6860,155.1960,0.1930,1978031319300,0.5070,0.6630
314.3860,155.4150,1.0000,1978063502700,0.5070,0.6630
279.0290,111.2300,0.0040,1978307627200,0.5070,0.6630
278.9000,110.4640,0.0160,1978307707500,0.5070,0.6630
278.6430,109.8070,0.0310,1978323194300,0.5070,0.6630
278.5140,109.1870,0.0460,1978323245500,0.5070,0.6630
278.3430,108.6030,0.0600,1978323248600,0.5070,0.6630
278.1290,108.2380,0.0750,1978323250300,0.5070,0.6630
277.8290,107.6910,0.0880,1978339269900,0.5070,0.6630
277.7000,107.3260,0.1020,1978339357300,0.5070,0.6630
277.4430,106.8880,0.1150,1978355284500,0.5070,0.6810
277.3140,106.5960,0.1280,1978355346500,0.5070,0.6990
277.1000,106.1950,0.1400,1978355349800,0.5070,0.6990
276.9290,106.0490,0.1510,1978355358400,0.5070,0.6990
276.6290,105.8300,0.1700,1978372303600,0.5070,0.6990
276.4140,105.7570,0.1870,1978372375700,0.5070,0.6990
276.0290,106.0490,0.2010,1978389265000,0.5070,0.6990
275.9000,106.3410,0.2070,1978389348600,0.5070,0.6990
275.7290,106.8150,0.2130,1978389352400,0.5070,0.6990
275.4290,107.3990,0.2190,1978405353800,0.5070,0.6990
275.3000,108.3110,0.2240,1978405391500,0.5070,0.6990
275.0860,109.3690,0.2290,1978405393400,0.5070,0.6990
274.8290,110.3910,0.2330,1978405394500,0.5070,0.6990
274.6140,111.5950,0.2380,1978422332700,0.5070,0.6990
274.2290,113.3820,0.2420,1978422364100,0.5070,0.6990
273.8860,115.3530,0.2460,1978439305400,0.5070,0.6990
273.5000,117.2860,0.2500,1978439372100,0.5070,0.6990
273.1140,119.1840,0.2530,1978439375100,0.5070,0.6990
272.7290,121.1180,0.2570,1978439376800,0.5070,0.6990
272.3860,122.9780,0.2610,1978439378300,0.5070,0.6990
272.0860,124.8760,0.2640,1978455365300,0.5070,0.6990
271.6140,126.7360,0.2690,1978455402900,0.5070,0.6990
271.4000,128.1590,0.2730,1978471446400,0.5070,0.6990
271.1000,129.3640,0.2780,1978471490400,0.5070,0.6990
270.8860,130.4950,0.2830,1978471493500,0.5070,0.6990
270.5000,131.5160,0.2870,1978471495100,0.5070,0.6990
270.1140,132.5740,0.2920,1978487854300,0.5070,0.6990
269.6860,133.6320,0.2960,1978487909200,0.5070,0.6990
268.9140,135.1280,0.3000,1978487912300,0.5070,0.6990
268.0140,136.4050,0.3040,1978487914000,0.5070,0.6990
267.0710,137.6090,0.3090,1978487915500,0.5070,0.6990
265.9140,138.7410,0.3140,1978503976900,0.5070,0.6990
265.0140,139.5430,0.3170,1978504010400,0.5070,0.6990
264.0710,140.2370,0.3210,1978520956200,0.5070,0.6990
263.2140,140.7470,0.3240,1978521028800,0.5070,0.6990
262.2710,141.1120,0.3270,1978521032300,0.5070,0.6990
261.3710,141.4770,0.3300,1978521033900,0.5070,0.6990
260.4710,141.6590,0.3330,1978536953200,0.5070,0.6990
259.5710,141.8050,0.3350,1978536994300,0.5070,0.6990
258.7570,141.7320,0.3370,1978536996900,0.5070,0.6990
258.1570,141.6590,0.3390,1978553945700,0.5070,0.6990
257.1710,141.3310,0.3410,1978553979400,0.5070,0.6990
256.2710,140.8930,0.3430,1978553982400,0.5070,0.6990
255.3710,140.3820,0.3440,1978553985000,0.5070,0.6990
254.1710,139.3970,0.3460,1978570921600,0.5070,0.6990
253.1000,138.2660,0.3470,1978570971200,0.5070,0.6990
252.2430,137.2080,0.3480,1978570986000,0.5070,0.6990
251.4710,136.3320,0.3490,1978587066600,0.5070,0.6990
250.9570,135.4200,0.3500,1978587124300,0.5070,0.6990
250.4430,134.6180,0.3510,1978587129100,0.5070,0.6990
249.8860,133.7780,0.3510,1978587132300,0.5070,0.6990
249.4570,133.0120,0.3520,1978603137900,0.5070,0.6990
248.9860,132.2820,0.3520,1978603176700,0.5070,0.6990
248.6430,131.6620,0.3520,1978603180000,0.5070,0.6990
248.3430,131.1510,0.3530,1978619410800,0.5070,0.6990
248.0430,130.7140,0.3530,1978619468300,0.5070,0.6990
247.7860,130.3490,0.3520,1978619470400,0.5070,0.6990
247.6570,129.9470,0.3520,1978636359400,0.5070,0.6990
247.4860,129.7280,0.3510,1978636412700,0.5070,0.6990
247.3570,129.4370,0.3500,1978636414900,0.5070,0.6990
247.3570,129.1450,0.3490,1978652506500,0.5070,0.6990
247.8710,129.6550,0.3500,1978668498500,0.5070,0.6990
248.2570,130.1660,0.3500,1978668529500,0.5070,0.6990
248.5570,131.0050,0.3500,1978684525700,0.5070,0.6990
248.7710,131.9180,0.3510,1978684636500,0.5070,0.6990
248.9860,132.8660,0.3510,1978684645400,0.5070,0.6990
249.1570,133.7780,0.3520,1978700587100,0.5070,0.6990
249.2860,134.6900,0.3530,1978700677900,0.5070,0.6990
249.3710,135.4930,0.3540,1978700685900,0.5070,0.6990
249.3710,136.1870,0.3550,1978716650000,0.5070,0.6990
249.2860,136.8430,0.3570,1978716724400,0.5070,0.6990
249.0710,137.5360,0.3590,1978716729200,0.5070,0.6990
248.9430,138.4120,0.3620,1978716742000,0.5070,0.6990
248.6430,139.3240,0.3640,1978716765800,0.5070,0.6990
248.2570,140.1640,0.3670,1978732739100,0.5070,0.6990
247.7860,140.8930,0.3690,1978732851800,0.5070,0.6990
247.3570,141.6590,0.3720,1978749641400,0.5070,0.6990
246.6710,142.1700,0.3740,1978749749100,0.5070,0.6990
246.0710,142.9370,0.3770,1978749758000,0.5070,0.6990
245.3860,143.3740,0.3790,1978749763700,0.5070,0.6990
244.7430,143.8850,0.3800,1978765932600,0.5070,0.6990
243.9710,144.3590,0.3800,1978766030100,0.5070,0.6990
243.2430,144.6510,0.3760,1978766036700,0.5070,0.6990
242.6430,144.8700,0.3700,1978782781300,0.5070,0.6990
241.8710,145.0160,0.3590,1978782905900,0.5070,0.6990
241.3570,145.2350,0.3440,1978782917800,0.5070,0.6990
240.6710,145.3810,0.3240,1978782923500,0.5070,0.6990
240.0710,145.5270,0.2700,1978799202900,0.5070,0.6990
239.4710,145.6730,0.2250,1978799298000,0.5070,0.6990
237.0290,146.1470,1.0000,1978816137800,0.5250,0.6990
236.3430,146.1470,1.0000,1978833082400,0.5250,0.6990
235.6570,146.0740,1.0000,1978833136100,0.5250,0.6990
235.0570,145.9280,1.0000,1978833139500,0.5250,0.6990
234.4140,145.7820,1.0000,1978833141200,0.5250,0.6990
233.8140,145.5270,0.8330,1978833146900,0.5250,0.6990
228.1570,136.6970,0.5350,1978915712100,0.5250,0.6990
227.8140,135.5660,0.3070,1978915760200,0.5250,0.6990
227.3000,133.9970,0.2060,1978915772800,0.5250,0.6990
226.6140,132.5010,0.1670,1978915775200,0.5250,0.6990
225.9290,131.2240,0.1420,1978931480200,0.5250,0.6990
225.2000,130.3490,0.1480,1978931515600,0.5250,0.6990
224.6000,129.5820,0.1550,1978947556800,0.5250,0.6990
223.8290,128.9260,0.1610,1978947596000,0.5250,0.6990
223.1000,128.3780,0.1670,1978947600000,0.5250,0.6990
222.2000,127.9410,0.1730,1978963746900,0.5250,0.6990
221.3000,127.5760,0.1770,1978963789400,0.5250,0.6990
220.3140,127.3200,0.1820,1978963791500,0.5250,0.6990
219.5000,127.1010,0.1880,1978979753500,0.5250,0.6990
218.6860,126.9550,0.1930,1978979803100,0.5250,0.6990
217.9140,126.8090,0.2000,1978979806800,0.5250,0.6990
217.2290,126.5910,0.2060,1978979808800,0.5250,0.6990
216.6290,126.5910,0.2130,1978979810800,0.5250,0.6990
216.1140,126.5910,0.2200,1978996356800,0.5250,0.6990
215.5140,126.5910,0.2260,1978996417800,0.5250,0.6990
215.1290,126.5910,0.2320,1979013355000,0.5250,0.6990
214.7000,126.7360,0.2370,1979013451900,0.5250,0.6990
214.2290,126.9550,0.2420,1979013457400,0.5250,0.6990
213.8860,127.2470,0.2460,1979013460300,0.5250,0.6990
213.5860,127.6490,0.2510,1979030284100,0.5250,0.6990
213.2000,128.0860,0.2550,1979030412200,0.5250,0.6990
213.0290,128.6700,0.2580,1979030422400,0.5250,0.6990
212.9000,129.2910,0.2610,1979047238100,0.5250,0.6990
212.8140,129.9470,0.2640,1979047317900,0.5250,0.6990
212.8140,130.7140,0.2670,1979047327200,0.5250,0.6990
212.9000,131.7720,0.2690,1979047332900,0.5250,0.6990
212.9860,132.7930,0.2720,1979064230400,0.5250,0.6990
213.1140,133.7780,0.2730,1979064997200,0.5250,0.6990
213.4140,134.9820,0.2750,1979065093600,0.5250,0.6990
213.7140,136.1140,0.2770,1979065107000,0.5440,0.6990
214.1000,137.1350,0.2790,1979082179800,0.5440,0.6990
214.4860,138.2660,0.2800,1979082268300,0.5440,0.6990
214.9140,139.3240,0.2810,1979099188800,0.5440,0.6990
215.3000,140.3100,0.2830,1979099259900,0.5440,0.6990
215.6000,141.2580,0.2840,1979099264300,0.5440,0.6990
215.9860,142.0970,0.2850,1979099267200,0.5440,0.6990
216.2860,143.0090,0.2870,1979099269600,0.5440,0.6990
216.5000,143.5930,0.2880,1979116172100,0.5440,0.6990
216.5860,144.1770,0.2910,1979116235900,0.5440,0.6990
216.5860,144.7240,0.2950,1979116244200,0.5440,0.6990
216.4140,145.1620,0.2980,1979133141300,0.5440,0.6990
216.1140,145.6000,0.3020,1979133193200,0.5440,0.6990
215.5140,146.2200,0.3050,1979133196400,0.5440,0.6990
214.7860,146.7310,0.3090,1979133198300,0.5440,0.6990
213.8000,147.2050,0.3120,1979150118700,0.5440,0.6990
212.1290,147.7890,0.3150,1979150158800,0.5440,0.6990
210.3710,148.2270,0.3180,1979150162300,0.5440,0.6990
208.3140,148.6280,0.3210,1979150164500,0.5440,0.6990
206.6860,148.7740,0.3230,1979150166300,0.5440,0.6990
205.1000,148.7740,0.3260,1979167124400,0.5440,0.6990
203.6000,148.7740,0.3280,1979167181200,0.5590,0.6980
201.7570,148.5550,0.3300,1979184109200,0.5590,0.6980
199.9570,148.2270,0.3320,1979184153700,0.5590,0.6980
198.2000,147.7160,0.3330,1979184157300,0.5590,0.6980
196.8710,146.8770,0.3340,1979184159400,0.5590,0.6980
195.8000,146.1470,0.3350,1979201103500,0.5590,0.6980
195.1570,145.3810,0.3310,1979201147600,0.5590,0.6980
194.6860,144.5050,0.3260,1979201153400,0.5590,0.6980
194.4710,143.5200,0.3180,1979218108500,0.5590,0.6980
194.4710,142.3890,0.3070,1979218158100,0.5590,0.6980
194.9430,140.7470,0.2920,1979218176400,0.5590,0.6980
195.6710,138.8860,0.2630,1979218178300,0.5590,0.6980
196.7860,137.2080,0.2190,1979218180100,0.5590,0.6980
204.3710,128.3780,1.0000,1979237151400,0.5590,0.6980
-65.5000,87.3310,0.0090,1980495802800,0.5080,0.6290
-65.9710,87.4770,0.0470,1980495851800,0.5080,0.6290
-66.1860,87.6230,0.0680,1980511476900,0.5080,0.6290
-66.4860,87.8420,0.0990,1980527838100,0.5080,0.6290
-66.5710,88.1340,0.0900,1980527888600,0.5080,0.6290
-65.5860,87.7690,0.8330,1980544740200,0.5080,0.6290
